"" "V1" "V2" "V3" "V4" "V5" "V6" "V7" "V8" "V9" "V10" "V11" "V12" "V13" "V14" "V15" "V16" "V17" "V18" "V19" "V21" "V22" "V23" "V24" "V25" "V26" "V27" "V28" "V29" "V30" "V31" "V32" "V33" "V34" "V35" "V36" "V37" "V38" "V39"
"V1" 0.00592458189206339 0.00347565234779875 0.00347880924334756 0.00289395912344946 0.00236695680993301 0.00190352867393372 0.00263323589771789 0.00259881828332499 0.00244380266289603 0.00181264921297595 0.00182787763597283 0.00295691736698663 0.00122194715818526 0.000530537397423369 0.00227117338875902 0.000805072554098577 0.00173632861720959 0.00333060864029517 0.00296072478965306 0.00117821436852918 0.00302675273627866 0.00262957560781851 0.0036179696728611 0.00293889653456407 0.00421228205964865 0.00241057846494533 0.00287525625857527 0.00227406167295446 0.00193886477873823 0.00104554337125936 0.00332755240014407 0.00265572654697727 0.000933693011232409 0.00144672278380897 0.00184391993027696 0.00240651270355585 0.00204658981897966 -0.000421801857014827
"V2" 0.00347565234779875 0.00886242240948456 0.00465055739096032 0.00519674418513994 0.00414869415586336 0.00213599215950317 0.000816028147864068 0.00184249592863689 0.00273294820630743 0.0015293894161743 0.00223345521551221 0.00247254186174331 0.00089248162660253 0.000314809523587945 0.0033010238899987 0.00161282224048905 0.00264367058182685 0.00413571662032666 0.00519377655684053 0.00260684510779432 0.00433526310981875 0.00359026574577714 0.0054247682627104 0.0030656165157671 0.00505989899041032 0.00357241042881147 0.00452353221574227 0.00300453522668027 0.00144872353778394 0.00132221933980146 0.00573582048628289 0.00523550322126928 0.000467155228159636 0.00227026852061098 0.000227559270613495 0.00269718992880136 0.00148169633462496 -0.00163979063269065
"V3" 0.00347880924334756 0.00465055739096032 0.00534219369401143 0.0048108150089459 0.00397913970190518 0.00243690238148883 0.00304226632558385 0.0031266342954654 0.00320348991008079 0.0018421285404497 0.00207016589339024 0.00340870511544406 0.00110946340088734 0.000507012726141074 0.0045712891503749 0.00127111375116842 0.00226015978022364 0.00407520622406447 0.00469081401672776 0.00153444262104614 0.004138106036492 0.00381531313432082 0.0050795546208361 0.0037486357502633 0.00555550669372583 0.00322198173294737 0.00334378515902832 0.00256508319543697 0.00177333688119083 0.0014511551528389 0.00523624857737658 0.0046052052627668 0.000525277282326337 0.00234938622967806 0.00101309185605216 0.00274758640079284 0.00234792311414119 -0.00153220382915288
"V4" 0.00289395912344946 0.00519674418513994 0.0048108150089459 0.00707089652955882 0.00483020523180985 0.00254352953742642 0.00393777072534687 0.00497203235931247 0.00380676389544702 0.00166492466547664 0.00260564666416748 0.00325813997983207 0.00136659284172031 0.000630090989510929 0.00435308714185204 0.00144140745714823 0.00317511043152804 0.0050036268752365 0.00557473987971735 -0.000126302546590809 0.00401026126074377 0.00368806002492381 0.00586323182778055 0.00417093525251955 0.00496684027565816 0.00334674556573907 0.00535131718153254 0.0040206797009662 0.00183828685740189 0.00207406737207587 0.00640120806238697 0.00569240153042837 0.000464877760995041 0.00393096051627143 0.000888739439781565 0.00359810185915522 0.00252590543929637 -0.00194164128403748
"V5" 0.00236695680993301 0.00414869415586336 0.00397913970190518 0.00483020523180985 0.00484522381139793 0.00240984928787316 0.0023711727405009 0.00276178685867168 0.00356692266875326 0.00222449502553938 0.00200421709447669 0.00276110676611022 0.00143556844092167 0.000657815291297347 0.00511924456430861 0.00121689011665013 0.00240779347474062 0.00408030338383274 0.00413009367685551 0.00144958601959125 0.00376433658082383 0.00454076017609151 0.00518982869921219 0.00112340650860651 0.00409522695340886 0.00265319009606099 0.00456713327440153 0.00291373847782628 0.00185308672940093 0.00147593529466436 0.00556226559545117 0.00355695682675286 0.000583548022341836 0.00182362378842776 0.00168930727025961 0.00280505598675393 0.00258359457758859 -0.00186961961481412
"V6" 0.00190352867393372 0.00213599215950317 0.00243690238148883 0.00254352953742642 0.00240984928787316 0.00241188677670044 0.0019455394736524 0.0018211062761331 0.00193692057123246 0.0012063807230763 0.00109083823180306 0.00187806648698825 0.000645006306813733 0.000460490690456202 0.0023620855036156 0.000835836177309338 0.00155228276805103 0.00254313390145057 0.00274631493502861 0.00126903549699997 0.00235455496162911 0.00210427937598941 0.002772975078001 0.0016766627282593 0.00276273067968336 0.00217576726764483 0.00274870482185474 0.00189162173045681 0.000745017538672249 0.000792693145237344 0.0033949775755394 0.00210509884783664 0.000442898199812838 0.00108579479866097 0.0012095241599815 0.00167356920335259 0.00140651041066345 -0.000776714608667933
"V7" 0.00263323589771789 0.000816028147864068 0.00304226632558385 0.00393777072534687 0.0023711727405009 0.0019455394736524 0.0084221318743336 0.00429480209467859 0.00280881325697997 9.73962320792555e-05 0.00105740212121968 0.00284821729549069 0.00112319309743819 0.000115293072979717 0.00282273758584811 0.000490429986196191 0.00193307296687463 0.00316291523154599 0.00179310309655271 0.000587041108462171 0.00209053992749841 0.00196171604947515 0.00320099169559337 0.00365962514057413 0.00260950440331028 0.00187477121200357 0.00324712006549838 0.00271004220421709 0.00204222206730697 0.00167633392186296 0.00360508274312585 0.00234643295387695 0.00020277922285156 0.00266260720148803 -0.000252738124707398 0.00252119792139071 0.00188954250650064 -0.000512321066898528
"V8" 0.00259881828332499 0.00184249592863689 0.0031266342954654 0.00497203235931247 0.00276178685867168 0.0018211062761331 0.00429480209467859 0.00569246275652531 0.00299493606084365 0.000587045660362232 0.00221902149819221 0.00257299376992285 0.000730994582069569 0.000287629140778552 0.00102004549581375 0.00114142185005653 0.00251697753320918 0.00376763869152847 0.00394375243650315 -0.00139906095305938 0.00191810088855972 0.00126540465445228 0.00319592385868544 0.00415539194146516 0.00300632777484062 0.00197879446968851 0.0033184209495178 0.00326217612019407 0.00137372718461769 0.00164068455312823 0.0036620348144982 0.00400069750512492 0.000267160351497503 0.00360837283855392 0.000468451456564718 0.00292651052469777 0.00169275378457059 -0.000853980119963997
"V9" 0.00244380266289603 0.00273294820630743 0.00320348991008079 0.00380676389544702 0.00356692266875326 0.00193692057123246 0.00280881325697997 0.00299493606084365 0.00324108928679635 0.00169247158323841 0.00173491955393149 0.00234922112919679 0.00107568242558193 0.000483426616452605 0.00377330949742744 0.00101777014197952 0.00203673143424686 0.00351803736564356 0.00380603727751516 0.000818701908178577 0.00302236825237602 0.00377672526752879 0.00409417180393739 0.00182265022570878 0.00364492062729485 0.00235754199877742 0.00351408564233189 0.00251833598702481 0.00153760495114954 0.00118920536212533 0.00444627367482965 0.00339613949794385 0.000478090973169294 0.00175352573955064 0.00141954264539877 0.00244875777211194 0.00206117177991024 -0.00122519982860928
"V10" 0.00181264921297595 0.0015293894161743 0.0018421285404497 0.00166492466547664 0.00222449502553938 0.0012063807230763 9.73962320792555e-05 0.000587045660362232 0.00169247158323841 0.00443028850281945 0.00121378557508216 0.00180060657962003 0.00242406631295112 0.00142372684173606 0.00450513047780835 0.000190011907740254 0.000761570014847739 0.00220067693468915 0.00191960239154276 0.00114861569569472 0.00212241692858555 0.00300855519031038 0.00263019427447429 -0.000238257441208925 0.00317080455893897 0.00187565127865431 0.00229796568061229 0.00116301849596625 0.00133272005995814 0.000408071536634412 0.00371499186964903 0.00148335632796601 0.000682675019812845 -0.00187592052215837 0.0024728565895115 0.00141644372886515 0.00173549703620104 -0.000573394191749396
"V11" 0.00182787763597283 0.00223345521551221 0.00207016589339024 0.00260564666416748 0.00200421709447669 0.00109083823180306 0.00105740212121968 0.00221902149819221 0.00173491955393149 0.00121378557508216 0.00229739944690619 0.00164635063029445 0.000495922752109086 0.000237581797054252 0.00168986805708409 0.00057204203340711 0.00118295687338429 0.00205816045454023 0.00304342644890753 0.000587667985754604 0.00183508746149143 0.00167759600947116 0.00259774887656758 0.00254064789338575 0.0028822250853432 0.00164577903220213 0.00225095079205341 0.00159069460221499 0.00075872701343718 0.000629413998214671 0.00249755050957172 0.00316573589108346 0.000328933073543071 0.000734187803202306 0.000602090350667107 0.00139911548926813 0.00119044754527219 -0.000952461879347688
"V12" 0.00295691736698663 0.00247254186174331 0.00340870511544406 0.00325813997983207 0.00276110676611022 0.00187806648698825 0.00284821729549069 0.00257299376992285 0.00234922112919679 0.00180060657962003 0.00164635063029445 0.00435128612337381 0.0012847395320602 0.000896727690565437 0.00427550526401097 0.000885256533952112 0.00172801864090136 0.00323749508582648 0.00239838262440218 0.000901827045126319 0.00366263735131053 0.00248930832359873 0.00433838250305268 0.00244739487448973 0.0036870400600938 0.00200095551430565 0.00253603536524132 0.00222160562409688 0.00247054046421421 0.001192190744157 0.00340381117758692 0.00151131811906998 0.000527484789779029 0.001241374657174 0.00184161435121071 0.00205614949376838 0.00220960971313511 -0.00137975622060798
"V13" 0.00122194715818526 0.00089248162660253 0.00110946340088734 0.00136659284172031 0.00143556844092167 0.000645006306813733 0.00112319309743819 0.000730994582069569 0.00107568242558193 0.00242406631295112 0.000495922752109086 0.0012847395320602 0.00367748605123377 0.00119593142093727 0.00239761968813631 -8.18268611676477e-05 0.000778330654592805 0.00199263172530568 -0.000949580634903838 -0.000353571054056501 0.000848663200294809 0.00152530566010769 0.00178685445673423 -0.000875991781250596 -0.000143442762427292 0.000799006085376006 0.00109129123644329 0.000627398657279622 0.00158794046494131 0.000656412309089592 0.00205968054145598 -0.000502620593727104 0.000808158202919149 -0.000657384649955877 0.00123823199749398 0.0019246246473305 0.00143574303932274 0.000719060649862384
"V14" 0.000530537397423369 0.000314809523587945 0.000507012726141074 0.000630090989510929 0.000657815291297347 0.000460490690456202 0.000115293072979717 0.000287629140778552 0.000483426616452605 0.00142372684173606 0.000237581797054252 0.000896727690565437 0.00119593142093727 0.00146986463378559 0.00219699698754808 0.00074877745801599 0.000642105279997456 0.00105189119973071 0.000737433893621947 2.01856170381615e-05 0.00109953900929746 0.000750653645503744 0.00134988873228329 0.000112124304921467 0.00129539340350033 0.00084823684547946 0.00114327004592785 0.000449706281628355 0.000780963063162549 0.000628194534142814 0.00150012151277206 0.000314972901233067 0.000765324580170243 -2.70826311485231e-05 0.00153137997885421 0.000610414059736928 0.000907772960840664 0.000384996710746953
"V15" 0.00227117338875902 0.0033010238899987 0.0045712891503749 0.00435308714185204 0.00511924456430861 0.0023620855036156 0.00282273758584811 0.00102004549581375 0.00377330949742744 0.00450513047780835 0.00168986805708409 0.00427550526401097 0.00239761968813631 0.00219699698754808 0.0232970293521015 -0.00278652006402392 0.00046617517965336 0.00242826869567561 0.00210420792416398 0.00144517154250257 0.0062457368922702 0.00744980177530063 0.00832743296220064 0.00178317774430714 0.006084320225486 0.00264431994700545 0.00641964208853743 0.0035438669657683 0.00162355066916917 0.0010886195007618 0.00893203447922929 0.00261916044953215 0.00109294986164455 0.000527771281562864 0.00468576700692649 0.00160514729243823 0.00311241639949546 -0.00280155260982727
"V16" 0.000805072554098577 0.00161282224048905 0.00127111375116842 0.00144140745714823 0.00121689011665013 0.000835836177309338 0.000490429986196191 0.00114142185005653 0.00101777014197952 0.000190011907740254 0.00057204203340711 0.000885256533952112 -8.18268611676477e-05 0.00074877745801599 -0.00278652006402392 0.00495499112017905 0.00286685014771839 0.00344185062790463 0.00455699697754859 0.000280589978809147 0.00186881984564923 0.000572595513975031 0.00191468894855149 0.00233003907937086 0.00320969252414039 0.00247795096406867 0.00238810954203177 0.000494147082656954 0.000713196732911278 0.00123693452435374 0.00191858324514446 0.00320478963390609 0.00076242430989194 0.00147800809610618 -3.89257691434314e-05 0.00163678540454084 0.00131422754647108 2.30187012656981e-05
"V17" 0.00173632861720959 0.00264367058182685 0.00226015978022364 0.00317511043152804 0.00240779347474062 0.00155228276805103 0.00193307296687463 0.00251697753320918 0.00203673143424686 0.000761570014847739 0.00118295687338429 0.00172801864090136 0.000778330654592805 0.000642105279997456 0.00046617517965336 0.00286685014771839 0.00328188842823435 0.0041245709610847 0.00431153557739306 4.18215105890726e-05 0.00257590153542147 0.00154074583953732 0.00363648720916239 0.00322566769174251 0.00299305008422529 0.00266715572406534 0.00338732988909064 0.00325827755930379 0.00115531141782569 0.00177563352363284 0.00345276423873756 0.0033934739034673 0.000775962209238209 0.0021545474167386 0.000977848866375884 0.00253227292098168 0.00177620628047881 -0.000766462559572471
"V18" 0.00333060864029517 0.00413571662032666 0.00407520622406447 0.0050036268752365 0.00408030338383274 0.00254313390145057 0.00316291523154599 0.00376763869152847 0.00351803736564356 0.00220067693468915 0.00205816045454023 0.00323749508582648 0.00199263172530568 0.00105189119973071 0.00242826869567561 0.00344185062790463 0.0041245709610847 0.00688601732776872 0.0064092800651515 0.000352136458335136 0.00454001039229826 0.00361388293469043 0.00590611456151094 0.00446016862650203 0.00529621247555346 0.00429240758609708 0.0050085754845378 0.00376512393494332 0.00241611980703838 0.00211675482772632 0.00600374725333422 0.00516394729712383 0.00121141035441738 0.00274031498511251 0.00202360630159192 0.00436975260003215 0.00308778915092567 -0.00126101016002305
"V19" 0.00296072478965306 0.00519377655684053 0.00469081401672776 0.00557473987971735 0.00413009367685551 0.00274631493502861 0.00179310309655271 0.00394375243650315 0.00380603727751516 0.00191960239154276 0.00304342644890753 0.00239838262440218 -0.000949580634903838 0.000737433893621947 0.00210420792416398 0.00455699697754859 0.00431153557739306 0.0064092800651515 0.0135235939175589 0.00102005022187786 0.0055581352690675 0.00471347555119041 0.00659634498796384 0.00789152991854666 0.0107471684730405 0.00633108488391334 0.00604180116515093 0.0038743583955715 0.0016409522609812 0.00207730380974439 0.00758397697808698 0.0128088375049133 0.00137227135890432 0.0035130645617318 0.00135218832319043 0.00327954358863712 0.00275950542050224 -0.00231508218357314
"V21" 0.00117821436852918 0.00260684510779432 0.00153444262104614 -0.000126302546590809 0.00144958601959125 0.00126903549699997 0.000587041108462171 -0.00139906095305938 0.000818701908178577 0.00114861569569472 0.000587667985754604 0.000901827045126319 -0.000353571054056501 2.01856170381615e-05 0.00144517154250257 0.000280589978809147 4.18215105890726e-05 0.000352136458335136 0.00102005022187786 0.00655270373061363 0.00252114556361162 0.00172237956539081 0.00196522154558706 -0.000456943254424281 0.00220058188611625 0.000968086717991167 0.00133700678864293 0.000124141980841472 0.000478178572897469 -0.000298731228000437 0.0020867098292522 0.000223278841796413 0.000273022975744104 -0.00118153789180475 0.000851252405622067 -0.000196683255829121 0.000805409659496166 -0.000801519804834228
"V22" 0.00302675273627866 0.00433526310981875 0.004138106036492 0.00401026126074377 0.00376433658082383 0.00235455496162911 0.00209053992749841 0.00191810088855972 0.00302236825237602 0.00212241692858555 0.00183508746149143 0.00366263735131053 0.000848663200294809 0.00109953900929746 0.0062457368922702 0.00186881984564923 0.00257590153542147 0.00454001039229826 0.0055581352690675 0.00252114556361162 0.00626821721146937 0.00437887557231003 0.00688264490425239 0.00395691478395493 0.00624176205696692 0.00422043134430839 0.00427071689550789 0.00298419988518166 0.00236062678857256 0.0014615430024695 0.00557608977705981 0.0039893978097619 0.0010670061715829 0.00187756892405318 0.00234198423359069 0.00243341575943328 0.00265936816623314 -0.00204727689769668
"V23" 0.00262957560781851 0.00359026574577714 0.00381531313432082 0.00368806002492381 0.00454076017609151 0.00210427937598941 0.00196171604947515 0.00126540465445228 0.00377672526752879 0.00300855519031038 0.00167759600947116 0.00248930832359873 0.00152530566010769 0.000750653645503744 0.00744980177530063 0.000572595513975031 0.00154074583953732 0.00361388293469043 0.00471347555119041 0.00172237956539081 0.00437887557231003 0.00700068739645345 0.00522513382812052 0.00127677310494339 0.00545879994234997 0.00317878361238739 0.00387416907663902 0.00196896927669204 0.00206313091132884 0.000865413210814483 0.00550579166400872 0.0042397142100297 0.000637417843647378 0.000395059492404909 0.00247416644485112 0.00235878536341232 0.00257646040966835 -0.00186953893054654
"V24" 0.0036179696728611 0.0054247682627104 0.0050795546208361 0.00586323182778055 0.00518982869921219 0.002772975078001 0.00320099169559337 0.00319592385868544 0.00409417180393739 0.00263019427447429 0.00259774887656758 0.00433838250305268 0.00178685445673423 0.00134988873228329 0.00832743296220064 0.00191468894855149 0.00363648720916239 0.00590611456151094 0.00659634498796384 0.00196522154558706 0.00688264490425239 0.00522513382812052 0.0102481463430694 0.00426791722448206 0.00695801229265105 0.00443709688999676 0.00595983611835362 0.00479265162506416 0.00359419273277591 0.00239419613433101 0.00789973421832671 0.00553140777511 0.00183480674040144 0.00292113415494079 0.00279776923337222 0.00356782760513754 0.00335103575038629 -0.00268264740148473
"V25" 0.00293889653456407 0.0030656165157671 0.0037486357502633 0.00417093525251955 0.00112340650860651 0.0016766627282593 0.00365962514057413 0.00415539194146516 0.00182265022570878 -0.000238257441208925 0.00254064789338575 0.00244739487448973 -0.000875991781250596 0.000112124304921467 0.00178317774430714 0.00233003907937086 0.00322566769174251 0.00446016862650203 0.00789152991854666 -0.000456943254424281 0.00395691478395493 0.00127677310494339 0.00426791722448206 0.0164445260663593 0.00692929791297596 0.00454188480034002 0.0033566593305124 0.00431991542209999 6.92520168747357e-05 0.0018998113920482 0.00135364504634318 0.00739564855628333 0.000685218715070865 0.00393854635904905 -0.000184890589570392 0.00247819224406727 0.0011924748227746 -0.00104046681709922
"V26" 0.00421228205964865 0.00505989899041032 0.00555550669372583 0.00496684027565816 0.00409522695340886 0.00276273067968336 0.00260950440331028 0.00300632777484062 0.00364492062729485 0.00317080455893897 0.0028822250853432 0.0036870400600938 -0.000143442762427292 0.00129539340350033 0.006084320225486 0.00320969252414039 0.00299305008422529 0.00529621247555346 0.0107471684730405 0.00220058188611625 0.00624176205696692 0.00545879994234997 0.00695801229265105 0.00692929791297596 0.0136963801199783 0.00618332907506041 0.00535541812014247 0.00287207435946496 0.00202136020294912 0.0015859589917167 0.00783608533720094 0.0106326205467002 0.00136342171425202 0.0016882644246021 0.00202800626204457 0.00247824809258856 0.00367425828851988 -0.00187119748357742
"V27" 0.00241057846494533 0.00357241042881147 0.00322198173294737 0.00334674556573907 0.00265319009606099 0.00217576726764483 0.00187477121200357 0.00197879446968851 0.00235754199877742 0.00187565127865431 0.00164577903220213 0.00200095551430565 0.000799006085376006 0.00084823684547946 0.00264431994700545 0.00247795096406867 0.00266715572406534 0.00429240758609708 0.00633108488391334 0.000968086717991167 0.00422043134430839 0.00317878361238739 0.00443709688999676 0.00454188480034002 0.00618332907506041 0.00580581016025049 0.0038364527494842 0.00244768876642841 0.0016311930501926 0.00132837418733507 0.00491564491288901 0.0055382735858499 0.00124778389026879 0.00119507737437736 0.00109909083556985 0.00227565568286398 0.00199303655230848 -0.000821190234535132
"V28" 0.00287525625857527 0.00452353221574227 0.00334378515902832 0.00535131718153254 0.00456713327440153 0.00274870482185474 0.00324712006549838 0.0033184209495178 0.00351408564233189 0.00229796568061229 0.00225095079205341 0.00253603536524132 0.00109129123644329 0.00114327004592785 0.00641964208853743 0.00238810954203177 0.00338732988909064 0.0050085754845378 0.00604180116515093 0.00133700678864293 0.00427071689550789 0.00387416907663902 0.00595983611835362 0.0033566593305124 0.00535541812014247 0.0038364527494842 0.0081212304639759 0.00370264936281868 0.00130545874975256 0.00190515312312917 0.00787510299873696 0.00584464045145213 0.00103193308031478 0.00257461890630962 0.00206521484205659 0.00316955777422161 0.00256211614964913 -0.00204077577861739
"V29" 0.00227406167295446 0.00300453522668027 0.00256508319543697 0.0040206797009662 0.00291373847782628 0.00189162173045681 0.00271004220421709 0.00326217612019407 0.00251833598702481 0.00116301849596625 0.00159069460221499 0.00222160562409688 0.000627398657279622 0.000449706281628355 0.0035438669657683 0.000494147082656954 0.00325827755930379 0.00376512393494332 0.0038743583955715 0.000124141980841472 0.00298419988518166 0.00196896927669204 0.00479265162506416 0.00431991542209999 0.00287207435946496 0.00244768876642841 0.00370264936281868 0.00629328186468179 0.00144372339261226 0.00213747178284441 0.00409557499577205 0.00306984389974861 0.00065874031726063 0.00215431245208097 0.00209756298110228 0.00241549578113914 0.00182066607899565 -0.00173146024632835
"V30" 0.00193886477873823 0.00144872353778394 0.00177333688119083 0.00183828685740189 0.00185308672940093 0.000745017538672249 0.00204222206730697 0.00137372718461769 0.00153760495114954 0.00133272005995814 0.00075872701343718 0.00247054046421421 0.00158794046494131 0.000780963063162549 0.00162355066916917 0.000713196732911278 0.00115531141782569 0.00241611980703838 0.0016409522609812 0.000478178572897469 0.00236062678857256 0.00206313091132884 0.00359419273277591 6.92520168747357e-05 0.00202136020294912 0.0016311930501926 0.00130545874975256 0.00144372339261226 0.00713997744931359 0.00158096727836171 0.00232336620471985 0.000893979114162433 0.00175195874219655 0.000891255828561665 0.00206710595594621 0.00175518940473168 0.00170912613397844 -0.000922515744323384
"V31" 0.00104554337125936 0.00132221933980146 0.0014511551528389 0.00207406737207587 0.00147593529466436 0.000792693145237344 0.00167633392186296 0.00164068455312823 0.00118920536212533 0.000408071536634412 0.000629413998214671 0.001192190744157 0.000656412309089592 0.000628194534142814 0.0010886195007618 0.00123693452435374 0.00177563352363284 0.00211675482772632 0.00207730380974439 -0.000298731228000437 0.0014615430024695 0.000865413210814483 0.00239419613433101 0.0018998113920482 0.0015859589917167 0.00132837418733507 0.00190515312312917 0.00213747178284441 0.00158096727836171 0.00190992263227559 0.00177634552509982 0.00184700017237021 0.000682330357142428 0.00164546109763358 0.000728031859311812 0.0015005857207166 0.00138573718054743 -0.000453169006050584
"V32" 0.00332755240014407 0.00573582048628289 0.00523624857737658 0.00640120806238697 0.00556226559545117 0.0033949775755394 0.00360508274312585 0.0036620348144982 0.00444627367482965 0.00371499186964903 0.00249755050957172 0.00340381117758692 0.00205968054145598 0.00150012151277206 0.00893203447922929 0.00191858324514446 0.00345276423873756 0.00600374725333422 0.00758397697808698 0.0020867098292522 0.00557608977705981 0.00550579166400872 0.00789973421832671 0.00135364504634318 0.00783608533720094 0.00491564491288901 0.00787510299873696 0.00409557499577205 0.00232336620471985 0.00177634552509982 0.0117577800695533 0.00824126671077002 0.00132767981875556 0.00251597403331231 0.00259326666547097 0.00372620447911005 0.00324977616315761 -0.00210538961632518
"V33" 0.00265572654697727 0.00523550322126928 0.0046052052627668 0.00569240153042837 0.00355695682675286 0.00210509884783664 0.00234643295387695 0.00400069750512492 0.00339613949794385 0.00148335632796601 0.00316573589108346 0.00151131811906998 -0.000502620593727104 0.000314972901233067 0.00261916044953215 0.00320478963390609 0.0033934739034673 0.00516394729712383 0.0128088375049133 0.000223278841796413 0.0039893978097619 0.0042397142100297 0.00553140777511 0.00739564855628333 0.0106326205467002 0.0055382735858499 0.00584464045145213 0.00306984389974861 0.000893979114162433 0.00184700017237021 0.00824126671077002 0.0159688068044203 0.0012144947594601 0.0037704852398126 -0.000439635684684472 0.00292327983756391 0.00211529315466772 -0.00141173046211721
"V34" 0.000933693011232409 0.000467155228159636 0.000525277282326337 0.000464877760995041 0.000583548022341836 0.000442898199812838 0.00020277922285156 0.000267160351497503 0.000478090973169294 0.000682675019812845 0.000328933073543071 0.000527484789779029 0.000808158202919149 0.000765324580170243 0.00109294986164455 0.00076242430989194 0.000775962209238209 0.00121141035441738 0.00137227135890432 0.000273022975744104 0.0010670061715829 0.000637417843647378 0.00183480674040144 0.000685218715070865 0.00136342171425202 0.00124778389026879 0.00103193308031478 0.00065874031726063 0.00175195874219655 0.000682330357142428 0.00132767981875556 0.0012144947594601 0.00245600696771461 -6.14816803458808e-06 0.00211626888047938 0.000734665722269518 0.000866185899464442 0.0008993908468306
"V35" 0.00144672278380897 0.00227026852061098 0.00234938622967806 0.00393096051627143 0.00182362378842776 0.00108579479866097 0.00266260720148803 0.00360837283855392 0.00175352573955064 -0.00187592052215837 0.000734187803202306 0.001241374657174 -0.000657384649955877 -2.70826311485231e-05 0.000527771281562864 0.00147800809610618 0.0021545474167386 0.00274031498511251 0.0035130645617318 -0.00118153789180475 0.00187756892405318 0.000395059492404909 0.00292113415494079 0.00393854635904905 0.0016882644246021 0.00119507737437736 0.00257461890630962 0.00215431245208097 0.000891255828561665 0.00164546109763358 0.00251597403331231 0.0037704852398126 -6.14816803458808e-06 0.00774373156370926 -0.00228803703758425 0.0020494295147302 0.000776814971706461 0.000225213339627119
"V36" 0.00184391993027696 0.000227559270613495 0.00101309185605216 0.000888739439781565 0.00168930727025961 0.0012095241599815 -0.000252738124707398 0.000468451456564718 0.00141954264539877 0.0024728565895115 0.000602090350667107 0.00184161435121071 0.00123823199749398 0.00153137997885421 0.00468576700692649 -3.89257691434314e-05 0.000977848866375884 0.00202360630159192 0.00135218832319043 0.000851252405622067 0.00234198423359069 0.00247416644485112 0.00279776923337222 -0.000184890589570392 0.00202800626204457 0.00109909083556985 0.00206521484205659 0.00209756298110228 0.00206710595594621 0.000728031859311812 0.00259326666547097 -0.000439635684684472 0.00211626888047938 -0.00228803703758425 0.00933870155440874 0.00139282360983081 0.00219144572407163 -0.00319223429260502
"V37" 0.00240651270355585 0.00269718992880136 0.00274758640079284 0.00359810185915522 0.00280505598675393 0.00167356920335259 0.00252119792139071 0.00292651052469777 0.00244875777211194 0.00141644372886515 0.00139911548926813 0.00205614949376838 0.0019246246473305 0.000610414059736928 0.00160514729243823 0.00163678540454084 0.00253227292098168 0.00436975260003215 0.00327954358863712 -0.000196683255829121 0.00243341575943328 0.00235878536341232 0.00356782760513754 0.00247819224406727 0.00247824809258856 0.00227565568286398 0.00316955777422161 0.00241549578113914 0.00175518940473168 0.0015005857207166 0.00372620447911005 0.00292327983756391 0.000734665722269518 0.0020494295147302 0.00139282360983081 0.0033371770905032 0.00208296519847161 -0.000561099990895913
"V38" 0.00204658981897966 0.00148169633462496 0.00234792311414119 0.00252590543929637 0.00258359457758859 0.00140651041066345 0.00188954250650064 0.00169275378457059 0.00206117177991024 0.00173549703620104 0.00119044754527219 0.00220960971313511 0.00143574303932274 0.000907772960840664 0.00311241639949546 0.00131422754647108 0.00177620628047881 0.00308778915092567 0.00275950542050224 0.000805409659496166 0.00265936816623314 0.00257646040966835 0.00335103575038629 0.0011924748227746 0.00367425828851988 0.00199303655230848 0.00256211614964913 0.00182066607899565 0.00170912613397844 0.00138573718054743 0.00324977616315761 0.00211529315466772 0.000866185899464442 0.000776814971706461 0.00219144572407163 0.00208296519847161 0.0037867626312229 -0.000939853331304829
"V39" -0.000421801857014827 -0.00163979063269065 -0.00153220382915288 -0.00194164128403748 -0.00186961961481412 -0.000776714608667933 -0.000512321066898528 -0.000853980119963997 -0.00122519982860928 -0.000573394191749396 -0.000952461879347688 -0.00137975622060798 0.000719060649862384 0.000384996710746953 -0.00280155260982727 2.30187012656981e-05 -0.000766462559572471 -0.00126101016002305 -0.00231508218357314 -0.000801519804834228 -0.00204727689769668 -0.00186953893054654 -0.00268264740148473 -0.00104046681709922 -0.00187119748357742 -0.000821190234535132 -0.00204077577861739 -0.00173146024632835 -0.000922515744323384 -0.000453169006050584 -0.00210538961632518 -0.00141173046211721 0.0008993908468306 0.000225213339627119 -0.00319223429260502 -0.000561099990895913 -0.000939853331304829 0.0060282593205765
