"" "V1" "V2" "V3" "V4" "V5" "V6" "V7" "V8" "V9" "V10" "V11" "V12" "V13" "V14" "V15" "V16" "V17" "V18" "V19" "V21" "V22" "V23" "V24" "V25" "V26" "V27" "V28" "V29" "V30" "V31" "V32" "V33" "V34" "V35" "V36" "V37" "V38" "V39"
"V1" 0.00715339093105896 0.00488667921698534 0.00385423230764218 0.00258594724226712 0.00139300136226504 0.00128653252376464 -0.000710838562524356 0.00279117742928615 0.00240408505293604 0.00108248230865915 0.00320978676487848 0.00211558890754173 0.000690506773566063 0.000784243976263005 0.000617713592623324 0.00214556020650927 0.00217512632684657 0.0028164794270191 0.00375244931797011 0.00111374635326528 0.00242682946352254 0.0017353763483073 0.00303904606393949 0.00279973537020365 0.00322700717472217 0.00360840633614325 0.00233188217323289 0.00198665112569465 0.00186178043611055 0.00207252912375619 0.00457842583610671 0.00526365859241552 -0.0010434472949959 0.00229513002769947 0.000241549372455916 0.00257498230052117 0.00235340775434061 -0.00159723567725278
"V2" 0.00488667921698534 0.00783652384558998 0.00453604472049376 0.00415379734383734 0.00238923037968408 0.00166693867405424 -0.00218198611039528 0.00215451840580938 0.00175808041907391 0.000781894119908656 0.00271352461556091 0.00219050668417864 0.000195975258225867 0.000410283160228593 0.00208988751136062 0.00133934657143842 0.00144295378680418 0.00165447252410457 0.00340175160617968 0.00183839556021136 0.00272712750720829 0.00130853099737427 0.00313645129342832 0.00220010712584005 0.00363895164296524 0.00259790619803726 0.00154373550595162 0.00174317989885481 0.00115574706632524 0.0011636857843683 0.00432741350867006 0.00589673776540862 -0.000408885323729629 0.000497774315242493 0.000418925969993942 0.00122432370715431 0.00103637836759875 -0.000531302614635148
"V3" 0.00385423230764218 0.00453604472049376 0.00537258930547063 0.00292148658057199 0.00180907743981358 0.00159926860727616 -0.000435886143600851 0.00108949428898234 0.00121533173487817 0.00144170070940093 0.00119612187898889 0.00180129049320748 0.00124372114641268 0.000927457128284959 0.0031325831991014 0.000770174008140747 0.0012364024457363 0.000907349189597736 0.00098823745689517 0.00116534713274256 0.00227396934338138 0.00131725712357797 0.00263314169387146 0.00107581963942086 0.00369677522397625 0.00149685180783933 -0.000790077728494972 0.00167469013655626 0.00120916469369035 0.00122348589343315 0.00378924442396077 0.00465855442230013 0.000287537661109199 0.000875402935963028 -0.000551755243094246 0.00092035641629189 0.00144953377736048 0.00286039546528358
"V4" 0.00258594724226712 0.00415379734383734 0.00292148658057199 0.00417386788415471 0.0021662179712136 0.00118635616366243 -0.000218692163071828 0.00246448387369992 0.00142849572655719 0.000615137638933208 0.00174947559547462 0.0013607052387062 -6.17192289685985e-07 0.00024199494419031 0.00162411943347791 0.00101322468986219 0.00109497784626105 0.00107882173829535 0.00174739769666113 0.000325767349700066 0.00176541200715314 0.000891583594854316 0.00201144365012512 0.00137180662999219 0.00307508399041249 0.00189012410791502 0.00160127272897613 0.0013662055762072 0.00101451990499856 0.00108697058796929 0.00286391831230052 0.0039717458691018 -0.0004363643837142 0.00080448756770011 0.000212862810147918 0.000862488767821801 0.00152880624453315 -0.00025280001596462
"V5" 0.00139300136226504 0.00238923037968408 0.00180907743981358 0.0021662179712136 0.0023500712487528 0.000917662100630892 -0.000448340580675819 0.00159196986163109 0.00158816077792251 0.000271111635861878 0.0010158735908422 0.000810152047931395 -0.00020425011857159 -3.94163525004834e-05 0.000150591838131841 0.000965708247667676 0.000967681387587493 0.000917000893661397 0.00146035573186595 0.000839962712275735 0.00120874685383429 0.00130240415370897 0.00146319889176096 -0.000345396293755416 0.00148171208625498 0.00153819517593176 0.000943631258345657 0.00101642737859972 0.00101826167075241 0.000772720674210203 0.00166543462702772 0.0023785332660487 -0.000290517731235005 0.000276636446903359 0.00026131166508665 0.000758335075152964 0.000984610107902962 9.35169591401306e-05
"V6" 0.00128653252376464 0.00166693867405424 0.00159926860727616 0.00118635616366243 0.000917662100630892 0.00150258595997998 -0.000636514028569722 0.0010638521943979 0.000600813504614622 0.000472414855285245 0.000548875551387818 0.000313654340288533 0.000352545373737435 0.000288649254639445 0.000337646193881665 0.000259382520099766 0.000374703670625228 0.000285761207382251 0.00033397971578134 2.41487143115991e-05 0.000328548300955012 0.000170365700845852 0.000487672732011712 9.7754704427426e-05 0.000884022946431145 0.000606257697306665 7.48396584959819e-05 0.000629766085645403 0.000905043861712325 0.000486220484613239 0.00114531926637842 0.00145497587230043 0.000617029339587334 5.90385385565449e-05 0.000414652874161042 0.000262276976374499 0.000385489826859124 0.000957745970011223
"V7" -0.000710838562524356 -0.00218198611039528 -0.000435886143600851 -0.000218692163071828 -0.000448340580675819 -0.000636514028569722 0.00758468312708938 -0.000396787633040627 0.000378055149214782 -0.00115803737005135 -0.0010795933799974 0.00110543037458015 -0.00028755453255119 -0.000329471607044304 0.00309770655808206 -0.00147413206382819 -0.000828937322506869 -0.00105957150596117 -0.00144411093898402 0.000324432201458226 0.000183378708759121 0.000983052442595522 -0.000745619045216732 -0.000456537242037526 0.000206239204742686 5.85427252920426e-05 -4.07813698119664e-05 -5.27888218708978e-06 -6.31859070859495e-05 -0.000106848135584726 -0.000944477854022045 -0.00102484785834684 0.000795241568048243 8.79246419591159e-05 0.000934016543084299 -0.000464413959342425 0.00057769555729053 0.00164851162148416
"V8" 0.00279117742928615 0.00215451840580938 0.00108949428898234 0.00246448387369992 0.00159196986163109 0.0010638521943979 -0.000396787633040627 0.00488037987702085 0.00213804348562646 -0.000261633800426831 0.00275378280146404 0.000972307169742908 -0.000837887520528322 -0.000162943868683492 -0.00143635155730804 0.00177026593467474 0.00148438974493109 0.00174339120731804 0.00369094297488524 -0.000621373265741135 0.000906195894644301 -4.76737234259484e-05 0.00153835613648595 0.00200310413832518 0.00170242087651669 0.00245810137422165 0.00243013098347704 0.00123090811683456 0.0014768563409168 0.00150370195622433 0.00164136948807308 0.00350374784144787 -0.000742870925773844 0.00221002514747347 0.000654874928824686 0.00148455839446708 0.0018491337038143 -0.0019572750874112
"V9" 0.00240408505293604 0.00175808041907391 0.00121533173487817 0.00142849572655719 0.00158816077792251 0.000600813504614622 0.000378055149214782 0.00213804348562646 0.00245796377523364 6.59744082216709e-06 0.00194152898168968 0.00125133157807669 -0.000417862308013531 -4.85170822303603e-06 -0.000513643504413113 0.00142396576409684 0.0014032299184324 0.00171710522953851 0.00315175062555313 0.000774980866475236 0.00135376303834417 0.00269613840476133 0.00118938800205379 0.00107932919337141 0.00159965310601201 0.00230782406552455 0.00159397134681504 0.001456158769913 0.00137679650116424 0.00103205264832953 0.00143026949485199 0.00243261954422283 -0.00047534356266473 0.0015610916646969 0.000616601104346394 0.00150907904460944 0.00143367693677523 -0.00104103897843187
"V10" 0.00108248230865915 0.000781894119908656 0.00144170070940093 0.000615137638933208 0.000271111635861878 0.000472414855285245 -0.00115803737005135 -0.000261633800426831 6.59744082216709e-06 0.0036437022478813 0.000407832310663201 0.000375951092384571 0.00270093541650374 0.00169622097790169 0.00159756513668832 0.000372799267348891 0.000565984690938472 0.000641826628158384 -0.000631685442690769 0.00071886617248179 0.000791856516351497 0.000473781826491115 0.00076394978096683 0.000999657104117257 0.00146499464136945 0.000770609264913699 -0.000288703769766657 0.000735716912542271 0.000888412893798907 0.00081945167331203 0.0017309920128945 0.00123212996349668 -0.000284542777164691 -0.00269981727316853 -0.000780012140104489 0.000617558568116289 0.000782367907309957 0.00201033708594731
"V11" 0.00320978676487848 0.00271352461556091 0.00119612187898889 0.00174947559547462 0.0010158735908422 0.000548875551387818 -0.0010795933799974 0.00275378280146404 0.00194152898168968 0.000407832310663201 0.00460623704864202 0.00199659559794848 -0.000302547523838072 0.000381720499721532 -0.00226592446359779 0.00258442398818115 0.00243317242652136 0.00314845867850789 0.00559500975351422 0.000925668674860153 0.0016210823733579 0.0011182778715857 0.00238242924869966 0.00431244907434473 0.00209232119417613 0.00328294332052703 0.00273931303805983 0.00222896294567533 0.000652562166419442 0.0014215167375548 0.0024218085518716 0.00402753353423207 -0.000878686684107412 0.00183256444568022 0.00125068549426539 0.002487449267664 0.00135287758130034 -0.00354831546260574
"V12" 0.00211558890754173 0.00219050668417864 0.00180129049320748 0.0013607052387062 0.000810152047931395 0.000313654340288533 0.00110543037458015 0.000972307169742908 0.00125133157807669 0.000375951092384571 0.00199659559794848 0.0030041197639259 0.000360102889073808 0.00034947021786623 0.00131942635891286 0.00137108241172254 0.00152137577715189 0.00176900057646771 0.00272401186767034 0.00112006313605095 0.00209344223301877 0.00160032790439392 0.00231043253656332 0.00215424786930073 0.00201004063563931 0.00151027178358045 0.00087852442213721 0.00148976175027869 0.000599906762418885 0.00102775099038945 0.00203850212042798 0.00304620939490493 -0.000183785123237005 0.000780138861862547 0.00030714149894134 0.00138728921635075 0.000820697037623222 -0.000249202008760988
"V13" 0.000690506773566063 0.000195975258225867 0.00124372114641268 -6.17192289685985e-07 -0.00020425011857159 0.000352545373737435 -0.00028755453255119 -0.000837887520528322 -0.000417862308013531 0.00270093541650374 -0.000302547523838072 0.000360102889073808 0.00303239182225237 0.00149724397855906 0.00233808120694006 -0.000499495701686146 -9.22785054505829e-05 -3.80083161111427e-05 -0.0030676578021586 0.000555566835864917 0.000573748959960837 0.000109361911530619 0.000553833415369802 0.000511390904518525 0.000838463338188103 -0.000291958910997931 -0.000932615871724984 6.53002734342149e-05 0.00048692960984257 0.000532265356332515 0.00101130090350926 -0.000353956526403777 2.88255950747833e-05 -0.00207121192139227 -0.000789604773073474 0.000403528007043342 0.00041135320126229 0.00216863128419113
"V14" 0.000784243976263005 0.000410283160228593 0.000927457128284959 0.00024199494419031 -3.94163525004834e-05 0.000288649254639445 -0.000329471607044304 -0.000162943868683492 -4.85170822303603e-06 0.00169622097790169 0.000381720499721532 0.00034947021786623 0.00149724397855906 0.0015273182196183 0.000608548932245352 0.000608008251625076 0.000600955244654255 0.000658776555325549 0.000279569469511195 0.00053091512490581 0.000523787433708016 0.000251942711224382 0.000229252365950294 0.00137212225565424 0.000936789571090578 0.000602343233271144 -0.000109115189302161 0.000555979777885397 0.000403697959922415 0.000538722805434058 0.000712396201122257 0.000425440557988609 0.000559998869774753 -2.00471719439911e-05 0.00036539798624691 0.000488285415651072 0.000459303976693961 0.00129937836074743
"V15" 0.000617713592623324 0.00208988751136062 0.0031325831991014 0.00162411943347791 0.000150591838131841 0.000337646193881665 0.00309770655808206 -0.00143635155730804 -0.000513643504413113 0.00159756513668832 -0.00226592446359779 0.00131942635891286 0.00233808120694006 0.000608548932245352 0.0155738234550435 -0.00589507667006215 -0.00342279491198299 -0.00470057187745166 -0.00881955245131703 0.00186125664606286 0.00191746734422531 0.000754075991818152 0.00122806441382407 -0.000524145437363278 0.00402573934260056 -0.00103245229435701 -0.00212297693895838 3.55002754686595e-05 0.000924835880234785 0.000449094324882343 0.00203826163641236 0.000783443593042711 -1.00572756101685e-05 -0.000718965656439326 -0.00239180317905571 -0.00220638560264657 0.00105659045519983 0.00697095743729127
"V16" 0.00214556020650927 0.00133934657143842 0.000770174008140747 0.00101322468986219 0.000965708247667676 0.000259382520099766 -0.00147413206382819 0.00177026593467474 0.00142396576409684 0.000372799267348891 0.00258442398818115 0.00137108241172254 -0.000499495701686146 0.000608008251625076 -0.00589507667006215 0.00626505661054839 0.00431429728230866 0.00488386840389679 0.00782957985473499 0.000373989985864508 0.00160470630856779 0.0012717962029048 0.00200865272699047 0.00281476749460104 0.000834349366002341 0.00268487056020359 0.00240197715540655 0.00153635985877738 0.000155731014277599 0.00110057517406245 0.00164662717993159 0.00343462272701515 0.00010605483177893 0.00210766985244371 0.00116305340291009 0.00270712736565792 0.000297579928754786 -0.00249013561597407
"V17" 0.00217512632684657 0.00144295378680418 0.0012364024457363 0.00109497784626105 0.000967681387587493 0.000374703670625228 -0.000828937322506869 0.00148438974493109 0.0014032299184324 0.000565984690938472 0.00243317242652136 0.00152137577715189 -9.22785054505829e-05 0.000600955244654255 -0.00342279491198299 0.00431429728230866 0.00360133821658491 0.00396439958973265 0.00585517661302246 0.00058199561334825 0.00163376921150006 0.0013701622566083 0.00220394685108143 0.0028789411134881 0.00167725124493662 0.00258683900242998 0.00191591058265577 0.00249289482583771 0.0005699247561028 0.00132213302637326 0.00211706135222823 0.00354137550320735 -0.000108787144073614 0.0020674407222015 0.000678219701856487 0.0024739442023542 0.000774600371706812 -0.00148694816181187
"V18" 0.0028164794270191 0.00165447252410457 0.000907349189597736 0.00107882173829535 0.000917000893661397 0.000285761207382251 -0.00105957150596117 0.00174339120731804 0.00171710522953851 0.000641826628158384 0.00314845867850789 0.00176900057646771 -3.80083161111427e-05 0.000658776555325549 -0.00470057187745166 0.00488386840389679 0.00396439958973265 0.00557472448969613 0.00714249245989042 0.000803643261042045 0.00189054138804144 0.00161034296769691 0.00262198020769321 0.00385011500183673 0.00166277914964431 0.00323734066914175 0.00267243933387219 0.00240026886266398 0.00113662070047429 0.00130490067926385 0.00287669287588933 0.00351953013507917 -0.000734874819479447 0.00230513686360451 0.000880705163642432 0.0034431800972178 0.000804389212483265 -0.00276767586542789
"V19" 0.00375244931797011 0.00340175160617968 0.00098823745689517 0.00174739769666113 0.00146035573186595 0.00033397971578134 -0.00144411093898402 0.00369094297488524 0.00315175062555313 -0.000631685442690769 0.00559500975351422 0.00272401186767034 -0.0030676578021586 0.000279569469511195 -0.00881955245131703 0.00782957985473499 0.00585517661302246 0.00714249245989042 0.0178869031911918 0.000932817836633196 0.00229747052294478 0.00287765976647598 0.00282928230589568 0.00701356507244337 0.00235909117424952 0.00552810806030397 0.00419748043570494 0.00358231728384736 0.00125171182305961 0.00156842452315436 0.00184525611169752 0.00880426269690621 0.000141939115559642 0.00355899430049125 0.00308855291971524 0.00382907937522547 0.000795622547229836 -0.00525720774741289
"V21" 0.00111374635326528 0.00183839556021136 0.00116534713274256 0.000325767349700066 0.000839962712275735 2.41487143115991e-05 0.000324432201458226 -0.000621373265741135 0.000774980866475236 0.00071886617248179 0.000925668674860153 0.00112006313605095 0.000555566835864917 0.00053091512490581 0.00186125664606286 0.000373989985864508 0.00058199561334825 0.000803643261042045 0.000932817836633196 0.00450534195247164 0.0022859325248968 0.000921603026423489 0.00187016639526739 0.00145067055147094 0.00187500234467629 0.00166158521964776 0.000653131278274574 0.000684693120041122 0.000644108574329633 0.000420065265762633 0.00150946365636 0.0017096061540364 -0.000746998210324514 0.000386457020377071 -0.00024630123199974 0.000830065542699393 8.79099303350285e-05 0.000974062771030382
"V22" 0.00242682946352254 0.00272712750720829 0.00227396934338138 0.00176541200715314 0.00120874685383429 0.000328548300955012 0.000183378708759121 0.000906195894644301 0.00135376303834417 0.000791856516351497 0.0016210823733579 0.00209344223301877 0.000573748959960837 0.000523787433708016 0.00191746734422531 0.00160470630856779 0.00163376921150006 0.00189054138804144 0.00229747052294478 0.0022859325248968 0.00280121720058053 0.00164963240674016 0.00303932472945323 0.00220095969350218 0.00281906644976158 0.00205918452444476 0.0011744365988783 0.00142563254509195 0.000856106424417584 0.00122899995088143 0.00261167888903733 0.00343821033781989 -0.000488056722653229 0.0012214251126159 -0.000157924408999308 0.00149852473354609 0.00106727947128643 0.00050408450396142
"V23" 0.0017353763483073 0.00130853099737427 0.00131725712357797 0.000891583594854316 0.00130240415370897 0.000170365700845852 0.000983052442595522 -4.76737234259484e-05 0.00269613840476133 0.000473781826491115 0.0011182778715857 0.00160032790439392 0.000109361911530619 0.000251942711224382 0.000754075991818152 0.0012717962029048 0.0013701622566083 0.00161034296769691 0.00287765976647598 0.000921603026423489 0.00164963240674016 0.00623033197274643 0.000186546196380104 0.000653442219543662 0.00208362780248082 0.00183811815215766 0.000752427449100847 0.00172714237042539 0.000917188376852102 0.000481935852766908 0.00117100108160606 0.00163873546326423 -0.000175832980887745 0.000894184674041071 0.000202975977025134 0.00139355612099606 0.00119586419592416 6.42129438660894e-05
"V24" 0.00303904606393949 0.00313645129342832 0.00263314169387146 0.00201144365012512 0.00146319889176096 0.000487672732011712 -0.000745619045216732 0.00153835613648595 0.00118938800205379 0.00076394978096683 0.00238242924869966 0.00231043253656332 0.000553833415369802 0.000229252365950294 0.00122806441382407 0.00200865272699047 0.00220394685108143 0.00262198020769321 0.00282928230589568 0.00187016639526739 0.00303932472945323 0.000186546196380104 0.00630706368554147 0.00279213116939121 0.00290876048133908 0.00207576133146492 0.00137141440552324 0.00190531586635453 0.00113787216454667 0.00193296745438839 0.00368742015239567 0.00500090075601897 -0.00082546028374889 0.00117449123715773 -0.000369680248276927 0.00208535315188392 0.00141625223292731 -0.000201385329817469
"V25" 0.00279973537020365 0.00220010712584005 0.00107581963942086 0.00137180662999219 -0.000345396293755416 9.7754704427426e-05 -0.000456537242037526 0.00200310413832518 0.00107932919337141 0.000999657104117257 0.00431244907434473 0.00215424786930073 0.000511390904518525 0.00137212225565424 -0.000524145437363278 0.00281476749460104 0.0028789411134881 0.00385011500183673 0.00701356507244337 0.00145067055147094 0.00220095969350218 0.000653442219543662 0.00279213116939121 0.0115335049517407 0.00466992595793027 0.00352385258810133 0.00319605497165813 0.00289863929322857 0.000958124158342272 0.00193303496861076 0.000692538994797441 0.00437958408794438 -0.000735192101614126 0.003292758185693 0.00116165737684135 0.00313642908834997 0.00166466804349147 -0.00307222195702211
"V26" 0.00322700717472217 0.00363895164296524 0.00369677522397625 0.00307508399041249 0.00148171208625498 0.000884022946431145 0.000206239204742686 0.00170242087651669 0.00159965310601201 0.00146499464136945 0.00209232119417613 0.00201004063563931 0.000838463338188103 0.000936789571090578 0.00402573934260056 0.000834349366002341 0.00167725124493662 0.00166277914964431 0.00235909117424952 0.00187500234467629 0.00281906644976158 0.00208362780248082 0.00290876048133908 0.00466992595793027 0.00704314521264686 0.00318563860141184 0.0017676085441257 0.00265054641172317 0.00151040839078826 0.00184381500247193 0.00373546118310623 0.00597063694503815 -0.00105797676566051 0.00201816676642054 -0.000954960649332506 0.00169871762522083 0.0022183726599279 0.00132817053944128
"V27" 0.00360840633614325 0.00259790619803726 0.00149685180783933 0.00189012410791502 0.00153819517593176 0.000606257697306665 5.85427252920426e-05 0.00245810137422165 0.00230782406552455 0.000770609264913699 0.00328294332052703 0.00151027178358045 -0.000291958910997931 0.000602343233271144 -0.00103245229435701 0.00268487056020359 0.00258683900242998 0.00323734066914175 0.00552810806030397 0.00166158521964776 0.00205918452444476 0.00183811815215766 0.00207576133146492 0.00352385258810133 0.00318563860141184 0.00580651160377115 0.00296150900287963 0.00247632296742592 0.00162207944587441 0.00198556491028933 0.00314477669122451 0.00457123445323858 -0.000977745101789602 0.00179037685274804 0.000880389437547044 0.00250939326518019 0.00184192236672497 -0.00241301670938373
"V28" 0.00233188217323289 0.00154373550595162 -0.000790077728494972 0.00160127272897613 0.000943631258345657 7.48396584959819e-05 -4.07813698119664e-05 0.00243013098347704 0.00159397134681504 -0.000288703769766657 0.00273931303805983 0.00087852442213721 -0.000932615871724984 -0.000109115189302161 -0.00212297693895838 0.00240197715540655 0.00191591058265577 0.00267243933387219 0.00419748043570494 0.000653131278274574 0.0011744365988783 0.000752427449100847 0.00137141440552324 0.00319605497165813 0.0017676085441257 0.00296150900287963 0.00539660265830739 0.00109865086775473 0.000123022101304772 0.00143577443860187 0.00198664329019831 0.00270976897499572 -0.00121231969075731 0.00173558382751946 0.000914668088353328 0.00205448888369324 0.00139061353958951 -0.00390631572703089
"V29" 0.00198665112569465 0.00174317989885481 0.00167469013655626 0.0013662055762072 0.00101642737859972 0.000629766085645403 -5.27888218708978e-06 0.00123090811683456 0.001456158769913 0.000735716912542271 0.00222896294567533 0.00148976175027869 6.53002734342149e-05 0.000555979777885397 3.55002754686595e-05 0.00153635985877738 0.00249289482583771 0.00240026886266398 0.00358231728384736 0.000684693120041122 0.00142563254509195 0.00172714237042539 0.00190531586635453 0.00289863929322857 0.00265054641172317 0.00247632296742592 0.00109865086775473 0.00413272112065048 0.00130859934136157 0.00131873915157378 0.00242028272955828 0.00349618489803233 -2.90562735107495e-05 0.00183100605558616 0.000529150332481904 0.00175836120107184 0.00131980947795213 -0.000112366580581134
"V30" 0.00186178043611055 0.00115574706632524 0.00120916469369035 0.00101451990499856 0.00101826167075241 0.000905043861712325 -6.31859070859495e-05 0.0014768563409168 0.00137679650116424 0.000888412893798907 0.000652562166419442 0.000599906762418885 0.00048692960984257 0.000403697959922415 0.000924835880234785 0.000155731014277599 0.0005699247561028 0.00113662070047429 0.00125171182305961 0.000644108574329633 0.000856106424417584 0.000917188376852102 0.00113787216454667 0.000958124158342272 0.00151040839078826 0.00162207944587441 0.000123022101304772 0.00130859934136157 0.00454892446316419 0.00116150758455563 0.0014480666880207 0.00232626578869714 -0.000518582311828639 0.000593293860753228 -0.000172740522416205 0.000876610861319895 0.000898156797566314 -0.00019029809883544
"V31" 0.00207252912375619 0.0011636857843683 0.00122348589343315 0.00108697058796929 0.000772720674210203 0.000486220484613239 -0.000106848135584726 0.00150370195622433 0.00103205264832953 0.00081945167331203 0.0014215167375548 0.00102775099038945 0.000532265356332515 0.000538722805434058 0.000449094324882343 0.00110057517406245 0.00132213302637326 0.00130490067926385 0.00156842452315436 0.000420065265762633 0.00122899995088143 0.000481935852766908 0.00193296745438839 0.00193303496861076 0.00184381500247193 0.00198556491028933 0.00143577443860187 0.00131873915157378 0.00116150758455563 0.00227091135695604 0.00183300288512968 0.00288299328521298 -0.000509241264153074 0.00157221432662143 -0.000282138511081128 0.00144542895035458 0.00192651823566596 -0.000247273320223998
"V32" 0.00457842583610671 0.00432741350867006 0.00378924442396077 0.00286391831230052 0.00166543462702772 0.00114531926637842 -0.000944477854022045 0.00164136948807308 0.00143026949485199 0.0017309920128945 0.0024218085518716 0.00203850212042798 0.00101130090350926 0.000712396201122257 0.00203826163641236 0.00164662717993159 0.00211706135222823 0.00287669287588933 0.00184525611169752 0.00150946365636 0.00261167888903733 0.00117100108160606 0.00368742015239567 0.000692538994797441 0.00373546118310623 0.00314477669122451 0.00198664329019831 0.00242028272955828 0.0014480666880207 0.00183300288512968 0.00694163675192828 0.00572040019995375 -0.00149925713749745 0.000933536922763298 -0.00113489203281079 0.00211342908223112 0.00171912763203345 0.000614331796715272
"V33" 0.00526365859241552 0.00589673776540862 0.00465855442230013 0.0039717458691018 0.0023785332660487 0.00145497587230043 -0.00102484785834684 0.00350374784144787 0.00243261954422283 0.00123212996349668 0.00402753353423207 0.00304620939490493 -0.000353956526403777 0.000425440557988609 0.000783443593042711 0.00343462272701515 0.00354137550320735 0.00351953013507917 0.00880426269690621 0.0017096061540364 0.00343821033781989 0.00163873546326423 0.00500090075601897 0.00437958408794438 0.00597063694503815 0.00457123445323858 0.00270976897499572 0.00349618489803233 0.00232626578869714 0.00288299328521298 0.00572040019995375 0.0128884000845396 -0.00103491021384215 0.00143347012739514 -0.000498671053317172 0.00248859434740973 0.0016134816644863 -0.00022430189201081
"V34" -0.0010434472949959 -0.000408885323729629 0.000287537661109199 -0.0004363643837142 -0.000290517731235005 0.000617029339587334 0.000795241568048243 -0.000742870925773844 -0.00047534356266473 -0.000284542777164691 -0.000878686684107412 -0.000183785123237005 2.88255950747833e-05 0.000559998869774753 -1.00572756101685e-05 0.00010605483177893 -0.000108787144073614 -0.000734874819479447 0.000141939115559642 -0.000746998210324514 -0.000488056722653229 -0.000175832980887745 -0.00082546028374889 -0.000735192101614126 -0.00105797676566051 -0.000977745101789602 -0.00121231969075731 -2.90562735107495e-05 -0.000518582311828639 -0.000509241264153074 -0.00149925713749745 -0.00103491021384215 0.00371511397931724 -0.00119090299430735 0.00315018821867776 -0.00118881320163037 -0.00102361712370871 0.0016817211383449
"V35" 0.00229513002769947 0.000497774315242493 0.000875402935963028 0.00080448756770011 0.000276636446903359 5.90385385565449e-05 8.79246419591159e-05 0.00221002514747347 0.0015610916646969 -0.00269981727316853 0.00183256444568022 0.000780138861862547 -0.00207121192139227 -2.00471719439911e-05 -0.000718965656439326 0.00210766985244371 0.0020674407222015 0.00230513686360451 0.00355899430049125 0.000386457020377071 0.0012214251126159 0.000894184674041071 0.00117449123715773 0.003292758185693 0.00201816676642054 0.00179037685274804 0.00173558382751946 0.00183100605558616 0.000593293860753228 0.00157221432662143 0.000933536922763298 0.00143347012739514 -0.00119090299430735 0.0149143335787615 -0.00324427733575987 0.00224507718765195 0.00162447781096862 0.000340843350800375
"V36" 0.000241549372455916 0.000418925969993942 -0.000551755243094246 0.000212862810147918 0.00026131166508665 0.000414652874161042 0.000934016543084299 0.000654874928824686 0.000616601104346394 -0.000780012140104489 0.00125068549426539 0.00030714149894134 -0.000789604773073474 0.00036539798624691 -0.00239180317905571 0.00116305340291009 0.000678219701856487 0.000880705163642432 0.00308855291971524 -0.00024630123199974 -0.000157924408999308 0.000202975977025134 -0.000369680248276927 0.00116165737684135 -0.000954960649332506 0.000880389437547044 0.000914668088353328 0.000529150332481904 -0.000172740522416205 -0.000282138511081128 -0.00113489203281079 -0.000498671053317172 0.00315018821867776 -0.00324427733575987 0.00738116303994182 0.000162595519832497 -0.000184943752392515 -0.00359776981269891
"V37" 0.00257498230052117 0.00122432370715431 0.00092035641629189 0.000862488767821801 0.000758335075152964 0.000262276976374499 -0.000464413959342425 0.00148455839446708 0.00150907904460944 0.000617558568116289 0.002487449267664 0.00138728921635075 0.000403528007043342 0.000488285415651072 -0.00220638560264657 0.00270712736565792 0.0024739442023542 0.0034431800972178 0.00382907937522547 0.000830065542699393 0.00149852473354609 0.00139355612099606 0.00208535315188392 0.00313642908834997 0.00169871762522083 0.00250939326518019 0.00205448888369324 0.00175836120107184 0.000876610861319895 0.00144542895035458 0.00211342908223112 0.00248859434740973 -0.00118881320163037 0.00224507718765195 0.000162595519832497 0.00291602497623652 0.00143621660361476 -0.00192763854357101
"V38" 0.00235340775434061 0.00103637836759875 0.00144953377736048 0.00152880624453315 0.000984610107902962 0.000385489826859124 0.00057769555729053 0.0018491337038143 0.00143367693677523 0.000782367907309957 0.00135287758130034 0.000820697037623222 0.00041135320126229 0.000459303976693961 0.00105659045519983 0.000297579928754786 0.000774600371706812 0.000804389212483265 0.000795622547229836 8.79099303350285e-05 0.00106727947128643 0.00119586419592416 0.00141625223292731 0.00166466804349147 0.0022183726599279 0.00184192236672497 0.00139061353958951 0.00131980947795213 0.000898156797566314 0.00192651823566596 0.00171912763203345 0.0016134816644863 -0.00102361712370871 0.00162447781096862 -0.000184943752392515 0.00143621660361476 0.00402112280660894 -0.000202234558803155
"V39" -0.00159723567725278 -0.000531302614635148 0.00286039546528358 -0.00025280001596462 9.35169591401306e-05 0.000957745970011223 0.00164851162148416 -0.0019572750874112 -0.00104103897843187 0.00201033708594731 -0.00354831546260574 -0.000249202008760988 0.00216863128419113 0.00129937836074743 0.00697095743729127 -0.00249013561597407 -0.00148694816181187 -0.00276767586542789 -0.00525720774741289 0.000974062771030382 0.00050408450396142 6.42129438660894e-05 -0.000201385329817469 -0.00307222195702211 0.00132817053944128 -0.00241301670938373 -0.00390631572703089 -0.000112366580581134 -0.00019029809883544 -0.000247273320223998 0.000614331796715272 -0.00022430189201081 0.0016817211383449 0.000340843350800375 -0.00359776981269891 -0.00192763854357101 -0.000202234558803155 0.0136358662225066
