"" "V1" "V2" "V3" "V4" "V5" "V6" "V7" "V8" "V9" "V10" "V11" "V12" "V13" "V14" "V15" "V16" "V17" "V18" "V19" "V21" "V22" "V23" "V24" "V25" "V26" "V27" "V28" "V29" "V30" "V31" "V32" "V33" "V34" "V35" "V36" "V37" "V38" "V39"
"V1" 0.0143415171338616 -0.00014892655619638 0.00712463473235209 0.00368413640981351 0.00275805939372154 0.00393676344360893 0.00404761475264002 0.00539777509686222 0.00378959962961166 0.00156731979430747 0.0052281487174952 0.00450914461748583 0.00254242592951068 -0.00235980942029127 0.00370320693902716 0.00312641465429364 0.00186264590688876 0.000705768572302464 -0.00225073415928031 -0.0019928995004177 0.00296400498491005 0.00106307183472132 0.00609980370916374 0.00559962146005974 0.00246390791558586 0.00421092114355202 0.00116070317155163 0.000867901639065125 0.00679314305217887 0.00397442358748513 0.00196226975207875 -0.00141366763032082 0.0074825049542471 0.00274602346935663 0.0035135520821635 0.0010826085610047 0.00394661009573385 0.00084772881496081
"V2" -0.00014892655619638 0.00719386150568503 0.000389182501675466 0.000760504315003366 0.000599770790072936 -3.49961565158321e-05 -0.00216402117440551 0.000531576850769702 0.0010808406180169 0.00126587744530419 4.80601368050295e-05 0.000927864353361412 0.000586432059047822 0.00103422921876841 0.00246501465611678 -0.000495217173483413 0.000349442704648557 -0.000121789787885791 0.000934567986731708 0.00173376107658326 0.00118005895924615 0.0014874529122217 0.000118340391777123 0.00184431558577087 0.00192129001437956 0.000610790991915186 0.00118536577228537 0.00184936045493677 -0.000844705030613632 0.000687221760128387 -0.000524628267418624 0.00243071391719466 -0.00111020205709906 -0.00188931904200474 -0.000566389338970501 0.00019350706516603 0.000680677686099468 0.000782380196486872
"V3" 0.00712463473235209 0.000389182501675466 0.00519278734467037 0.00269894384569488 0.00235899384910824 0.00287498982825021 0.00258971712465932 0.00303482809656564 0.00238233055878592 0.00108183746995445 0.00267263030021557 0.0030610383989541 0.00161342591678066 -0.000914472545951766 0.00254636268782316 0.00157440631169872 0.00108300289909921 0.0005539333998693 -0.00123585665141689 -0.00112474441471086 0.00173098866170902 0.00151762667334787 0.00300756981100147 0.00298474947556167 0.00155047501567156 0.0033600857244919 -0.000469763434029045 0.00055018209719108 0.00350208612490621 0.00236427353763669 0.00103003587845303 -9.72072074435721e-05 0.00330086337829002 0.0013228143077148 0.00122671479325248 0.00108058058287312 0.0021935963762985 -3.60072983289947e-05
"V4" 0.00368413640981351 0.000760504315003366 0.00269894384569488 0.00752957240559383 0.00241895424248581 0.00231417161909851 0.00153171598673552 0.00566400950107224 0.00189015106199386 0.00120543775542452 0.00288023483784583 0.00164270024757813 0.00159895381085439 0.000150872895919838 0.0014485900694765 0.00164351466076551 0.00159236823421984 0.00101807328099108 -0.00027223076280083 -0.00384884403846443 0.0011726262907512 -0.00156469222164988 0.00225282606314351 0.00194803634422037 0.000831719411225817 0.00171561158867137 0.00170825749432752 0.00172539609402866 0.00309455602171502 0.00207449306453607 0.00183711796321496 0.000132615381441451 0.00270684904238288 0.00157510655798355 0.00341073155406575 0.00115555147485745 0.00142956823416206 -0.00133803170265116
"V5" 0.00275805939372154 0.000599770790072936 0.00235899384910824 0.00241895424248581 0.00400958351642313 0.00223142373187432 0.00182702284748188 0.00217808996782997 0.00309768656590392 0.00112511759486469 0.00169330516181576 0.00195852790828063 0.00105901424665511 -5.78851094736378e-05 0.00290283900045969 0.00114395908348226 0.00117391196481818 0.00108414683900136 0.000320669385217602 -9.9608138847818e-05 0.00177427312745834 0.00392095310466238 0.00387101922378593 -0.00141172509118429 0.000578084170299199 0.00284801679052964 0.00101210817779752 0.0010229458000553 0.00213353834713144 0.00197870906830004 0.00157334803960239 0.00102917831492405 0.00140533358932043 0.00114286992771156 0.00057248198259693 0.00160468843751963 0.00179059820421893 0.000342583276140572
"V6" 0.00393676344360893 -3.49961565158321e-05 0.00287498982825021 0.00231417161909851 0.00223142373187432 0.00295175573587567 0.000764844854333412 0.00223130975337539 0.00191307781524212 0.000998574266730868 0.00187330792021292 0.00190380126864571 0.00127822035842905 -0.000350316050235075 0.0017749053384976 0.00160984918615098 0.00118023187719275 0.000760005296819131 -0.000130867505988286 -0.00126422158549793 0.0014781200583977 0.00151130720288926 0.00251841331211811 0.00162110050234123 0.000721306617941033 0.00236434540274383 0.000603135382329284 0.000500834883511489 0.00242292065937866 0.00225742025030242 0.000394428272138401 -0.000702774762870695 0.00239726203614528 0.000842406725165533 0.000509649329696445 0.00106384437861571 0.00194230312225718 0.000297849993394287
"V7" 0.00404761475264002 -0.00216402117440551 0.00258971712465932 0.00153171598673552 0.00182702284748188 0.000764844854333412 0.0120414486260028 0.00188238358027295 0.00202749270041608 0.00127217347304589 0.000869763630027063 0.00205663923776112 0.00259301223384024 0.00128632365164813 0.00316248296006544 0.00125951349695823 0.00109620929854582 0.00116567084101761 3.60423402663257e-05 0.00196893515857159 0.00246027377469233 0.00139882119353952 0.00165518226282537 0.00148856729749611 0.00257311636329918 0.0030246080689413 0.00124896535923388 0.00159875756223416 0.00306044639029658 0.00102634473990412 0.00382042032179374 0.000745253713156126 0.0025290956757452 0.00165903970770571 0.00382212784786445 0.0014484695905348 0.00225417374064798 0.00104503188572297
"V8" 0.00539777509686222 0.000531576850769702 0.00303482809656564 0.00566400950107224 0.00217808996782997 0.00223130975337539 0.00188238358027295 0.00604878471555277 0.00251586085756776 0.00164139005953637 0.00349005157365302 0.00239579085867754 0.00227037954423157 -5.43321380076217e-05 0.00167093709447208 0.00209465414568581 0.00161546181945199 0.00138180901463662 -0.000557158226105267 -0.00285373293489612 0.00151005737115639 -0.00159627698577595 0.00303170032810763 0.00255260210433341 0.00108727385702539 0.00218489009970449 0.00157833023533996 0.00127457958069122 0.0039484866626172 0.00198644164488745 0.00256519399143085 -0.000232265024147524 0.00385880461765371 0.00155731278297342 0.00340989244225215 0.0013771876269611 0.00172978736854071 -0.000495336805475087
"V9" 0.00378959962961166 0.0010808406180169 0.00238233055878592 0.00189015106199386 0.00309768656590392 0.00191307781524212 0.00202749270041608 0.00251586085756776 0.00306792266872463 0.00141318093767808 0.00199924636933019 0.00237383598062107 0.00141390013288529 7.88137344494016e-05 0.00293429862576921 0.0013928897069141 0.00129722550581457 0.00117959077713277 0.000478546271851708 0.00019720156556256 0.00207351589990655 0.00321697414672366 0.00358880360595042 0.000186391867689217 0.00119095123025287 0.00265195669110757 0.0012699199567676 0.00110861947487636 0.00226929430579858 0.00197012445212954 0.00162593554558091 0.00107532670521099 0.00191375911602451 0.000977892938887085 0.0010440496040698 0.00148670778289726 0.00201195122377956 0.000645101885578616
"V10" 0.00156731979430747 0.00126587744530419 0.00108183746995445 0.00120543775542452 0.00112511759486469 0.000998574266730868 0.00127217347304589 0.00164139005953637 0.00141318093767808 0.00472396965723018 0.00145958582098924 0.00156380678320009 0.00461865132365371 0.00209659340753594 0.00173445335590688 0.00109189060507213 0.000967497832530617 0.000919389059703029 -0.000398513656862456 0.00103926031387302 0.00144822475468672 0.000643992385218897 0.00106516297162172 0.00134537096824128 0.00146145498699222 0.00246273841204261 0.00110788091537516 0.00115470172264183 0.00252725360534747 0.00161274355550593 0.001730600991337 1.361025209758e-05 0.0028910153340723 -0.00195389099642922 0.00208767436727292 0.00131479524641797 0.00251810333793019 0.00184560135552504
"V11" 0.0052281487174952 4.80601368050295e-05 0.00267263030021557 0.00288023483784583 0.00169330516181576 0.00187330792021292 0.000869763630027063 0.00349005157365302 0.00199924636933019 0.00145958582098924 0.00391535378258333 0.00216253955402704 0.00153608498347355 -0.000970466977789591 0.00107906763950542 0.00180407075902095 0.0011273138678939 0.000846530706618812 -0.000603642884572979 -0.000961046992972205 0.00118399450361129 2.39189158033302e-05 0.00331953073996873 0.0031480357031326 0.000785478477063862 0.00199993900169941 0.000853167237338677 0.000496126504548038 0.0040015628307194 0.00201950062360743 0.000743930553095196 -0.000563555084596871 0.00366882631551714 0.000668414982353411 0.0014347527443658 0.000691711171190182 0.00147559026168023 0.000217273051415189
"V12" 0.00450914461748583 0.000927864353361412 0.0030610383989541 0.00164270024757813 0.00195852790828063 0.00190380126864571 0.00205663923776112 0.00239579085867754 0.00237383598062107 0.00156380678320009 0.00216253955402704 0.00346467322891475 0.00152269119396401 0.000244217606641186 0.00242319151453987 0.00174025257253206 0.00148896873659148 0.00139218788571885 0.000367551788839375 0.000561277565684801 0.00232853274682075 0.00203605611011525 0.00277739299739489 0.00175818667248318 0.00150486587530999 0.00212229821363724 0.000490693393171954 0.00105045003082885 0.00227770294890471 0.00192860236973292 0.0021060979968897 0.000418170961132859 0.00224062112633536 0.000898371499930898 0.00129164596806648 0.00145322837688838 0.00235515876387101 0.000831615065679953
"V13" 0.00254242592951068 0.000586432059047822 0.00161342591678066 0.00159895381085439 0.00105901424665511 0.00127822035842905 0.00259301223384024 0.00227037954423157 0.00141390013288529 0.00461865132365371 0.00153608498347355 0.00152269119396401 0.0062542141115688 0.00233499138192112 0.000486248061162636 0.00133408615358346 0.000701019994523569 0.000392706344379392 -0.00250570829562372 0.000348449138055619 0.0013501171597999 -0.000115060704080558 0.00103718350208688 0.000950203631452641 0.0010084834003292 0.00288203687290969 0.000675673007891361 0.000408772445736357 0.0037396355734643 0.00159358966174515 0.00220313317827607 -0.00184095832158061 0.00458966072315179 -0.00106115630374111 0.00274449016776792 0.00131110822514492 0.00277828174824634 0.0024553557826369
"V14" -0.00235980942029127 0.00103422921876841 -0.000914472545951766 0.000150872895919838 -5.78851094736378e-05 -0.000350316050235075 0.00128632365164813 -5.43321380076217e-05 7.88137344494016e-05 0.00209659340753594 -0.000970466977789591 0.000244217606641186 0.00233499138192112 0.00303484662034519 0.000640432869820609 0.000170198396529515 0.000396887891226217 0.000463767270604271 0.000611047763249873 0.00144307157384528 0.000801139193504971 0.000192652929383352 -0.0013049888826874 -0.000283806868656977 0.00100763969830236 0.000376442175125304 0.000721445789170984 0.000893278068769772 -0.000752984701846222 0.000115977600878289 0.000927459532794745 0.000486713481738272 -0.000326721772928756 -0.000694099477043897 0.00145881798956461 0.000720822401143646 0.00113872677983261 0.00152674598805882
"V15" 0.00370320693902716 0.00246501465611678 0.00254636268782316 0.0014485900694765 0.00290283900045969 0.0017749053384976 0.00316248296006544 0.00167093709447208 0.00293429862576921 0.00173445335590688 0.00107906763950542 0.00242319151453987 0.000486248061162636 0.000640432869820609 0.0109485918788069 0.000791008072770541 0.00116227690036145 0.000220613171481173 0.000724623320226025 0.0010954932335887 0.00318270881547468 0.00308085795395781 0.00428171122088672 0.0019766728065158 0.00477248289802001 0.00371098636211873 0.00250760247939189 0.00298094778542477 0.00189738398508255 0.00296835282585616 0.00394263564863963 0.00310347604829041 0.00062336871945344 0.00197155477574329 0.00278323711009245 0.00107886505879473 0.00309829184020086 -0.000314986411701937
"V16" 0.00312641465429364 -0.000495217173483413 0.00157440631169872 0.00164351466076551 0.00114395908348226 0.00160984918615098 0.00125951349695823 0.00209465414568581 0.0013928897069141 0.00109189060507213 0.00180407075902095 0.00174025257253206 0.00133408615358346 0.000170198396529515 0.000791008072770541 0.00265965430184057 0.00147361107961263 0.00132599384458212 0.000616596055646748 -0.000425525694702396 0.00149547547894206 0.000287926614140012 0.00221588442841965 0.00160186290763759 0.000559407473120151 0.00176943926002911 0.0012698179542449 -3.60350013968013e-05 0.00248913201639608 0.00182790093811593 0.00109413819255593 -0.0011190783185333 0.00276269776305911 0.00100710967438356 0.000818308973824121 0.000941716649352339 0.0015147176648092 0.000630607040476267
"V17" 0.00186264590688876 0.000349442704648557 0.00108300289909921 0.00159236823421984 0.00117391196481818 0.00118023187719275 0.00109620929854582 0.00161546181945199 0.00129722550581457 0.000967497832530617 0.0011273138678939 0.00148896873659148 0.000701019994523569 0.000396887891226217 0.00116227690036145 0.00147361107961263 0.00143716959749966 0.0013871783179321 0.0013418337080637 -1.46446816215484e-05 0.00141950763360315 0.000873320513983813 0.00145480569740111 0.00135941568583036 0.000908519114345162 0.00116863800160333 0.00142921071309307 0.00116695447391123 0.00105553083514124 0.00138249165660379 0.00113097258147069 0.000499259062210969 0.00119684060798528 0.0004409523331295 0.000903403541257218 0.00104851829804204 0.00145251256656777 2.85113217460238e-05
"V18" 0.000705768572302464 -0.000121789787885791 0.0005539333998693 0.00101807328099108 0.00108414683900136 0.000760005296819131 0.00116567084101761 0.00138180901463662 0.00117959077713277 0.000919389059703029 0.000846530706618812 0.00139218788571885 0.000392706344379392 0.000463767270604271 0.000220613171481173 0.00132599384458212 0.0013871783179321 0.00243253861880641 0.00248228523542859 0.000283068292990057 0.00115018436525343 0.0008878800697748 0.000912462840188372 0.00108963657421735 0.000349843570073622 0.000831650855005572 0.00177885771782264 0.000715942144293828 0.000310715889730432 0.000524990477142346 0.00159255798521201 0.0015226721082853 0.000494190775819304 -1.44827030165679e-05 0.000277807487375844 0.00152526995341308 0.000902815190026291 0.000241344985380273
"V19" -0.00225073415928031 0.000934567986731708 -0.00123585665141689 -0.00027223076280083 0.000320669385217602 -0.000130867505988286 3.60423402663257e-05 -0.000557158226105267 0.000478546271851708 -0.000398513656862456 -0.000603642884572979 0.000367551788839375 -0.00250570829562372 0.000611047763249873 0.000724623320226025 0.000616596055646748 0.0013418337080637 0.00248228523542859 0.0072937352987458 0.00108288034443528 0.000935410720583233 0.0021126411514165 -0.000880364222398882 0.002043722966791 0.000310239627389201 -0.00132867866272246 0.00173125089092167 0.00127234374691435 -0.0030516274036643 -0.000145096023308093 -0.00208256463048166 0.00467176707147743 -0.00353289940381207 -0.00106883379236319 -0.000527164433412086 0.00103640450128141 -0.000193462325357491 -0.000256095315167946
"V21" -0.0019928995004177 0.00173376107658326 -0.00112474441471086 -0.00384884403846443 -9.9608138847818e-05 -0.00126422158549793 0.00196893515857159 -0.00285373293489612 0.00019720156556256 0.00103926031387302 -0.000961046992972205 0.000561277565684801 0.000348449138055619 0.00144307157384528 0.0010954932335887 -0.000425525694702396 -1.46446816215484e-05 0.000283068292990057 0.00108288034443528 0.0070806786168354 0.001373906061575 0.00241527005049103 -0.000571079910357581 6.87529387433968e-05 0.00199056221922829 0.000699266962804959 0.000171476399260491 0.000964325101548821 -0.000252042122513706 -0.000299554646415298 0.000786784312116279 0.000593350691418493 -0.00139608627548986 -0.000766099370033863 -0.000659516695210393 0.000307470424158932 0.0010259656216271 0.00280845416988203
"V22" 0.00296400498491005 0.00118005895924615 0.00173098866170902 0.0011726262907512 0.00177427312745834 0.0014781200583977 0.00246027377469233 0.00151005737115639 0.00207351589990655 0.00144822475468672 0.00118399450361129 0.00232853274682075 0.0013501171597999 0.000801139193504971 0.00318270881547468 0.00149547547894206 0.00141950763360315 0.00115018436525343 0.000935410720583233 0.001373906061575 0.0027731937999199 0.0023114476036077 0.00265120405048767 0.00152896498871436 0.00217131368479952 0.00203573336161673 0.00151085425085061 0.00155071694013963 0.00179869614551884 0.00193417779508354 0.00216246773031792 0.000547939403147261 0.00131442377225032 0.000890246426606184 0.00148340937420551 0.00121347354174162 0.00254298781406633 0.000975461679879251
"V23" 0.00106307183472132 0.0014874529122217 0.00151762667334787 -0.00156469222164988 0.00392095310466238 0.00151130720288926 0.00139882119353952 -0.00159627698577595 0.00321697414672366 0.000643992385218897 2.39189158033302e-05 0.00203605611011525 -0.000115060704080558 0.000192652929383352 0.00308085795395781 0.000287926614140012 0.000873320513983813 0.0008878800697748 0.0021126411514165 0.00241527005049103 0.0023114476036077 0.0090806096514862 0.00323297223756289 -0.00311793251527327 0.000503493275290892 0.00224892511222912 0.000374314652258625 0.000831561415741177 -0.000788518788523329 0.00140724729004697 -0.000370353873704127 0.00273442092519411 -0.00130860565262142 -0.000277564603138183 -0.00194321356246895 0.00139885994858159 0.00172966809589301 0.00106369990132091
"V24" 0.00609980370916374 0.000118340391777123 0.00300756981100147 0.00225282606314351 0.00387101922378593 0.00251841331211811 0.00165518226282537 0.00303170032810763 0.00358880360595042 0.00106516297162172 0.00331953073996873 0.00277739299739489 0.00103718350208688 -0.0013049888826874 0.00428171122088672 0.00221588442841965 0.00145480569740111 0.000912462840188372 -0.000880364222398882 -0.000571079910357581 0.00265120405048767 0.00323297223756289 0.00839571966790184 0.00012327580564144 0.00141700089569703 0.00246848631727683 0.00154268735683941 0.00082327315473069 0.00423066874668997 0.00305599886781938 0.00335973436936576 0.000581241427036124 0.00355433182891014 0.00213971232849969 0.0010899698948083 0.00131485696110075 0.001996495604567 -0.000118730150127797
"V25" 0.00559962146005974 0.00184431558577087 0.00298474947556167 0.00194803634422037 -0.00141172509118429 0.00162110050234123 0.00148856729749611 0.00255260210433341 0.000186391867689217 0.00134537096824128 0.0031480357031326 0.00175818667248318 0.000950203631452641 -0.000283806868656977 0.0019766728065158 0.00160186290763759 0.00135941568583036 0.00108963657421735 0.002043722966791 6.87529387433968e-05 0.00152896498871436 -0.00311793251527327 0.00012327580564144 0.0141133197964367 0.00412741055267714 0.00111537707145029 0.00319441666941396 0.00142839763634837 0.00194109344636937 0.00205297127471504 -0.00349233048016783 0.00198288562401892 0.00256968715265332 -1.60744011185285e-05 0.0012330630502837 0.000273920649712946 0.00210848907176887 0.000532371171364129
"V26" 0.00246390791558586 0.00192129001437956 0.00155047501567156 0.000831719411225817 0.000578084170299199 0.000721306617941033 0.00257311636329918 0.00108727385702539 0.00119095123025287 0.00146145498699222 0.000785478477063862 0.00150486587530999 0.0010084834003292 0.00100763969830236 0.00477248289802001 0.000559407473120151 0.000908519114345162 0.000349843570073622 0.000310239627389201 0.00199056221922829 0.00217131368479952 0.000503493275290892 0.00141700089569703 0.00412741055267714 0.00546458366207314 0.00209574423457714 0.00250047554192449 0.00209356584571461 0.00167500327107317 0.00175193653888625 0.00259442341882261 0.00200663448091809 0.00063588604450613 0.00128430466303545 0.00161031511178731 0.000760614576222021 0.00262089152835551 0.000535570122126869
"V27" 0.00421092114355202 0.000610790991915186 0.0033600857244919 0.00171561158867137 0.00284801679052964 0.00236434540274383 0.0030246080689413 0.00218489009970449 0.00265195669110757 0.00246273841204261 0.00199993900169941 0.00212229821363724 0.00288203687290969 0.000376442175125304 0.00371098636211873 0.00176943926002911 0.00116863800160333 0.000831650855005572 -0.00132867866272246 0.000699266962804959 0.00203573336161673 0.00224892511222912 0.00246848631727683 0.00111537707145029 0.00209574423457714 0.00589588806488485 0.000971030003770999 0.000705055921244017 0.00391936720496403 0.00261847531888612 0.00264119076011651 -0.000473604089380996 0.00351358917335541 0.000852457298430197 0.00103176215474375 0.00124856224884815 0.00299452043973562 0.000877179631788573
"V28" 0.00116070317155163 0.00118536577228537 -0.000469763434029045 0.00170825749432752 0.00101210817779752 0.000603135382329284 0.00124896535923388 0.00157833023533996 0.0012699199567676 0.00110788091537516 0.000853167237338677 0.000490693393171954 0.000675673007891361 0.000721445789170984 0.00250760247939189 0.0012698179542449 0.00142921071309307 0.00177885771782264 0.00173125089092167 0.000171476399260491 0.00151085425085061 0.000374314652258625 0.00154268735683941 0.00319441666941396 0.00250047554192449 0.000971030003770999 0.00719272403832728 0.00117713251043032 -0.000354335484959635 0.00117748488182561 0.00242165736444758 0.00253696946809676 0.00156690911862 0.000619185415140863 0.0012615082514257 0.0013902383713664 0.00214848037261089 0.00107203173629178
"V29" 0.000867901639065125 0.00184936045493677 0.00055018209719108 0.00172539609402866 0.0010229458000553 0.000500834883511489 0.00159875756223416 0.00127457958069122 0.00110861947487636 0.00115470172264183 0.000496126504548038 0.00105045003082885 0.000408772445736357 0.000893278068769772 0.00298094778542477 -3.60350013968013e-05 0.00116695447391123 0.000715942144293828 0.00127234374691435 0.000964325101548821 0.00155071694013963 0.000831561415741177 0.00082327315473069 0.00142839763634837 0.00209356584571461 0.000705055921244017 0.00117713251043032 0.00328214785485637 0.000609030137229233 0.00110103960231089 0.00176407985316942 0.00176548851359703 -0.000127640593873354 2.85702533092957e-05 0.00179171941685559 0.000736877072257614 0.00161235222190462 -0.000435191132648551
"V30" 0.00679314305217887 -0.000844705030613632 0.00350208612490621 0.00309455602171502 0.00213353834713144 0.00242292065937866 0.00306044639029658 0.0039484866626172 0.00226929430579858 0.00252725360534747 0.0040015628307194 0.00227770294890471 0.0037396355734643 -0.000752984701846222 0.00189738398508255 0.00248913201639608 0.00105553083514124 0.000310715889730432 -0.0030516274036643 -0.000252042122513706 0.00179869614551884 -0.000788518788523329 0.00423066874668997 0.00194109344636937 0.00167500327107317 0.00391936720496403 -0.000354335484959635 0.000609030137229233 0.00904441376641194 0.00288009018690449 0.00298735563443533 -0.00309516693236254 0.0063755671877645 0.00199940510785551 0.00264965625726082 0.000876296162945987 0.00234710226178723 0.00120921350934841
"V31" 0.00397442358748513 0.000687221760128387 0.00236427353763669 0.00207449306453607 0.00197870906830004 0.00225742025030242 0.00102634473990412 0.00198644164488745 0.00197012445212954 0.00161274355550593 0.00201950062360743 0.00192860236973292 0.00159358966174515 0.000115977600878289 0.00296835282585616 0.00182790093811593 0.00138249165660379 0.000524990477142346 -0.000145096023308093 -0.000299554646415298 0.00193417779508354 0.00140724729004697 0.00305599886781938 0.00205297127471504 0.00175193653888625 0.00261847531888612 0.00117748488182561 0.00110103960231089 0.00288009018690449 0.00315570573294229 0.000826697337585828 -0.000686352379439626 0.00265665641118781 0.00120045992693343 0.00106887983750806 0.00100476227543689 0.00253773094372412 0.000658019845121324
"V32" 0.00196226975207875 -0.000524628267418624 0.00103003587845303 0.00183711796321496 0.00157334803960239 0.000394428272138401 0.00382042032179374 0.00256519399143085 0.00162593554558091 0.001730600991337 0.000743930553095196 0.0021060979968897 0.00220313317827607 0.000927459532794745 0.00394263564863963 0.00109413819255593 0.00113097258147069 0.00159255798521201 -0.00208256463048166 0.000786784312116279 0.00216246773031792 -0.000370353873704127 0.00335973436936576 -0.00349233048016783 0.00259442341882261 0.00264119076011651 0.00242165736444758 0.00176407985316942 0.00298735563443533 0.000826697337585828 0.0125803816532998 0.000180854143390062 0.0019357593169637 0.00187366037811376 0.00312678382589098 0.00190904965461769 0.00261576534978774 -0.000432005971034551
"V33" -0.00141366763032082 0.00243071391719466 -9.72072074435721e-05 0.000132615381441451 0.00102917831492405 -0.000702774762870695 0.000745253713156126 -0.000232265024147524 0.00107532670521099 1.361025209758e-05 -0.000563555084596871 0.000418170961132859 -0.00184095832158061 0.000486713481738272 0.00310347604829041 -0.0011190783185333 0.000499259062210969 0.0015226721082853 0.00467176707147743 0.000593350691418493 0.000547939403147261 0.00273442092519411 0.000581241427036124 0.00198288562401892 0.00200663448091809 -0.000473604089380996 0.00253696946809676 0.00176548851359703 -0.00309516693236254 -0.000686352379439626 0.000180854143390062 0.0096090856968368 -0.00383032786922683 -0.000961226008350125 -0.000187276333689128 0.00110663997426694 -0.000147998438039081 -0.0015148522555501
"V34" 0.0074825049542471 -0.00111020205709906 0.00330086337829002 0.00270684904238288 0.00140533358932043 0.00239726203614528 0.0025290956757452 0.00385880461765371 0.00191375911602451 0.0028910153340723 0.00366882631551714 0.00224062112633536 0.00458966072315179 -0.000326721772928756 0.00062336871945344 0.00276269776305911 0.00119684060798528 0.000494190775819304 -0.00353289940381207 -0.00139608627548986 0.00131442377225032 -0.00130860565262142 0.00355433182891014 0.00256968715265332 0.00063588604450613 0.00351358917335541 0.00156690911862 -0.000127640593873354 0.0063755671877645 0.00265665641118781 0.0019357593169637 -0.00383032786922683 0.0101008045033467 0.00136218473531436 0.00370564026175731 0.000456628143805509 0.00298348558118389 0.00201230249329191
"V35" 0.00274602346935663 -0.00188931904200474 0.0013228143077148 0.00157510655798355 0.00114286992771156 0.000842406725165533 0.00165903970770571 0.00155731278297342 0.000977892938887085 -0.00195389099642922 0.000668414982353411 0.000898371499930898 -0.00106115630374111 -0.000694099477043897 0.00197155477574329 0.00100710967438356 0.0004409523331295 -1.44827030165679e-05 -0.00106883379236319 -0.000766099370033863 0.000890246426606184 -0.000277564603138183 0.00213971232849969 -1.60744011185285e-05 0.00128430466303545 0.000852457298430197 0.000619185415140863 2.85702533092957e-05 0.00199940510785551 0.00120045992693343 0.00187366037811376 -0.000961226008350125 0.00136218473531436 0.00599020839743633 0.00116753992232881 0.000460617129051018 0.000868709048987343 0.000190209388074929
"V36" 0.0035135520821635 -0.000566389338970501 0.00122671479325248 0.00341073155406575 0.00057248198259693 0.000509649329696445 0.00382212784786445 0.00340989244225215 0.0010440496040698 0.00208767436727292 0.0014347527443658 0.00129164596806648 0.00274449016776792 0.00145881798956461 0.00278323711009245 0.000818308973824121 0.000903403541257218 0.000277807487375844 -0.000527164433412086 -0.000659516695210393 0.00148340937420551 -0.00194321356246895 0.0010899698948083 0.0012330630502837 0.00161031511178731 0.00103176215474375 0.0012615082514257 0.00179171941685559 0.00264965625726082 0.00106887983750806 0.00312678382589098 -0.000187276333689128 0.00370564026175731 0.00116753992232881 0.00901609483451988 0.000806712749166695 0.00240091113305635 -0.000307811798448547
"V37" 0.0010826085610047 0.00019350706516603 0.00108058058287312 0.00115555147485745 0.00160468843751963 0.00106384437861571 0.0014484695905348 0.0013771876269611 0.00148670778289726 0.00131479524641797 0.000691711171190182 0.00145322837688838 0.00131110822514492 0.000720822401143646 0.00107886505879473 0.000941716649352339 0.00104851829804204 0.00152526995341308 0.00103640450128141 0.000307470424158932 0.00121347354174162 0.00139885994858159 0.00131485696110075 0.000273920649712946 0.000760614576222021 0.00124856224884815 0.0013902383713664 0.000736877072257614 0.000876296162945987 0.00100476227543689 0.00190904965461769 0.00110663997426694 0.000456628143805509 0.000460617129051018 0.000806712749166695 0.00197644263643511 0.00158623177968889 0.000775020808267345
"V38" 0.00394661009573385 0.000680677686099468 0.0021935963762985 0.00142956823416206 0.00179059820421893 0.00194230312225718 0.00225417374064798 0.00172978736854071 0.00201195122377956 0.00251810333793019 0.00147559026168023 0.00235515876387101 0.00277828174824634 0.00113872677983261 0.00309829184020086 0.0015147176648092 0.00145251256656777 0.000902815190026291 -0.000193462325357491 0.0010259656216271 0.00254298781406633 0.00172966809589301 0.001996495604567 0.00210848907176887 0.00262089152835551 0.00299452043973562 0.00214848037261089 0.00161235222190462 0.00234710226178723 0.00253773094372412 0.00261576534978774 -0.000147998438039081 0.00298348558118389 0.000868709048987343 0.00240091113305635 0.00158623177968889 0.00511158206002495 0.00167390961279012
"V39" 0.00084772881496081 0.000782380196486872 -3.60072983289947e-05 -0.00133803170265116 0.000342583276140572 0.000297849993394287 0.00104503188572297 -0.000495336805475087 0.000645101885578616 0.00184560135552504 0.000217273051415189 0.000831615065679953 0.0024553557826369 0.00152674598805882 -0.000314986411701937 0.000630607040476267 2.85113217460238e-05 0.000241344985380273 -0.000256095315167946 0.00280845416988203 0.000975461679879251 0.00106369990132091 -0.000118730150127797 0.000532371171364129 0.000535570122126869 0.000877179631788573 0.00107203173629178 -0.000435191132648551 0.00120921350934841 0.000658019845121324 -0.000432005971034551 -0.0015148522555501 0.00201230249329191 0.000190209388074929 -0.000307811798448547 0.000775020808267345 0.00167390961279012 0.00653060289808587
