"" "V1" "V2" "V3" "V4" "V5" "V6" "V7" "V8" "V9" "V10" "V11" "V12" "V13" "V14" "V15" "V16" "V17" "V18" "V19" "V21" "V22" "V23" "V24" "V25" "V26" "V27" "V28" "V29" "V30" "V31" "V32" "V33" "V34" "V35" "V36" "V37" "V38" "V39"
"V1" 0.00528101062099444 0.00199483933808993 0.00339521381447269 0.00102594992403214 0.00150047058074428 0.00205337868378979 -0.000238945357419921 0.00156796469189378 0.00141470628517264 0.00159715721612412 0.00224400670149674 0.00110370907452815 0.00185042770007328 0.000244043566832101 0.000268326479612292 0.00157768049347208 0.00116508804331315 0.000838285767253499 0.000301255065773651 -0.000391175176580978 0.000955567523552906 0.00128234443011328 0.00163039686318464 0.000836320303012172 0.000699043719209782 0.00297595731305444 0.0011976299687481 -6.81691512731398e-05 0.00150356094991059 0.00196360920066165 0.0014472519352879 0.00119355344292312 0.00144257238273749 0.00129124808922951 -0.00195265825913332 0.00126286473240641 0.00193971780002407 0.00041798754886824
"V2" 0.00199483933808993 0.013947596639518 0.00188145355223115 0.00367339557564318 0.00170091459196614 0.00119269857901017 -0.00726818678079044 0.00254434604434004 0.00216314217679225 -0.00175704083245844 0.000601389893942127 0.00188316012809687 -0.00224180633441836 -0.000420958630641795 0.00179100536807918 0.000656880505953074 0.00162001373194286 0.0023647817827957 0.00272154088733648 -0.00158101391233584 0.00167219411395315 0.00053595441658616 0.000854479454304628 0.000486902424579161 0.00186733605424918 0.003362858186166 0.0046686322168716 0.0012567928735526 -0.00113544837922046 0.00119909102128469 0.00456719527769024 0.00290242841574217 -0.00392784995451868 0.00632951760339462 -0.00423887249021845 0.00255833272142641 0.00133559205510522 0.00232930701852244
"V3" 0.00339521381447269 0.00188145355223115 0.00471877412231438 0.00221248248760755 0.00274084590169127 0.00360743889416092 2.65483457641908e-05 0.00189849978000736 0.00221942124167632 0.00247603681897705 0.00181453429898538 0.00309914813740775 0.00223479105104606 0.000724211742644692 0.000820582803236773 0.00191581630914803 0.00192462357931211 0.00198117459530209 0.00158474381503609 -0.000671421435327543 0.00150262103456325 0.00350644089965928 0.00159229241504938 0.00165342833376019 0.000768749699099995 0.00289938139992755 -0.000955270592058158 0.00112048225888019 0.00220437804767782 0.00250261336551816 -4.99353005085945e-05 0.00138159026167165 0.000606739000817364 0.000235965502952744 -0.00397131816536262 0.00222706502949296 0.0023869487049237 0.000302205399818837
"V4" 0.00102594992403214 0.00367339557564318 0.00221248248760755 0.00630820697676519 0.00283483888043609 0.00172428625274748 -0.000375310027220799 0.00390147378374305 0.00189029947610087 0.000521481920404289 0.000915035203491561 0.00165341236162257 0.000180570343952812 -0.00010087592762333 0.000602117017928453 0.00161089845601477 0.00153103008927526 0.00204736584551972 0.00146494312497512 -0.00355294241295402 0.000536309316653713 0.000151078508243635 0.00139165372131184 -0.0017826496167596 0.000348430537300288 0.0030393299784896 0.00231256210861372 0.000275828560274524 0.000507100800664512 0.00145777948784068 0.00386783714583079 0.000604014758942809 -0.000859015512421666 0.00205006296798283 -0.00339710692669757 0.00177488165871852 0.00146928733838543 0.00297124576501113
"V5" 0.00150047058074428 0.00170091459196614 0.00274084590169127 0.00283483888043609 0.0035756797734164 0.00280568081571729 3.08828746855974e-05 0.00236166797910621 0.00271963181965747 0.00164045085036179 0.00143065567070282 0.00257018387877678 0.0014528651187893 0.000739055128286052 0.000417385958484966 0.00190963588362883 0.00169495863671889 0.00202129131688113 0.00223785853842201 -0.00149679684504021 0.00131084151989899 0.00367907361959404 0.00236950309413676 -0.00070884074897168 -0.000277344350750986 0.00270559863890564 0.000741810187034956 0.000486694554094509 0.00141390417197713 0.00198087540650783 0.00018100075468603 0.0018071553880792 0.000430926731388374 0.000160649425324426 -0.00403107951191282 0.00184049291284025 0.00243578552639115 0.000977520066466469
"V6" 0.00205337868378979 0.00119269857901017 0.00360743889416092 0.00172428625274748 0.00280568081571729 0.00377518525784785 -0.00049964818880651 0.00157584578745505 0.00219059297421918 0.00263798685507773 0.00147107871621515 0.00283894296141664 0.00219431788546967 0.000924686088290548 0.000693456722037716 0.00168956698154666 0.00169833995516995 0.00185103263345466 0.00200953899835477 -0.000449331128747355 0.00164481558847432 0.00371632973620229 0.0016152592269859 0.00157799756288525 0.000104580633825522 0.00207557416495636 -0.000612430705924308 0.00102163133116896 0.00187024846681335 0.00208764143975435 -0.00130378078292764 0.00186038232857903 0.000837698634690459 -0.00115445747670481 -0.00327600493176514 0.00185657472281441 0.00216171295482008 -0.000506092367478908
"V7" -0.000238945357419921 -0.00726818678079044 2.65483457641908e-05 -0.000375310027220799 3.08828746855974e-05 -0.00049964818880651 0.0109731780081014 -0.000774699333314912 -0.000638150132313368 0.000225107726768039 -0.00086414418901203 -0.000344841863641188 0.00174190672408414 0.000688742570020149 -0.000329579772249206 0.000302775834110353 -0.000155459951340336 -0.00053813883488921 -0.00127089299568586 0.00021588297969317 -0.000781177226237363 0.000488106853007155 0.000124125028084022 -0.00117927574872134 -0.000694796522739547 0.000181822444112017 -0.00146177918016101 -0.000285620023477476 0.000771696463691132 0.000136907310747986 -0.000900920910489155 -0.00133331625219523 0.00247471440746468 -0.00135593218110418 0.000728717122670217 -0.000454582892305832 0.000903778887729973 0.001052197264831
"V8" 0.00156796469189378 0.00254434604434004 0.00189849978000736 0.00390147378374305 0.00236166797910621 0.00157584578745505 -0.000774699333314912 0.00365802002230058 0.00199962591337848 0.000573313626360959 0.00126435322191833 0.00120332491295801 0.000304938664933397 -0.000147354235154067 0.000429953791618971 0.00144834006693533 0.00116742881376538 0.00151818131117946 0.0013408551107278 -0.0021506074187326 0.000496710274084771 8.39797001721333e-05 0.0015281953711416 -0.000724168918511881 6.57080970632849e-05 0.00243287430982263 0.00138181224533418 0.000108807185725013 0.00108614228527438 0.00137247215828966 0.00246048666190648 0.00121544108594698 -0.000141602701132071 0.00184185506214209 -0.00189124399973423 0.00130034511211025 0.00117794902320191 0.00206181927526497
"V9" 0.00141470628517264 0.00216314217679225 0.00221942124167632 0.00189029947610087 0.00271963181965747 0.00219059297421918 -0.000638150132313368 0.00199962591337848 0.00238309439727012 0.00116075852822594 0.00115803928379015 0.00212654357792388 0.000895059767662312 0.000508324460441728 0.000554377120516815 0.00149233952964856 0.00139719220452383 0.00168700895005957 0.0021321581615756 -0.000942286283246299 0.00119713353510493 0.00307221549192628 0.00185675772109474 5.63127161032165e-05 0.000111581046721564 0.002201770076134 0.000483569630386995 0.000584609841116757 0.00127743204214544 0.00167182854939119 -0.000134618324069379 0.00197254538469363 0.000132949732444811 0.000555298325298352 -0.00299952794266525 0.00154636551498316 0.0018619947132587 0.000512806986385972
"V10" 0.00159715721612412 -0.00175704083245844 0.00247603681897705 0.000521481920404289 0.00164045085036179 0.00263798685507773 0.000225107726768039 0.000573313626360959 0.00116075852822594 0.00733056564359816 0.00154118010362707 0.00184723309532572 0.0060414657846879 0.0021614245706516 0.000428730448883926 0.000989741900819015 0.0010160562177523 0.000751448267883088 0.000464677541482349 0.00115323577111653 0.00113583189913541 0.00280007708953456 0.00118226561042239 0.00189427067558366 -0.000141187270916184 0.000226615388229348 -0.00125480116871565 0.00117408247535621 0.00244391186689677 0.00162736796320641 -0.00137509864112423 0.00171846153028407 0.00277526193190389 -0.0092256104009978 0.00127871118784471 0.00097182233589894 0.000572952533276807 -0.00203875369667251
"V11" 0.00224400670149674 0.000601389893942127 0.00181453429898538 0.000915035203491561 0.00143065567070282 0.00147107871621515 -0.00086414418901203 0.00126435322191833 0.00115803928379015 0.00154118010362707 0.00208078598934362 0.000927724971887422 0.00135405460257499 0.000351205902049758 -0.000376737660380034 0.00119139259108013 0.000851356699369688 0.000731554615390585 0.000532317650348572 7.78329669620391e-05 0.000513061405474769 0.00104290605304512 0.00129102450413666 0.000316996430230539 0.000124519028125823 0.00142070760628809 0.000428737047630268 0.000151881195519016 0.00155788373589312 0.00124868124318947 0.000415771944711943 0.000759147034601077 0.0010180084538585 0.000329355410644503 -0.000998977794358637 0.000876077252564768 0.00119144227366438 7.07065330406541e-05
"V12" 0.00110370907452815 0.00188316012809687 0.00309914813740775 0.00165341236162257 0.00257018387877678 0.00283894296141664 -0.000344841863641188 0.00120332491295801 0.00212654357792388 0.00184723309532572 0.000927724971887422 0.0033339095964669 0.00143231638257919 0.000963804079716753 0.000870185938628552 0.00151217607477701 0.00174592870344092 0.00205376963496084 0.00229920450183281 -0.000640178499818395 0.00158231363548093 0.00404745848168335 0.00151306304918408 0.000985491124844804 0.000470042947723969 0.0017957110438227 -0.00115523174044542 0.00136749940467336 0.00150138508229086 0.00188394319949559 -0.00109175100206421 0.00190096389003701 -3.05221186578116e-06 -5.07618393030385e-05 -0.00413983467812787 0.00190987865674793 0.0020287152188526 9.94059554473205e-06
"V13" 0.00185042770007328 -0.00224180633441836 0.00223479105104606 0.000180570343952812 0.0014528651187893 0.00219431788546967 0.00174190672408414 0.000304938664933397 0.000895059767662312 0.0060414657846879 0.00135405460257499 0.00143231638257919 0.00615098574717442 0.00210933571724809 -0.000721443381264784 0.000955484691297808 0.000730237309598399 0.000310625953740494 -0.000519604904631049 0.000616520117225436 0.000631345645345162 0.00248363111663984 0.00110716288243232 0.000647100981259207 -0.000974711653586275 0.000558803569331787 -0.00134166120007796 0.000426398882204364 0.00236594075406518 0.00160386737377726 -0.00127605128013263 0.000699078578797785 0.00322316887776034 -0.00773871973261546 0.000752192046918618 0.000933166563198745 0.000932295776176706 -0.00121737631944832
"V14" 0.000244043566832101 -0.000420958630641795 0.000724211742644692 -0.00010087592762333 0.000739055128286052 0.000924686088290548 0.000688742570020149 -0.000147354235154067 0.000508324460441728 0.0021614245706516 0.000351205902049758 0.000963804079716753 0.00210933571724809 0.00151644839842492 -0.000171863490528681 0.000620703885539484 0.000589576119292382 0.000451496779155062 0.000631152832725484 0.000773283504642575 0.000654056318988583 0.00171678522389724 0.000556937710916919 1.36849088312759e-05 -0.000253726951962081 0.000185965697717351 -0.000735688448773747 0.000609485011246619 0.000716892339635419 0.000541314302309592 -0.000962395073894391 0.000889285429838782 0.00124057158852182 -0.00258241844207586 0.000272023950312859 0.000453839176162437 0.000581926468476223 -0.000619707248029374
"V15" 0.000268326479612292 0.00179100536807918 0.000820582803236773 0.000602117017928453 0.000417385958484966 0.000693456722037716 -0.000329579772249206 0.000429953791618971 0.000554377120516815 0.000428730448883926 -0.000376737660380034 0.000870185938628552 -0.000721443381264784 -0.000171863490528681 0.00673416495385773 -0.000266665275924718 0.000298753036729221 -0.0001901530858992 0.000642383292474524 -0.000646574878553352 0.00111154068432273 0.0006902879700752 0.000159871896371307 0.00308836069767554 0.00169005106763775 0.000786726157885208 0.00133796785389995 0.00148418834077013 0.000407437023408264 0.000407533829734907 0.00036158768112489 0.00239519909791 -0.0011310986492224 0.0011327297502061 0.000400149328826198 -0.000111671458240005 0.000796260862108963 -0.000844926612135
"V16" 0.00157768049347208 0.000656880505953074 0.00191581630914803 0.00161089845601477 0.00190963588362883 0.00168956698154666 0.000302775834110353 0.00144834006693533 0.00149233952964856 0.000989741900819015 0.00119139259108013 0.00151217607477701 0.000955484691297808 0.000620703885539484 -0.000266665275924718 0.00236099135247935 0.00153523870774856 0.00202998593405682 0.00213400112298764 -0.000682054858115191 0.000982920909801448 0.00180830902053325 0.00180007817679696 -0.000191798824158005 5.93631352310126e-05 0.00212135558259732 0.000495795691669764 -0.000138585578195607 0.00126491622847471 0.00139268743997612 0.00071051220751641 0.000974695036763745 0.000924793908938103 0.000704500476533607 -0.00303281069112627 0.00124288623753273 0.0017871559833641 0.00119070496861289
"V17" 0.00116508804331315 0.00162001373194286 0.00192462357931211 0.00153103008927526 0.00169495863671889 0.00169833995516995 -0.000155459951340336 0.00116742881376538 0.00139719220452383 0.0010160562177523 0.000851356699369688 0.00174592870344092 0.000730237309598399 0.000589576119292382 0.000298753036729221 0.00153523870774856 0.00147615210697851 0.00180852136683716 0.00192591031451838 -0.000329010157358001 0.00109643982584727 0.00192143625304811 0.00138957046882396 0.000250278158701405 0.00057678810635017 0.00170448973476523 0.000337640477260206 0.000771049656963546 0.000954431482438524 0.00134745132434781 0.000623045186585571 0.00128763948150898 0.000127965534495902 0.000910098119551127 -0.00239214378300962 0.00140875889763795 0.0015052089763643 0.000599502548356873
"V18" 0.000838285767253499 0.0023647817827957 0.00198117459530209 0.00204736584551972 0.00202129131688113 0.00185103263345466 -0.00053813883488921 0.00151818131117946 0.00168700895005957 0.000751448267883088 0.000731554615390585 0.00205376963496084 0.000310625953740494 0.000451496779155062 -0.0001901530858992 0.00202998593405682 0.00180852136683716 0.00306698964498757 0.00328661035271365 -0.000537018729541442 0.00127844182862748 0.00203975359482065 0.00160775419169687 0.000450850498901017 0.00079400465788146 0.00193136438189762 0.000596972946163574 0.000556209846297747 0.00101395157782412 0.00134789359820707 0.000917870214714803 0.00150459251640287 -0.000429631197337143 0.00178421669648029 -0.00381326042696958 0.00193927227132564 0.00160309612030387 0.00138585132638532
"V19" 0.000301255065773651 0.00272154088733648 0.00158474381503609 0.00146494312497512 0.00223785853842201 0.00200953899835477 -0.00127089299568586 0.0013408551107278 0.0021321581615756 0.000464677541482349 0.000532317650348572 0.00229920450183281 -0.000519604904631049 0.000631152832725484 0.000642383292474524 0.00213400112298764 0.00192591031451838 0.00328661035271365 0.00549597855535261 0.000220490495397562 0.00213973100007141 0.00325031345022589 0.00199704264708487 0.00169584401496032 0.00127762121292513 0.00205519702713215 0.000562607708685842 0.000797249824960754 0.000555444985968686 0.00128460759786138 -0.00131168584535236 0.00393614505050601 -0.000576649441619397 0.00140618651487235 -0.00427734646325669 0.0016452287150698 0.00160525702925276 0.00054260990792666
"V21" -0.000391175176580978 -0.00158101391233584 -0.000671421435327543 -0.00355294241295402 -0.00149679684504021 -0.000449331128747355 0.00021588297969317 -0.0021506074187326 -0.000942286283246299 0.00115323577111653 7.78329669620391e-05 -0.000640178499818395 0.000616520117225436 0.000773283504642575 -0.000646574878553352 -0.000682054858115191 -0.000329010157358001 -0.000537018729541442 0.000220490495397562 0.00571886651997149 0.000693257441702826 -1.54188178476985e-05 -4.50088639511337e-05 0.00312953253102763 0.00136127237456691 -0.00226985443645364 -0.00109741120208657 0.0010368551081104 -0.000124296629525633 -0.000679742017268777 -0.00219369926138496 0.00111300864881061 0.00109925018521341 -0.00231613181039812 0.00481954785369841 -0.000716066608619364 -0.00172064171039511 -0.00299133792514187
"V22" 0.000955567523552906 0.00167219411395315 0.00150262103456325 0.000536309316653713 0.00131084151989899 0.00164481558847432 -0.000781177226237363 0.000496710274084771 0.00119713353510493 0.00113583189913541 0.000513061405474769 0.00158231363548093 0.000631345645345162 0.000654056318988583 0.00111154068432273 0.000982920909801448 0.00109643982584727 0.00127844182862748 0.00213973100007141 0.000693257441702826 0.00166540570603901 0.00228090784374485 0.00148914240095938 0.00151693830490166 0.000909723834026659 0.00116324102593514 0.000424450501216979 0.000833488436714884 0.000499118814545984 0.00103074139746005 -0.000784924310471043 0.00241896721405025 0.000387800339278441 -0.000373317529625832 -0.00137192871995227 0.000901301227056168 0.000946361960326428 -0.000540892789850796
"V23" 0.00128234443011328 0.00053595441658616 0.00350644089965928 0.000151078508243635 0.00367907361959404 0.00371632973620229 0.000488106853007155 8.39797001721333e-05 0.00307221549192628 0.00280007708953456 0.00104290605304512 0.00404745848168335 0.00248363111663984 0.00171678522389724 0.0006902879700752 0.00180830902053325 0.00192143625304811 0.00203975359482065 0.00325031345022589 -1.54188178476985e-05 0.00228090784374485 0.00822046895037301 0.00224078958241634 0.00128377423942525 -4.08308374604058e-06 0.00221244250375483 -0.00196484396424477 0.00134137706156556 0.00215876303822854 0.00239470178773148 -0.00489376254735696 0.00275467113435121 0.000904374595734436 -0.00265345579137236 -0.00551439613339032 0.0021440121173012 0.00328955864097995 -0.00172054315520618
"V24" 0.00163039686318464 0.000854479454304628 0.00159229241504938 0.00139165372131184 0.00236950309413676 0.0016152592269859 0.000124125028084022 0.0015281953711416 0.00185675772109474 0.00118226561042239 0.00129102450413666 0.00151306304918408 0.00110716288243232 0.000556937710916919 0.000159871896371307 0.00180007817679696 0.00138957046882396 0.00160775419169687 0.00199704264708487 -4.50088639511337e-05 0.00148914240095938 0.00224078958241634 0.00390375122637624 -0.000834785637460546 0.000539055470321778 0.00180556137101932 0.00118084180357637 0.000190781058558389 0.000950265280383093 0.0015251939135309 0.00133362215835418 0.00229450355179834 0.00138739350018805 -0.000426553473459437 -0.00172944806879548 0.0011227362524144 0.00151728348051975 0.00123280182646996
"V25" 0.000836320303012172 0.000486902424579161 0.00165342833376019 -0.0017826496167596 -0.00070884074897168 0.00157799756288525 -0.00117927574872134 -0.000724168918511881 5.63127161032165e-05 0.00189427067558366 0.000316996430230539 0.000985491124844804 0.000647100981259207 1.36849088312759e-05 0.00308836069767554 -0.000191798824158005 0.000250278158701405 0.000450850498901017 0.00169584401496032 0.00312953253102763 0.00151693830490166 0.00128377423942525 -0.000834785637460546 0.00999850440229752 0.00250215684461667 -0.000642314070423777 -0.00152507100047606 0.00164666016447319 0.0017868059866397 0.00043371263589534 -0.00632310921340118 0.00240203112899728 -1.2049234761088e-05 -0.00146411296134715 0.000504181735255457 7.10706593218342e-05 -0.000616936772773399 -0.00346309454309085
"V26" 0.000699043719209782 0.00186733605424918 0.000768749699099995 0.000348430537300288 -0.000277344350750986 0.000104580633825522 -0.000694796522739547 6.57080970632849e-05 0.000111581046721564 -0.000141187270916184 0.000124519028125823 0.000470042947723969 -0.000974711653586275 -0.000253726951962081 0.00169005106763775 5.93631352310126e-05 0.00057678810635017 0.00079400465788146 0.00127762121292513 0.00136127237456691 0.000909723834026659 -4.08308374604058e-06 0.000539055470321778 0.00250215684461667 0.00296625464613499 0.000399981639538644 0.000944396766356083 0.00113750011416328 0.000109758358914433 0.000456623745923043 0.00100964418479243 0.00145110999871392 -0.000737580582491329 0.0014495308474416 0.000856002684346521 0.000509193535018287 -0.000137028588168111 -0.000377491280210145
"V27" 0.00297595731305444 0.003362858186166 0.00289938139992755 0.0030393299784896 0.00270559863890564 0.00207557416495636 0.000181822444112017 0.00243287430982263 0.002201770076134 0.000226615388229348 0.00142070760628809 0.0017957110438227 0.000558803569331787 0.000185965697717351 0.000786726157885208 0.00212135558259732 0.00170448973476523 0.00193136438189762 0.00205519702713215 -0.00226985443645364 0.00116324102593514 0.00221244250375483 0.00180556137101932 -0.000642314070423777 0.000399981639538644 0.00477216745190657 0.00217014299462225 -0.00024852931926308 0.000960994305913728 0.00215956011945119 0.00192817620112461 0.00186943280240452 -5.68806459313038e-05 0.00362699484271478 -0.00552149324627102 0.00181786247154414 0.00314017131522232 0.0025203423058321
"V28" 0.0011976299687481 0.0046686322168716 -0.000955270592058158 0.00231256210861372 0.000741810187034956 -0.000612430705924308 -0.00146177918016101 0.00138181224533418 0.000483569630386995 -0.00125480116871565 0.000428737047630268 -0.00115523174044542 -0.00134166120007796 -0.000735688448773747 0.00133796785389995 0.000495795691669764 0.000337640477260206 0.000596972946163574 0.000562607708685842 -0.00109741120208657 0.000424450501216979 -0.00196484396424477 0.00118084180357637 -0.00152507100047606 0.000944396766356083 0.00217014299462225 0.00748749723819939 -0.00104172654431083 -0.00210978790875578 0.000196875734747965 0.00601607652028279 0.000999307395754204 -0.00104987133029589 0.00315248152060891 -0.00012155940716554 0.000141441907405434 0.000784685288909092 0.00182598295901431
"V29" -6.81691512731398e-05 0.0012567928735526 0.00112048225888019 0.000275828560274524 0.000486694554094509 0.00102163133116896 -0.000285620023477476 0.000108807185725013 0.000584609841116757 0.00117408247535621 0.000151881195519016 0.00136749940467336 0.000426398882204364 0.000609485011246619 0.00148418834077013 -0.000138585578195607 0.000771049656963546 0.000556209846297747 0.000797249824960754 0.0010368551081104 0.000833488436714884 0.00134137706156556 0.000190781058558389 0.00164666016447319 0.00113750011416328 -0.00024852931926308 -0.00104172654431083 0.00219060238681841 0.000876628787842975 0.000612042530198967 -0.000701989488519166 0.00126965781052639 -0.000449117860870594 -0.000262718563633151 0.000925049362147682 0.000799078710741632 8.70272351496987e-05 -0.00125477642203071
"V30" 0.00150356094991059 -0.00113544837922046 0.00220437804767782 0.000507100800664512 0.00141390417197713 0.00187024846681335 0.000771696463691132 0.00108614228527438 0.00127743204214544 0.00244391186689677 0.00155788373589312 0.00150138508229086 0.00236594075406518 0.000716892339635419 0.000407437023408264 0.00126491622847471 0.000954431482438524 0.00101395157782412 0.000555444985968686 -0.000124296629525633 0.000499118814545984 0.00215876303822854 0.000950265280383093 0.0017868059866397 0.000109758358914433 0.000960994305913728 -0.00210978790875578 0.000876628787842975 0.00439266596139353 0.00145167031362 -0.00188198496248633 0.000393316932361047 0.00134866432920838 -0.00120421001752834 -0.000969309683988957 0.00138627193976606 0.00143622866461163 -0.000636626713183812
"V31" 0.00196360920066165 0.00119909102128469 0.00250261336551816 0.00145777948784068 0.00198087540650783 0.00208764143975435 0.000136907310747986 0.00137247215828966 0.00167182854939119 0.00162736796320641 0.00124868124318947 0.00188394319949559 0.00160386737377726 0.000541314302309592 0.000407533829734907 0.00139268743997612 0.00134745132434781 0.00134789359820707 0.00128460759786138 -0.000679742017268777 0.00103074139746005 0.00239470178773148 0.0015251939135309 0.00043371263589534 0.000456623745923043 0.00215956011945119 0.000196875734747965 0.000612042530198967 0.00145167031362 0.00198690341402547 0.000351923446326047 0.00149066111305937 0.000679473431750426 -0.000105434467568378 -0.00251097635438295 0.00143186170257711 0.00186378267339397 0.000509659810606063
"V32" 0.0014472519352879 0.00456719527769024 -4.99353005085945e-05 0.00386783714583079 0.00018100075468603 -0.00130378078292764 -0.000900920910489155 0.00246048666190648 -0.000134618324069379 -0.00137509864112423 0.000415771944711943 -0.00109175100206421 -0.00127605128013263 -0.000962395073894391 0.00036158768112489 0.00071051220751641 0.000623045186585571 0.000917870214714803 -0.00131168584535236 -0.00219369926138496 -0.000784924310471043 -0.00489376254735696 0.00133362215835418 -0.00632310921340118 0.00100964418479243 0.00192817620112461 0.00601607652028279 -0.000701989488519166 -0.00188198496248633 0.000351923446326047 0.0146689442381997 -0.0008440453527755 -0.00167120771503717 0.0037704838275886 0.00175208238576808 0.000575264914426446 -8.07012108284637e-06 0.00461917277547365
"V33" 0.00119355344292312 0.00290242841574217 0.00138159026167165 0.000604014758942809 0.0018071553880792 0.00186038232857903 -0.00133331625219523 0.00121544108594698 0.00197254538469363 0.00171846153028407 0.000759147034601077 0.00190096389003701 0.000699078578797785 0.000889285429838782 0.00239519909791 0.000974695036763745 0.00128763948150898 0.00150459251640287 0.00393614505050601 0.00111300864881061 0.00241896721405025 0.00275467113435121 0.00229450355179834 0.00240203112899728 0.00145110999871392 0.00186943280240452 0.000999307395754204 0.00126965781052639 0.000393316932361047 0.00149066111305937 -0.0008440453527755 0.00723626426826941 0.000674845954269376 -2.19886879037537e-05 -0.000969784510578697 0.000858524392116716 0.00112686653001301 -0.000422508902656519
"V34" 0.00144257238273749 -0.00392784995451868 0.000606739000817364 -0.000859015512421666 0.000430926731388374 0.000837698634690459 0.00247471440746468 -0.000141602701132071 0.000132949732444811 0.00277526193190389 0.0010180084538585 -3.05221186578116e-06 0.00322316887776034 0.00124057158852182 -0.0011310986492224 0.000924793908938103 0.000127965534495902 -0.000429631197337143 -0.000576649441619397 0.00109925018521341 0.000387800339278441 0.000904374595734436 0.00138739350018805 -1.2049234761088e-05 -0.000737580582491329 -5.68806459313038e-05 -0.00104987133029589 -0.000449117860870594 0.00134866432920838 0.000679473431750426 -0.00167120771503717 0.000674845954269376 0.00526346996444956 -0.00580585841079314 0.00366574066189997 -0.000535405349797539 -0.000280766884186482 -0.000849754380798904
"V35" 0.00129124808922951 0.00632951760339462 0.000235965502952744 0.00205006296798283 0.000160649425324426 -0.00115445747670481 -0.00135593218110418 0.00184185506214209 0.000555298325298352 -0.0092256104009978 0.000329355410644503 -5.07618393030385e-05 -0.00773871973261546 -0.00258241844207586 0.0011327297502061 0.000704500476533607 0.000910098119551127 0.00178421669648029 0.00140618651487235 -0.00231613181039812 -0.000373317529625832 -0.00265345579137236 -0.000426553473459437 -0.00146411296134715 0.0014495308474416 0.00362699484271478 0.00315248152060891 -0.000262718563633151 -0.00120421001752834 -0.000105434467568378 0.0037704838275886 -2.19886879037537e-05 -0.00580585841079314 0.0272207342563528 -0.0080068576254026 0.00175760466651573 0.0028104430244092 0.00516057066237735
"V36" -0.00195265825913332 -0.00423887249021845 -0.00397131816536262 -0.00339710692669757 -0.00403107951191282 -0.00327600493176514 0.000728717122670217 -0.00189124399973423 -0.00299952794266525 0.00127871118784471 -0.000998977794358637 -0.00413983467812787 0.000752192046918618 0.000272023950312859 0.000400149328826198 -0.00303281069112627 -0.00239214378300962 -0.00381326042696958 -0.00427734646325669 0.00481954785369841 -0.00137192871995227 -0.00551439613339032 -0.00172944806879548 0.000504181735255457 0.000856002684346521 -0.00552149324627102 -0.00012155940716554 0.000925049362147682 -0.000969309683988957 -0.00251097635438295 0.00175208238576808 -0.000969784510578697 0.00366574066189997 -0.0080068576254026 0.0186140626739281 -0.00295036140956338 -0.00540714506006023 -0.00438357244717703
"V37" 0.00126286473240641 0.00255833272142641 0.00222706502949296 0.00177488165871852 0.00184049291284025 0.00185657472281441 -0.000454582892305832 0.00130034511211025 0.00154636551498316 0.00097182233589894 0.000876077252564768 0.00190987865674793 0.000933166563198745 0.000453839176162437 -0.000111671458240005 0.00124288623753273 0.00140875889763795 0.00193927227132564 0.0016452287150698 -0.000716066608619364 0.000901301227056168 0.0021440121173012 0.0011227362524144 7.10706593218342e-05 0.000509193535018287 0.00181786247154414 0.000141441907405434 0.000799078710741632 0.00138627193976606 0.00143186170257711 0.000575264914426446 0.000858524392116716 -0.000535405349797539 0.00175760466651573 -0.00295036140956338 0.00210125863298572 0.00178111403459103 0.000973941077183887
"V38" 0.00193971780002407 0.00133559205510522 0.0023869487049237 0.00146928733838543 0.00243578552639115 0.00216171295482008 0.000903778887729973 0.00117794902320191 0.0018619947132587 0.000572952533276807 0.00119144227366438 0.0020287152188526 0.000932295776176706 0.000581926468476223 0.000796260862108963 0.0017871559833641 0.0015052089763643 0.00160309612030387 0.00160525702925276 -0.00172064171039511 0.000946361960326428 0.00328955864097995 0.00151728348051975 -0.000616936772773399 -0.000137028588168111 0.00314017131522232 0.000784685288909092 8.70272351496987e-05 0.00143622866461163 0.00186378267339397 -8.07012108284637e-06 0.00112686653001301 -0.000280766884186482 0.0028104430244092 -0.00540714506006023 0.00178111403459103 0.00414272477144315 0.00178716457618304
"V39" 0.00041798754886824 0.00232930701852244 0.000302205399818837 0.00297124576501113 0.000977520066466469 -0.000506092367478908 0.001052197264831 0.00206181927526497 0.000512806986385972 -0.00203875369667251 7.07065330406541e-05 9.94059554473205e-06 -0.00121737631944832 -0.000619707248029374 -0.000844926612135 0.00119070496861289 0.000599502548356873 0.00138585132638532 0.00054260990792666 -0.00299133792514187 -0.000540892789850796 -0.00172054315520618 0.00123280182646996 -0.00346309454309085 -0.000377491280210145 0.0025203423058321 0.00182598295901431 -0.00125477642203071 -0.000636626713183812 0.000509659810606063 0.00461917277547365 -0.000422508902656519 -0.000849754380798904 0.00516057066237735 -0.00438357244717703 0.000973941077183887 0.00178716457618304 0.00781445926012139
