"" "ISPM" "ISNSL" "ISPNS" "PMZS" "PMZI" "PMMT" "NSLNA" "NSLZS" "NSLZI" "NABR" "NAFM" "NAPNS" "BRPT" "BRAPET" "PTFM" "PTAPET" "PTBA" "PTEAM" "PTZYGO" "FMZS" "FMMT" "ZSZI" "ZIMT" "ZIZYGO" "ZITSP" "MTPNS" "PNSAPET" "APETBA" "APETTS" "BAEAM" "EAMZYGO" "ZYGOTSP" "LDAS" "BRLD" "OPILD" "PTAS" "JPAS" "BAOPI"
"ISPM" 0.0065991779086407 0.00600203642427518 0.00427235727549674 0.00511217024712467 0.00357466114018228 0.00239996007692722 0.0067149413616668 0.00306114501083896 0.00334715652455785 0.00124960474984603 0.00187328150865486 0.00235353664575737 0.00090854007771069 0.00142600010577801 0.00286898925329645 0.0017941473268915 0.00274907610936273 0.00387959226683021 0.00404618390710796 0.00257769644574945 0.00312846172165663 0.00298859005458461 0.00225379755787548 0.00332293813720375 0.00227538554336746 0.00416299561941081 0.00304441250382184 0.00529740803052983 0.0021329954527602 0.00257266961799793 0.00417324999774269 0.00355609130656223 0.000758042275379431 -7.78826764940235e-05 0.000947512967338378 0.00212307829679054 0.00184986091162202 0.000793318699784224
"ISNSL" 0.00600203642427518 0.0118995173187772 0.00584806823168248 0.00960282170239027 0.00601131613082398 0.00333231986409858 0.00845284156080979 0.00384331177403469 0.00439682735879443 0.000976299247684819 0.00284610650494037 0.00320035581648923 0.000854303747739544 0.00105935957930491 0.00435616011289547 0.00205789355763575 0.0035030812277373 0.00435914845589268 0.00507550707455986 0.00424074748313105 0.00459259023183116 0.00436037130760092 0.00335475245985821 0.00501387869851406 0.00318230466484511 0.00637720489684678 0.00514143952158029 0.00799722015027773 0.00265852075266118 0.00385813270353851 0.00621406226145459 0.00626850300615023 -0.000150079596712788 -0.000487597310435386 -0.000805883597194181 0.00241152180689308 0.00124624801780417 -0.00045937762623002
"ISPNS" 0.00427235727549674 0.00584806823168248 0.00566738641684753 0.00613206437245859 0.00494987911573494 0.00313373984363005 0.00889959275994809 0.00419785374773727 0.00353055070187977 0.00110109528432278 0.00281974827624091 0.00352917322321955 0.00121039210651264 0.00153452770029956 0.00477786058738877 0.00187500442468622 0.00270875462563992 0.00236837684373908 0.00247988169995643 0.00415223649088542 0.00390541967255897 0.00294909211136907 0.00136819958555115 0.00359964071237237 0.00276945942109485 0.00500415705270172 0.00181704026875632 0.00586230838222164 0.00144388449842855 0.00244441078338249 0.00350932166016174 0.00268915253997124 0.000342607052011429 -0.000585433873473344 0.000812794820617784 0.0013825695500357 0.000537085688807687 0.000682575906311928
"PMZS" 0.00511217024712467 0.00960282170239027 0.00613206437245859 0.0111672733150863 0.0076748388234402 0.00385133409049455 0.0114403268054942 0.00670631105737987 0.00541472206791211 0.00151890977095797 0.00331422279915929 0.00357239697941742 0.00156007148235688 0.00179626943948567 0.00505673298297969 0.00299603635278148 0.00391598260218506 0.0040362652329214 0.00505213957648028 0.0034409988397649 0.00525339064924575 0.00444931325231721 0.0016477583393158 0.0045692588567365 0.00351719308835425 0.00801639583611915 0.00537829590113066 0.00779673725789708 0.00264480849258272 0.00419646127089508 0.00518131010663127 0.00688952623632131 -0.000133950104909804 -0.000925325075816246 -0.000700102344438175 0.00205500380095334 0.00153209768443689 0.000280086299099436
"PMZI" 0.00357466114018228 0.00601131613082398 0.00494987911573494 0.0076748388234402 0.00723872539275106 0.00328081838703309 0.0086838100831286 0.00625761907802649 0.00556698144979248 0.00195023081687471 0.0029378790234082 0.00297810534252174 0.00185380067692656 0.00192434829839631 0.00411630687624011 0.00273486891923709 0.00337974107066395 0.00333612646769789 0.00381792706153335 0.00288286841943835 0.00448117121115819 0.00510505205852675 0.000139678418360962 0.00211006821041552 0.0024792139388474 0.00625741926850426 0.00388088934372719 0.00615646036815528 0.0020342903444356 0.00348312462023628 0.00378556532602981 0.004987268542791 0.00023842307594503 -0.00100513240938186 -0.00018897715323367 0.00215501399750768 0.00099362042434598 0.00107597921277396
"PMMT" 0.00239996007692722 0.00333231986409858 0.00313373984363005 0.00385133409049455 0.00328081838703309 0.00244766225107829 0.00472354418521564 0.00281929273084592 0.00225682255360175 0.00120009759293997 0.00157002313172227 0.00179826593385355 0.000995068781948609 0.000987038226254206 0.00258273976318796 0.00118729169488978 0.00167159697438009 0.00175662025905443 0.00157853065652339 0.00238669738910753 0.00242669115022225 0.00179994587276908 0.00129950764408328 0.002324689352545 0.00139454448386733 0.00249784358153633 0.00162342660380942 0.00328407818713067 0.000961940282718773 0.00154872369721503 0.00236208758318994 0.00166653915036502 0.000477294912598683 -0.000449761384880492 0.000649301302758794 0.00112148855479174 0.000674849214875353 0.000888978333424418
"NSLNA" 0.0067149413616668 0.00845284156080979 0.00889959275994809 0.0114403268054942 0.0086838100831286 0.00472354418521564 0.0243979928254563 0.00865917373394567 0.00624686288335801 0.000748486447606444 0.00503925006012521 0.00626775722198881 0.00130193143210448 0.00200647947607078 0.00772609915093733 0.00373895656863293 0.00391297970686875 0.00380312078507347 0.0050520880346045 0.00830951846737788 0.00727391205560511 0.00388403427188085 0.00334893386185208 0.00691015417607128 0.00457187039388912 0.00849579892384 0.00378647531115039 0.00823248960950578 0.00254026156310393 0.00442266060212715 0.00432917405952772 0.00643146154693089 -7.86567939991649e-05 -0.00117449047484869 -0.00133738320432197 0.0011561843300494 0.00107587492318222 0.00247471894366799
"NSLZS" 0.00306114501083896 0.00384331177403469 0.00419785374773727 0.00670631105737987 0.00625761907802649 0.00281929273084592 0.00865917373394567 0.0106722443218059 0.00541860646877267 0.00191109711540696 0.00332007424128739 0.00301817909082307 0.00180052449954291 0.00159832361265337 0.00413585428585513 0.00228163352768538 0.00222392613434119 0.00166250843362955 0.00239881218485922 -0.00142969291589582 0.0033151462873129 0.00116146092420797 -0.000327150281364162 0.00145305969118174 0.00194387289509156 0.00490082996642319 0.00227764515222111 0.00475518197265225 0.00188708032291364 0.00231884641756879 0.00209735358072957 0.00284536682691218 2.52780470703272e-05 -0.00165486802794757 -0.000183887687530448 0.00106006852749089 0.00302804378653122 -0.000381309333967741
"NSLZI" 0.00334715652455785 0.00439682735879443 0.00353055070187977 0.00541472206791211 0.00556698144979248 0.00225682255360175 0.00624686288335801 0.00541860646877267 0.00521471630062182 0.00167841396447463 0.00237905310832998 0.00218926233682808 0.00144951618884612 0.00139625367721135 0.00278510512103536 0.00241616800532096 0.00271932746844284 0.00300499126064024 0.00389493161941303 0.00135141774851577 0.00331631580162764 0.00506384044808708 9.28119580075869e-05 0.00099395228354122 0.00167836260154002 0.00476252207728773 0.00287058102189218 0.00437638812321019 0.00153836684392318 0.00281804136405659 0.00302455960231625 0.00478566287166461 0.000171526523315674 -0.00106417779059577 -0.000332445067289875 0.00192383170167466 0.00117965893029219 0.000591772921994213
"NABR" 0.00124960474984603 0.000976299247684819 0.00110109528432278 0.00151890977095797 0.00195023081687471 0.00120009759293997 0.000748486447606444 0.00191109711540696 0.00167841396447463 0.00260756049323216 0.000717372668245638 0.000505937684960466 0.00140229336249821 0.0009958282582607 0.00132370331989246 0.00147737065982741 0.00160904906335097 0.00181734827593596 0.00176886815917556 0.000893308498318316 0.00152259201653706 0.000964647826250092 0.000719477257561993 0.000390182368805181 0.00104119896672396 0.00140695796266282 0.00270134998779824 0.00168099048563769 0.000616951309767761 0.00111597501450878 0.0023469713659113 0.00119743619263626 0.000978388552491913 -0.00246251114234889 0.000688759617292956 0.00101857216979806 0.00134435131439145 0.00160758529318362
"NAFM" 0.00187328150865486 0.00284610650494037 0.00281974827624091 0.00331422279915929 0.0029378790234082 0.00157002313172227 0.00503925006012521 0.00332007424128739 0.00237905310832998 0.000717372668245638 0.00252973086465851 0.0023533175829799 0.000818090637333497 0.000971679906333534 0.00242184185176077 0.00108686336373849 0.00144746232067174 0.00144790345023636 0.00171301407388468 0.00242102939587203 0.00221737389536305 0.0015841650159446 0.000715080066456946 0.00196204498626533 0.00145176261646358 0.00272575035978014 0.00105683096075962 0.00312853516888157 0.000867425136400609 0.00154048657059405 0.00196723063638796 0.00176035598534139 0.000279549822542692 6.51933733885412e-05 0.000101137536141625 0.000977055919682048 0.00106164501453131 0.000732696481840752
"NAPNS" 0.00235353664575737 0.00320035581648923 0.00352917322321955 0.00357239697941742 0.00297810534252174 0.00179826593385355 0.00626775722198881 0.00301817909082307 0.00218926233682808 0.000505937684960466 0.0023533175829799 0.00321398140207539 0.000744143772852775 0.000980201288048569 0.00353418661264229 0.00112467821344009 0.00158145239179222 0.00123555234830513 0.0013265271809405 0.00292315260761246 0.00274448131753842 0.00144836975044523 0.0013181257523191 0.00267292568693178 0.00168221688946439 0.00275724983194148 0.000517826115475899 0.00379332656832093 0.000490655088419633 0.00148273103306014 0.00191662993446827 0.00136815600169857 -2.86467151236969e-05 -0.000348999648643252 -0.000153453683162444 0.000574566975288664 0.000665691647150605 0.000293757471196063
"BRPT" 0.00090854007771069 0.000854303747739544 0.00121039210651264 0.00156007148235688 0.00185380067692656 0.000995068781948609 0.00130193143210448 0.00180052449954291 0.00144951618884612 0.00140229336249821 0.000818090637333497 0.000744143772852775 0.00172708147548194 0.00146875335159311 0.00100999045004929 0.00119047903027334 0.00128406662819952 0.00125556495824538 0.000783629587707903 0.000448070449754789 0.00146367285873152 0.00117991300318909 0.000320964563875126 -0.00016487736931112 0.000248658101247146 0.00169025590843308 0.00208304365293845 0.00116457179365238 -0.000191445097683863 0.000840358969546561 0.00212735303957901 0.000567438440651978 0.00127782702642418 -0.00060717507327164 0.00110906260993846 0.000796714321099153 0.000845511018843619 0.00145698705696793
"BRAPET" 0.00142600010577801 0.00105935957930491 0.00153452770029956 0.00179626943948567 0.00192434829839631 0.000987038226254206 0.00200647947607078 0.00159832361265337 0.00139625367721135 0.0009958282582607 0.000971679906333534 0.000980201288048569 0.00146875335159311 0.00200082742772456 0.00149238344139075 0.00166692237353854 0.00161825873761707 0.0014955139053961 0.00159864455100712 0.00126033927019388 0.0019214765987391 0.00137808186915123 0.000578554483241625 0.000545152248812501 0.00123443047869348 0.00212922774201367 0.00182675342895152 0.00177316368809187 0.000357680644602572 0.00120283308364683 0.00190393633865224 0.00127460615480339 0.00148464972554182 0.000664150019146185 0.00174012359732197 0.000750580195991285 0.000973040692179345 0.00103542735656662
"PTFM" 0.00286898925329645 0.00435616011289547 0.00477786058738877 0.00505673298297969 0.00411630687624011 0.00258273976318796 0.00772609915093733 0.00413585428585513 0.00278510512103536 0.00132370331989246 0.00242184185176077 0.00353418661264229 0.00100999045004929 0.00149238344139075 0.0075954878041492 0.00181052762695387 0.00218037084390316 0.000513682739200999 0.00147350777279776 0.00280413714033219 0.00388390492240256 0.00182039000290142 0.000771925331267501 0.00331913080796479 0.00320638362770716 0.00460031913366567 0.00177127330873568 0.00549410563808657 0.000900744760955331 0.00235678490151725 0.00351036886509782 0.00177542742208377 -0.000222886829977506 -0.00128342860376474 0.000502600976922878 -0.000126199875712569 -0.000327101965370413 -0.000675818100260125
"PTAPET" 0.0017941473268915 0.00205789355763575 0.00187500442468622 0.00299603635278148 0.00273486891923709 0.00118729169488978 0.00373895656863293 0.00228163352768538 0.00241616800532096 0.00147737065982741 0.00108686336373849 0.00112467821344009 0.00119047903027334 0.00166692237353854 0.00181052762695387 0.00380119334526248 0.00274696451708807 0.00309765878104499 0.0040239439783573 0.00231518796914202 0.00302629082543884 0.00256636478631146 0.00168638642643184 0.00126663416077931 0.00258572690962804 0.0033420417503765 0.00347935908959006 0.0015950041113232 0.000904615884092265 0.00168422546242428 0.00326291581955066 0.00416596221333395 0.000884575387594529 -0.000824696508542594 0.00047685274812258 0.000992499013446021 0.000340096858950971 0.000622121439085324
"PTBA" 0.00274907610936273 0.0035030812277373 0.00270875462563992 0.00391598260218506 0.00337974107066395 0.00167159697438009 0.00391297970686875 0.00222392613434119 0.00271932746844284 0.00160904906335097 0.00144746232067174 0.00158145239179222 0.00128406662819952 0.00161825873761707 0.00218037084390316 0.00274696451708807 0.00313218528723796 0.00385839857538541 0.00411315758760418 0.0026209038036148 0.00317450443950878 0.00303037562213787 0.00133177752301336 0.00206969645754519 0.00203031665209449 0.00401353350069464 0.00372904983487928 0.00395739784449409 0.00115652453459601 0.00224843165204446 0.00388328696599242 0.00419623807615946 0.000979919395686591 -0.00056514498420936 0.000942926575304167 0.00181318295161398 0.000320027142523608 0.000436758880145146
"PTEAM" 0.00387959226683021 0.00435914845589268 0.00236837684373908 0.0040362652329214 0.00333612646769789 0.00175662025905443 0.00380312078507347 0.00166250843362955 0.00300499126064024 0.00181734827593596 0.00144790345023636 0.00123555234830513 0.00125556495824538 0.0014955139053961 0.000513682739200999 0.00309765878104499 0.00385839857538541 0.00777860753356506 0.00694903537061697 0.00223764940509766 0.00340343400734774 0.00410538164073603 0.0018869102774791 0.00339443754125534 0.00225266985200427 0.00463761571802347 0.00600771418693303 0.00426531058738337 0.00192732370951944 0.0024559943614612 0.00580834936110522 0.00607116658955336 0.00144076372923341 -9.88959318259068e-05 0.000693261339381836 0.00378519889818827 0.000192347932571336 0.00186790460752235
"PTZYGO" 0.00404618390710796 0.00507550707455986 0.00247988169995643 0.00505213957648028 0.00381792706153335 0.00157853065652339 0.0050520880346045 0.00239881218485922 0.00389493161941303 0.00176886815917556 0.00171301407388468 0.0013265271809405 0.000783629587707903 0.00159864455100712 0.00147350777279776 0.0040239439783573 0.00411315758760418 0.00694903537061697 0.00927452678612116 0.00251730638916591 0.00367411086346997 0.00490281886476003 0.00231185271416514 0.00418425596058991 0.00379996959305818 0.00508961289360482 0.00549477745678205 0.00464737622230037 0.00233829806602555 0.00311897491314078 0.00455848465104784 0.00953576810026358 0.00105116580430426 -0.00031614608135467 -8.69377591522231e-06 0.00302011934843139 0.000724222762617877 0.000624970450985616
"FMZS" 0.00257769644574945 0.00424074748313105 0.00415223649088542 0.0034409988397649 0.00288286841943835 0.00238669738910753 0.00830951846737788 -0.00142969291589582 0.00135141774851577 0.000893308498318316 0.00242102939587203 0.00292315260761246 0.000448070449754789 0.00126033927019388 0.00280413714033219 0.00231518796914202 0.0026209038036148 0.00223764940509766 0.00251730638916591 0.0120022953413729 0.0045458258236063 0.00239587076852509 0.00502317653062001 0.00459954487216439 0.00216526098137029 0.00238165233067629 0.00216519494513824 0.00390888442794546 0.000911948427847136 0.00208084894713841 0.00256909458665221 0.00267041543383764 0.000628643081855956 -0.000325479576027334 0.000815207574798515 0.00114754734264931 0.000521323807872025 0.00198919487131694
"FMMT" 0.00312846172165663 0.00459259023183116 0.00390541967255897 0.00525339064924575 0.00448117121115819 0.00242669115022225 0.00727391205560511 0.0033151462873129 0.00331631580162764 0.00152259201653706 0.00221737389536305 0.00274448131753842 0.00146367285873152 0.0019214765987391 0.00388390492240256 0.00302629082543884 0.00317450443950878 0.00340343400734774 0.00367411086346997 0.0045458258236063 0.00489695184923965 0.00320962959184138 0.00314793265614791 0.0029011167188677 0.00227643120292502 0.00461667615498103 0.00403072733398752 0.00453377716292383 0.00108037142400511 0.0024457176850133 0.00445017439688226 0.00371200169999707 0.000671857891755625 -0.000726092526435122 0.000608808992906096 0.00162525181639618 0.000903928970208941 0.000784473558706571
"ZSZI" 0.00298859005458461 0.00436037130760092 0.00294909211136907 0.00444931325231721 0.00510505205852675 0.00179994587276908 0.00388403427188085 0.00116146092420797 0.00506384044808708 0.000964647826250092 0.0015841650159446 0.00144836975044523 0.00117991300318909 0.00137808186915123 0.00182039000290142 0.00256636478631146 0.00303037562213787 0.00410538164073603 0.00490281886476003 0.00239587076852509 0.00320962959184138 0.0096905547052317 -0.00122820143500946 -0.000357472050488667 0.00182292098583152 0.00504586945047351 0.00314410995991883 0.00372012694571454 0.000755325574746065 0.00301876990247861 0.00434843420311077 0.00633408819510828 -8.91059655751036e-05 0.00080377470101169 -0.000833089070998536 0.00270979076084486 -0.00137118296071346 0.00158572116200388
"ZIMT" 0.00225379755787548 0.00335475245985821 0.00136819958555115 0.0016477583393158 0.000139678418360962 0.00129950764408328 0.00334893386185208 -0.000327150281364162 9.28119580075869e-05 0.000719477257561993 0.000715080066456946 0.0013181257523191 0.000320964563875126 0.000578554483241625 0.000771925331267501 0.00168638642643184 0.00133177752301336 0.0018869102774791 0.00231185271416514 0.00502317653062001 0.00314793265614791 -0.00122820143500946 0.00915267522375165 0.00347097632694111 0.000465787119765845 -0.000552760611896919 0.00198761305594838 0.0010826598192821 0.000352969698977564 0.000604925791545121 0.00318853705781598 0.00147817123894084 0.0010100748000716 -0.00121958322384018 0.000892890262178353 0.000492128925723788 0.00245632026709416 -0.000480604497668935
"ZIZYGO" 0.00332293813720375 0.00501387869851406 0.00359964071237237 0.0045692588567365 0.00211006821041552 0.002324689352545 0.00691015417607128 0.00145305969118174 0.00099395228354122 0.000390182368805181 0.00196204498626533 0.00267292568693178 -0.00016487736931112 0.000545152248812501 0.00331913080796479 0.00126663416077931 0.00206969645754519 0.00339443754125534 0.00418425596058991 0.00459954487216439 0.0029011167188677 -0.000357472050488667 0.00347097632694111 0.00923610790632566 0.00302814173248338 0.00288149720865787 0.00246569220805142 0.00475975323169301 0.00158878619934082 0.00239284873388434 0.000331718538878589 0.00334715499627139 0.000416228856459418 -0.000120052874104486 0.000753510396193662 0.00108523979841043 0.000450939594457534 0.000226969095614804
"ZITSP" 0.00227538554336746 0.00318230466484511 0.00276945942109485 0.00351719308835425 0.0024792139388474 0.00139454448386733 0.00457187039388912 0.00194387289509156 0.00167836260154002 0.00104119896672396 0.00145176261646358 0.00168221688946439 0.000248658101247146 0.00123443047869348 0.00320638362770716 0.00258572690962804 0.00203031665209449 0.00225266985200427 0.00379996959305818 0.00216526098137029 0.00227643120292502 0.00182292098583152 0.000465787119765845 0.00302814173248338 0.00507460173831256 0.00339745050072071 0.00170566860815026 0.00314370428675113 0.00194210990180203 0.00178419132490475 0.00231688393149126 0.00312894190440515 -0.000148646221451142 -0.000308651165004381 -0.000285313263688787 0.000624309664421482 4.32114404135365e-05 0.000537088571458868
"MTPNS" 0.00416299561941081 0.00637720489684678 0.00500415705270172 0.00801639583611915 0.00625741926850426 0.00249784358153633 0.00849579892384 0.00490082996642319 0.00476252207728773 0.00140695796266282 0.00272575035978014 0.00275724983194148 0.00169025590843308 0.00212922774201367 0.00460031913366567 0.0033420417503765 0.00401353350069464 0.00463761571802347 0.00508961289360482 0.00238165233067629 0.00461667615498103 0.00504586945047351 -0.000552760611896919 0.00288149720865787 0.00339745050072071 0.00895546784139995 0.00503166085684923 0.00648434867778382 0.0021761534520275 0.00365768081747503 0.00538431994158905 0.00615512963901343 0.000405833670909395 -0.000407691066930957 0.000281137264288213 0.00229636004327402 -0.00054281964428096 0.000436864805434678
"PNSAPET" 0.00304441250382184 0.00514143952158029 0.00181704026875632 0.00537829590113066 0.00388088934372719 0.00162342660380942 0.00378647531115039 0.00227764515222111 0.00287058102189218 0.00270134998779824 0.00105683096075962 0.000517826115475899 0.00208304365293845 0.00182675342895152 0.00177127330873568 0.00347935908959006 0.00372904983487928 0.00600771418693303 0.00549477745678205 0.00216519494513824 0.00403072733398752 0.00314410995991883 0.00198761305594838 0.00246569220805142 0.00170566860815026 0.00503166085684923 0.0108226606776485 0.00343401926593167 0.000755896620976351 0.00287682058236515 0.00658661801976746 0.00483260216671636 0.00201133591034176 -0.00186877234748893 0.000343844872170781 0.00263641353388074 8.6750038333606e-06 0.00215336106160731
"APETBA" 0.00529740803052983 0.00799722015027773 0.00586230838222164 0.00779673725789708 0.00615646036815528 0.00328407818713067 0.00823248960950578 0.00475518197265225 0.00437638812321019 0.00168099048563769 0.00312853516888157 0.00379332656832093 0.00116457179365238 0.00177316368809187 0.00549410563808657 0.0015950041113232 0.00395739784449409 0.00426531058738337 0.00464737622230037 0.00390888442794546 0.00453377716292383 0.00372012694571454 0.0010826598192821 0.00475975323169301 0.00314370428675113 0.00648434867778382 0.00343401926593167 0.00985938064446863 0.00280120463263677 0.00395919571899651 0.00480041837520224 0.00507606756146782 0.000447055360448277 -0.00037170062380122 0.000889049738703881 0.0024845774077032 0.000751414820315134 -0.000911987964396683
"APETTS" 0.0021329954527602 0.00265852075266118 0.00144388449842855 0.00264480849258272 0.0020342903444356 0.000961940282718773 0.00254026156310393 0.00188708032291364 0.00153836684392318 0.000616951309767761 0.000867425136400609 0.000490655088419633 -0.000191445097683863 0.000357680644602572 0.000900744760955331 0.000904615884092265 0.00115652453459601 0.00192732370951944 0.00233829806602555 0.000911948427847136 0.00108037142400511 0.000755325574746065 0.000352969698977564 0.00158878619934082 0.00194210990180203 0.0021761534520275 0.000755896620976351 0.00280120463263677 0.00388896523227349 0.00165890507747914 0.00158873359781979 0.00228630430297634 7.80123023821671e-05 -0.000510253534805645 0.000266574973663054 0.00107462668552639 0.000686451855044759 9.49244778891442e-05
"BAEAM" 0.00257266961799793 0.00385813270353851 0.00244441078338249 0.00419646127089508 0.00348312462023628 0.00154872369721503 0.00442266060212715 0.00231884641756879 0.00281804136405659 0.00111597501450878 0.00154048657059405 0.00148273103306014 0.000840358969546561 0.00120283308364683 0.00235678490151725 0.00168422546242428 0.00224843165204446 0.0024559943614612 0.00311897491314078 0.00208084894713841 0.0024457176850133 0.00301876990247861 0.000604925791545121 0.00239284873388434 0.00178419132490475 0.00365768081747503 0.00287682058236515 0.00395919571899651 0.00165890507747914 0.00286077432591146 0.00229716631144969 0.00366636365398999 0.000702279930943169 -0.000229425241370271 0.000364756666087883 0.00117489522457719 0.000378521083513657 0.000344546489468513
"EAMZYGO" 0.00417324999774269 0.00621406226145459 0.00350932166016174 0.00518131010663127 0.00378556532602981 0.00236208758318994 0.00432917405952772 0.00209735358072957 0.00302455960231625 0.0023469713659113 0.00196723063638796 0.00191662993446827 0.00212735303957901 0.00190393633865224 0.00351036886509782 0.00326291581955066 0.00388328696599242 0.00580834936110522 0.00455848465104784 0.00256909458665221 0.00445017439688226 0.00434843420311077 0.00318853705781598 0.000331718538878589 0.00231688393149126 0.00538431994158905 0.00658661801976746 0.00480041837520224 0.00158873359781979 0.00229716631144969 0.0116013883227411 0.0041653121814555 0.000763896657143183 -0.00121706922219931 0.000282889263088568 0.00310518519608877 -0.00026326811442162 0.00106675133430189
"ZYGOTSP" 0.00355609130656223 0.00626850300615023 0.00268915253997124 0.00688952623632131 0.004987268542791 0.00166653915036502 0.00643146154693089 0.00284536682691218 0.00478566287166461 0.00119743619263626 0.00176035598534139 0.00136815600169857 0.000567438440651978 0.00127460615480339 0.00177542742208377 0.00416596221333395 0.00419623807615946 0.00607116658955336 0.00953576810026358 0.00267041543383764 0.00371200169999707 0.00633408819510828 0.00147817123894084 0.00334715499627139 0.00312894190440515 0.00615512963901343 0.00483260216671636 0.00507606756146782 0.00228630430297634 0.00366636365398999 0.0041653121814555 0.0133295911192697 0.000295583592064272 -0.000317494824865204 -0.0011737564069527 0.00273637456303642 0.00054422824776819 -0.00021867228339966
"LDAS" 0.000758042275379431 -0.000150079596712788 0.000342607052011429 -0.000133950104909804 0.00023842307594503 0.000477294912598683 -7.86567939991649e-05 2.52780470703272e-05 0.000171526523315674 0.000978388552491913 0.000279549822542692 -2.86467151236969e-05 0.00127782702642418 0.00148464972554182 -0.000222886829977506 0.000884575387594529 0.000979919395686591 0.00144076372923341 0.00105116580430426 0.000628643081855956 0.000671857891755625 -8.91059655751036e-05 0.0010100748000716 0.000416228856459418 -0.000148646221451142 0.000405833670909395 0.00201133591034176 0.000447055360448277 7.80123023821671e-05 0.000702279930943169 0.000763896657143183 0.000295583592064272 0.00460620119619516 0.000889087470667326 0.00396058294496885 0.000160434168320756 0.00116680432830562 0.000719797638166628
"BRLD" -7.78826764940235e-05 -0.000487597310435386 -0.000585433873473344 -0.000925325075816246 -0.00100513240938186 -0.000449761384880492 -0.00117449047484869 -0.00165486802794757 -0.00106417779059577 -0.00246251114234889 6.51933733885412e-05 -0.000348999648643252 -0.00060717507327164 0.000664150019146185 -0.00128342860376474 -0.000824696508542594 -0.00056514498420936 -9.88959318259068e-05 -0.00031614608135467 -0.000325479576027334 -0.000726092526435122 0.00080377470101169 -0.00121958322384018 -0.000120052874104486 -0.000308651165004381 -0.000407691066930957 -0.00186877234748893 -0.00037170062380122 -0.000510253534805645 -0.000229425241370271 -0.00121706922219931 -0.000317494824865204 0.000889087470667326 0.00721146448534053 0.00149354696072177 0.000321763693839676 -0.000948682859626078 -0.000839922169696003
"OPILD" 0.000947512967338378 -0.000805883597194181 0.000812794820617784 -0.000700102344438175 -0.00018897715323367 0.000649301302758794 -0.00133738320432197 -0.000183887687530448 -0.000332445067289875 0.000688759617292956 0.000101137536141625 -0.000153453683162444 0.00110906260993846 0.00174012359732197 0.000502600976922878 0.00047685274812258 0.000942926575304167 0.000693261339381836 -8.69377591522231e-06 0.000815207574798515 0.000608808992906096 -0.000833089070998536 0.000892890262178353 0.000753510396193662 -0.000285313263688787 0.000281137264288213 0.000343844872170781 0.000889049738703881 0.000266574973663054 0.000364756666087883 0.000282889263088568 -0.0011737564069527 0.00396058294496885 0.00149354696072177 0.00578328592637749 0.000232054027246791 0.00108047846449762 -0.000263336142685429
"PTAS" 0.00212307829679054 0.00241152180689308 0.0013825695500357 0.00205500380095334 0.00215501399750768 0.00112148855479174 0.0011561843300494 0.00106006852749089 0.00192383170167466 0.00101857216979806 0.000977055919682048 0.000574566975288664 0.000796714321099153 0.000750580195991285 -0.000126199875712569 0.000992499013446021 0.00181318295161398 0.00378519889818827 0.00302011934843139 0.00114754734264931 0.00162525181639618 0.00270979076084486 0.000492128925723788 0.00108523979841043 0.000624309664421482 0.00229636004327402 0.00263641353388074 0.0024845774077032 0.00107462668552639 0.00117489522457719 0.00310518519608877 0.00273637456303642 0.000160434168320756 0.000321763693839676 0.000232054027246791 0.00278768379843093 -2.00996683208363e-05 0.00176458339613264
"JPAS" 0.00184986091162202 0.00124624801780417 0.000537085688807687 0.00153209768443689 0.00099362042434598 0.000674849214875353 0.00107587492318222 0.00302804378653122 0.00117965893029219 0.00134435131439145 0.00106164501453131 0.000665691647150605 0.000845511018843619 0.000973040692179345 -0.000327101965370413 0.000340096858950971 0.000320027142523608 0.000192347932571336 0.000724222762617877 0.000521323807872025 0.000903928970208941 -0.00137118296071346 0.00245632026709416 0.000450939594457534 4.32114404135365e-05 -0.00054281964428096 8.6750038333606e-06 0.000751414820315134 0.000686451855044759 0.000378521083513657 -0.00026326811442162 0.00054422824776819 0.00116680432830562 -0.000948682859626078 0.00108047846449762 -2.00996683208363e-05 0.00907715403402816 0.00022631434674867
"BAOPI" 0.000793318699784224 -0.00045937762623002 0.000682575906311928 0.000280086299099436 0.00107597921277396 0.000888978333424418 0.00247471894366799 -0.000381309333967741 0.000591772921994213 0.00160758529318362 0.000732696481840752 0.000293757471196063 0.00145698705696793 0.00103542735656662 -0.000675818100260125 0.000622121439085324 0.000436758880145146 0.00186790460752235 0.000624970450985616 0.00198919487131694 0.000784473558706571 0.00158572116200388 -0.000480604497668935 0.000226969095614804 0.000537088571458868 0.000436864805434678 0.00215336106160731 -0.000911987964396683 9.49244778891442e-05 0.000344546489468513 0.00106675133430189 -0.00021867228339966 0.000719797638166628 -0.000839922169696003 -0.000263336142685429 0.00176458339613264 0.00022631434674867 0.00722536101230724
