"" "ISPM" "ISNSL" "ISPNS" "PMZS" "PMZI" "PMMT" "NSLNA" "NSLZS" "NSLZI" "NABR" "NAFM" "NAPNS" "BRPT" "BRAPET" "PTFM" "PTAPET" "PTBA" "PTEAM" "PTZYGO" "FMZS" "FMMT" "ZSZI" "ZIMT" "ZIZYGO" "ZITSP" "MTPNS" "PNSAPET" "APETBA" "APETTS" "BAEAM" "EAMZYGO" "ZYGOTSP" "LDAS" "BRLD" "OPILD" "PTAS" "JPAS" "BAOPI"
"ISPM" 0.00360886237606855 0.00361017959844756 0.00254595093415947 0.0023229317138711 0.00200008875966826 0.000973193031954109 7.70538507845493e-05 0.00100077824248566 0.00139247676397497 0.000267330295449778 0.000344950316224592 -6.95221130799815e-05 5.09883603083287e-05 0.000485145996649916 0.00176473476041991 0.000634414206097018 0.000731644494951311 5.70948019280438e-05 0.0006333092782512 0.00143556011891696 0.00170780397853994 0.00168762224654865 -3.15407980514326e-05 -0.00045684044982375 0.00212757698406732 0.00297359304368847 0.00137559390659093 0.00175748861210033 0.00129667705019709 0.00103446641837664 0.00268756541179663 -1.02738737581821e-05 0.000875514317744278 0.000187390843587107 0.000427086050723223 -0.000301855755398874 -0.000310784892479011 0.000297482078308686
"ISNSL" 0.00361017959844756 0.00946414154610369 0.00435079926532906 0.00527970733581296 0.00489411815079792 0.000954838156689361 -0.000898279948362238 0.000959053242188085 0.00253370654193669 0.000804710211218483 0.000514648056553923 0.000208657250518258 -5.56276756228013e-05 -5.07349462077714e-05 0.00298498325600833 0.000864758766081889 0.0010525003532592 -0.000280205498149869 0.000594217454421 0.00367465198187012 0.00307546983261554 0.00244852019090179 -0.000903465830738916 -0.000412386991626061 0.00270207157849204 0.00665398987078006 0.00361063869994344 0.00177783134148793 0.00150582190992114 0.000900983217781346 0.00205656140407068 -0.000238435589872675 0.00126265054677515 -0.000911689381907628 0.000532272329489542 -0.000499085372494809 -0.000991102674115567 0.000385250047000838
"ISPNS" 0.00254595093415947 0.00435079926532906 0.00400088875091825 0.00335185982425094 0.00290711714925217 0.00106599218927937 -0.000532674168743884 0.00170809867415246 0.00195960045086723 0.0012990509865781 0.000712817111515668 0.00138798284019909 0.000115009845924923 0.000744325007740694 0.00294987809752968 0.000705357729398306 0.00104976000009021 0.000380542106581754 0.00170741921082814 0.00106071410336834 0.00222036311980692 0.00198450171073314 -0.000124654303102262 0.000951270793066765 0.00461851658540859 0.00500515559629369 0.000263050096288029 0.00224400614061374 0.00214329176760048 0.00125716148289001 0.00226898031324907 0.000830124650587176 0.00077064013749687 -0.000222667317526123 0.00065121200313548 7.84173163513729e-05 -0.000127966314594911 0.000763460302709792
"PMZS" 0.0023229317138711 0.00527970733581296 0.00335185982425094 0.00567927891083297 0.00395545806096048 0.00181187261530834 0.00248830757391 0.00242891451336821 0.00204902319843995 0.00105478263620766 0.000727998449265153 0.000967284048712456 -0.000284064221840546 0.00051661366163817 0.00402227983821184 0.000593721088340367 0.000621755182288485 -0.00023229216747677 0.00199169013720783 0.00150318178940123 0.00293891600597195 0.0021255544874755 0.000106393805397887 0.00174563248665012 0.00296495248355072 0.00527293750082226 0.00204303181633791 0.00251599654809148 0.0026998952151935 0.00142124351629889 0.00102858205861945 0.00216276594996303 0.000296254085380014 -0.00076011896811446 5.26764567952673e-05 -0.000503346476777505 -0.000541751114772698 0.000779500962049239
"PMZI" 0.00200008875966826 0.00489411815079792 0.00290711714925217 0.00395545806096048 0.00448300422972424 0.00118344170103686 0.000175765453924734 0.00105053321361866 0.00258259135850728 0.00103783509750893 0.000528403130588878 0.000258434747988971 0.000354588587271894 0.000647666657037639 0.00350810331804549 0.000637408036218796 0.000575549911311919 -0.000739015492991656 0.000934851682057082 0.00221483958613952 0.00244823901833066 0.00316030514388171 -0.000543802268212665 -0.000608681205502854 0.00153154602992948 0.0053414141735918 0.00279340533834254 0.00108527927951419 0.00188181822003161 0.00102742055752257 0.000912119256433482 0.00114386440721813 0.000392532241383847 -7.05017668231402e-05 0.00044313790743542 -0.000346750397404424 0.000418864412299538 0.00121130029709873
"PMMT" 0.000973193031954109 0.000954838156689361 0.00106599218927937 0.00181187261530834 0.00118344170103686 0.00140091020317659 0.00121119050192716 0.00108551129562991 0.000757873059818326 0.000330215962647623 0.000147307435381918 0.000305644141714887 -2.80947594954069e-05 0.00012485980004075 0.00101095377431711 0.000184747470412406 0.000317427277466997 0.000286902707209201 0.000930034907999441 -5.52627434032063e-05 0.000721369299588219 0.0010311005810394 0.000842744983249274 0.00023003519495394 0.00130229705436702 0.000522068510148953 0.000714906748020836 0.00120897682683417 0.000679717733952083 0.000456433534250246 0.00129961893055286 0.0011298343139425 0.000133507294024796 -0.000653011223052921 -0.000187587482460285 4.00726088865813e-05 7.30491740415161e-05 0.000765437364980852
"NSLNA" 7.70538507845493e-05 -0.000898279948362238 -0.000532674168743884 0.00248830757391 0.000175765453924734 0.00121119050192716 0.0153767773263825 0.000788390023917607 2.04619813437711e-06 -0.00224927809550423 0.000247986259565834 0.00238711580652134 -0.000947427039982104 -0.000349691931481008 0.00181892602235228 0.000281121907774014 1.75468327009556e-05 0.00165685936363909 0.00197705780034464 0.00188668525921792 0.00208460897389422 0.00118228752455234 0.00238858703607401 0.00345090872525928 0.00156858828753467 0.000672845786692464 0.00199697521997547 0.00183758242442742 0.00143291274667496 0.00169425240556543 0.002899244349311 0.00212959181861513 -0.0009593696118314 -0.00126927984420912 -0.000522670904089793 0.00119778372001631 -0.000746652409326466 0.00135286604369137
"NSLZS" 0.00100077824248566 0.000959053242188085 0.00170809867415246 0.00242891451336821 0.00105053321361866 0.00108551129562991 0.000788390023917607 0.00425661894307267 0.00122669906724038 0.00167673680606805 0.0008845795729406 0.000747497916922558 0.000126648793945753 0.000577371449117399 0.00163156774592375 0.00048479516603389 0.00055882212180102 0.00063642151046453 0.00222428783695971 -0.00208109737970039 0.000694269716864522 -0.000665072861540046 0.000336812283729271 0.00149166314152924 0.00253467284193202 0.00160441582432306 -4.6624654493472e-05 0.00172770179852302 0.00199832896688563 0.001113289155802 0.000426972411323477 0.00300017838600228 0.000557755884992417 -0.000488814633071859 0.000203425947891618 0.000196363409124795 -0.000475513986408433 -2.81747566273211e-05
"NSLZI" 0.00139247676397497 0.00253370654193669 0.00195960045086723 0.00204902319843995 0.00258259135850728 0.000757873059818326 2.04619813437711e-06 0.00122669906724038 0.00226829131357373 0.000942508053908672 0.000607180521063845 0.000734711363408263 0.000221208428413285 0.000483229175770886 0.00248847978655765 0.000649772024300478 0.000554859144466463 -0.000175920093212575 0.00121172835789283 0.00115426492530815 0.00175911844218177 0.00267158004978644 0.000309119274527785 -0.000477147480038987 0.00221613956351905 0.00356758205593156 0.00160234506880639 0.00083622490232561 0.00129655372865309 0.00100685802933523 0.00132533697117766 0.00155911608814853 0.000253262564659235 -4.84476309488969e-05 0.000265432665833064 4.33107205137668e-05 0.000130564915119463 0.00104148223759287
"NABR" 0.000267330295449778 0.000804710211218483 0.0012990509865781 0.00105478263620766 0.00103783509750893 0.000330215962647623 -0.00224927809550423 0.00167673680606805 0.000942508053908672 0.00334142515939792 0.000748521593925532 0.000634374409569084 0.00168823027323548 0.00132439027742853 0.000880967333326446 0.000383256031610057 0.000611966367835949 0.00098869515463931 0.00162459954694573 -0.000467993295015721 0.00125440690188377 0.000174671366972233 0.000393299706266886 0.000800538714229765 0.00186996732984813 0.00304974673903741 -0.000112332549157125 0.000499147996063569 0.00123566498011093 0.000689597408813806 -6.49342335789853e-05 0.00144540187840385 0.00102261605771071 -0.00119421564748896 0.00122621244293457 0.00067332596283679 0.000999008676759369 0.000433814879718871
"NAFM" 0.000344950316224592 0.000514648056553923 0.000712817111515668 0.000727998449265153 0.000528403130588878 0.000147307435381918 0.000247986259565834 0.0008845795729406 0.000607180521063845 0.000748521593925532 0.000887106084597929 0.000816047726119032 0.000192348398498974 0.0004373666133806 0.000899609398826512 0.000452610117359564 0.000333583938880906 0.000282975819969631 0.00103951950525989 0.000316678614124184 0.000653141132958099 0.000275510246376167 0.000339881358018619 0.000451236029883973 0.0013591054580047 0.0015945138130186 4.01670360873511e-05 0.000383158362817884 0.000478823751521247 0.000577490198407768 0.000764439323721289 0.000912077722106318 0.000386798233157673 4.60400402850228e-06 0.000481332855720088 0.000156268607433536 -0.000171155122356535 0.000265467424649959
"NAPNS" -6.95221130799815e-05 0.000208657250518258 0.00138798284019909 0.000967284048712456 0.000258434747988971 0.000305644141714887 0.00238711580652134 0.000747497916922558 0.000734711363408263 0.000634374409569084 0.000816047726119032 0.00291931249719418 -0.000353904828280657 0.000542455849415872 0.00201156692625729 0.000860697610820617 0.000876269138327889 0.00125227108038407 0.00261738871299617 0.000498731629443193 0.0015244476664596 0.00113575932296054 0.00109662461857304 0.00200487853029611 0.00527393228847728 0.00197167085460178 -0.00107549453837561 0.00154368902461354 0.00105722731356544 0.00112570150212309 0.00177814689953415 0.00216993671492009 0.000317374390705544 -0.000393035578644203 0.000938391390190465 0.000694537695530196 -0.000513266947146083 0.000307497712654735
"BRPT" 5.09883603083287e-05 -5.56276756228013e-05 0.000115009845924923 -0.000284064221840546 0.000354588587271894 -2.80947594954069e-05 -0.000947427039982104 0.000126648793945753 0.000221208428413285 0.00168823027323548 0.000192348398498974 -0.000353904828280657 0.00290302822164161 0.00109599409408007 -0.00332641572890075 -0.000344930357106816 0.000190638445860765 0.00115943868001582 -0.000780928268779064 0.000813628411893419 0.000678923040548808 -4.6709057498841e-05 -0.000533384258602711 -0.000883223186188121 -0.00280177649060424 0.00172466743450332 0.000919908418499764 -0.0012298900440556 0.000630931793567996 0.000106727575301515 0.000441925955225541 -0.00155214259667468 0.000996977541267104 -0.00133564275520028 0.00114489591868787 0.0010602776704559 0.000520940010882371 0.000121207756985093
"BRAPET" 0.000485145996649916 -5.07349462077714e-05 0.000744325007740694 0.00051661366163817 0.000647666657037639 0.00012485980004075 -0.000349691931481008 0.000577371449117399 0.000483229175770886 0.00132439027742853 0.0004373666133806 0.000542455849415872 0.00109599409408007 0.0016181315853836 0.00102925357455261 0.000524977722684907 0.000552591548731434 0.000562344490363731 0.00106446933826227 0.000439236606676469 0.00134151255354355 0.000535400581590337 0.000416497122618841 0.000566122465570018 0.0014909902490172 0.00196927157090388 0.000153988640605627 0.000613750515246351 0.00103271224680138 0.000736594928340195 0.00061932686745842 0.000531947958270484 0.000578417664019265 0.000433132888714801 0.00145082080089072 0.000323064639525418 0.000136508871881056 0.00015639725055635
"PTFM" 0.00176473476041991 0.00298498325600833 0.00294987809752968 0.00402227983821184 0.00350810331804549 0.00101095377431711 0.00181892602235228 0.00163156774592375 0.00248847978655765 0.000880967333326446 0.000899609398826512 0.00201156692625729 -0.00332641572890075 0.00102925357455261 0.0173376803892131 0.000939707008679518 0.00015676629809311 -0.00404834813166467 0.00192499748403746 -0.00101759444712317 0.00288980954534111 0.0039797153563326 0.0025869166542136 0.00356597738944087 0.00967351004004074 0.0046485458505027 0.00113578293626206 0.00620876772048677 0.00197753733795508 0.00229233554243859 0.00159363665074725 0.00429728160389233 -0.000952287285035895 0.00326308566172775 -0.000122376274728292 -0.00265491182483871 -0.00091002212406826 0.00227087990907497
"PTAPET" 0.000634414206097018 0.000864758766081889 0.000705357729398306 0.000593721088340367 0.000637408036218796 0.000184747470412406 0.000281121907774014 0.00048479516603389 0.000649772024300478 0.000383256031610057 0.000452610117359564 0.000860697610820617 -0.000344930357106816 0.000524977722684907 0.000939707008679518 0.00235186010436287 0.0015491106195111 0.00164602754314495 0.0021200887761266 0.000215552144039689 0.000740348056090339 0.000802232636864432 0.000322150610372021 0.000187402468407722 0.00229114852034393 0.000714700381760401 0.00120823180480122 0.000279606606875226 0.000545728958264092 0.0006937375779054 0.00115812076363289 0.00177516550319256 0.000809945296640037 0.000391652835359068 0.00077369415651508 0.00072869332026476 -0.000170521462341896 0.000979176715284073
"PTBA" 0.000731644494951311 0.0010525003532592 0.00104976000009021 0.000621755182288485 0.000575549911311919 0.000317427277466997 1.75468327009556e-05 0.00055882212180102 0.000554859144466463 0.000611966367835949 0.000333583938880906 0.000876269138327889 0.000190638445860765 0.000552591548731434 0.00015676629809311 0.0015491106195111 0.00154835526063354 0.00185139593335818 0.00161814640991693 8.13840267202179e-05 0.000793783591675518 0.000649218895932719 0.000326464639107737 0.00076226408433696 0.00214762552908317 0.00104835020289742 0.00107104816326179 0.000912198874220372 0.000324874634922099 0.000791673321357077 0.00106224056556429 0.000855560894582696 0.000833488874375319 -0.000149461690838774 0.000898511225564155 0.00101120670755006 9.15524599401147e-06 0.00066629011554886
"PTEAM" 5.70948019280438e-05 -0.000280205498149869 0.000380542106581754 -0.00023229216747677 -0.000739015492991656 0.000286902707209201 0.00165685936363909 0.00063642151046453 -0.000175920093212575 0.00098869515463931 0.000282975819969631 0.00125227108038407 0.00115943868001582 0.000562344490363731 -0.00404834813166467 0.00164602754314495 0.00185139593335818 0.00492562035586449 0.00281911922812193 0.000318389147770904 0.00071842484855958 -0.000564251553870815 0.000677008960259972 0.00158190516506851 0.00118823506865775 0.00030851544799066 0.00105903567644837 -0.000574006631323266 2.3536416258699e-05 0.000379653537404472 0.00199789040649928 0.000167707190129174 0.00112834157030158 -0.00154807574931826 0.00147372909669989 0.00275498854002933 0.000516837423453228 0.000415778751039314
"PTZYGO" 0.0006333092782512 0.000594217454421 0.00170741921082814 0.00199169013720783 0.000934851682057082 0.000930034907999441 0.00197705780034464 0.00222428783695971 0.00121172835789283 0.00162459954694573 0.00103951950525989 0.00261738871299617 -0.000780928268779064 0.00106446933826227 0.00192499748403746 0.0021200887761266 0.00161814640991693 0.00281911922812193 0.00588604508060806 0.000344796346426667 0.00190919042255682 0.000686280538825638 0.00135798564285557 0.00240621517251697 0.00681099063887662 0.00237680281286736 -0.000604917544175481 0.00153029427122809 0.000853747129949273 0.00118025602993018 0.0010528520802987 0.00471535578675839 0.000753947427230645 -0.000352721918032912 0.00157693056659718 0.00118203724748414 0.000752540208027757 0.000521503942745571
"FMZS" 0.00143556011891696 0.00367465198187012 0.00106071410336834 0.00150318178940123 0.00221483958613952 -5.52627434032063e-05 0.00188668525921792 -0.00208109737970039 0.00115426492530815 -0.000467993295015721 0.000316678614124184 0.000498731629443193 0.000813628411893419 0.000439236606676469 -0.00101759444712317 0.000215552144039689 8.13840267202179e-05 0.000318389147770904 0.000344796346426667 0.00744767997567481 0.00325806694520517 0.00218848752184724 0.000615113040385944 -7.90419901543759e-05 -0.000447134903048851 0.00478057142601053 0.00185198223124555 -0.0006392015743546 -0.000129009103386687 0.000402719609859074 0.00178176886740565 -0.000905727388833373 0.000300051879707817 -0.00012829958000728 0.000686014316536146 0.000473909180469337 -0.000425068339093101 0.00115551265446508
"FMMT" 0.00170780397853994 0.00307546983261554 0.00222036311980692 0.00293891600597195 0.00244823901833066 0.000721369299588219 0.00208460897389422 0.000694269716864522 0.00175911844218177 0.00125440690188377 0.000653141132958099 0.0015244476664596 0.000678923040548808 0.00134151255354355 0.00288980954534111 0.000740348056090339 0.000793783591675518 0.00071842484855958 0.00190919042255682 0.00325806694520517 0.00395069440499071 0.0025666374254064 0.00183762204147747 0.00220717660039447 0.00367084751481805 0.00553039927844218 0.00232091933990087 0.0015666219414866 0.00204535717828171 0.00172038750661054 0.00180856766361194 0.00114707987683228 0.000564184158973357 -3.72016959913656e-05 0.00102721896413757 0.000501687866289854 -0.000591939715220001 0.000916114332766082
"ZSZI" 0.00168762224654865 0.00244852019090179 0.00198450171073314 0.0021255544874755 0.00316030514388171 0.0010311005810394 0.00118228752455234 -0.000665072861540046 0.00267158004978644 0.000174671366972233 0.000275510246376167 0.00113575932296054 -4.6709057498841e-05 0.000535400581590337 0.0039797153563326 0.000802232636864432 0.000649218895932719 -0.000564251553870815 0.000686280538825638 0.00218848752184724 0.0025666374254064 0.00563648306026096 0.000476807569942001 -0.000794250611687526 0.00268511420411704 0.00393003360388804 0.0026908239127788 0.0011659942381257 0.00149970857776586 0.00128834063749516 0.00242006562854569 0.00118558395408973 -0.000344838331072361 0.000106206822687233 5.64425819680322e-05 -0.000148848143160151 0.000146246105802674 0.00153664623266565
"ZIMT" -3.15407980514326e-05 -0.000903465830738916 -0.000124654303102262 0.000106393805397887 -0.000543802268212665 0.000842744983249274 0.00238858703607401 0.000336812283729271 0.000309119274527785 0.000393299706266886 0.000339881358018619 0.00109662461857304 -0.000533384258602711 0.000416497122618841 0.0025869166542136 0.000322150610372021 0.000326464639107737 0.000677008960259972 0.00135798564285557 0.000615113040385944 0.00183762204147747 0.000476807569942001 0.00701044200122805 0.00213090992453378 0.00308669647644374 -0.000606073292958617 0.000890454338831677 0.00174327457439187 8.93815154532059e-05 0.0010983093303224 0.00210952288438919 0.00126447152901805 -2.6435197801132e-05 0.000502104618823189 -0.000479409518538268 0.00057366447454972 -0.000523302580317259 0.00147917817703432
"ZIZYGO" -0.00045684044982375 -0.000412386991626061 0.000951270793066765 0.00174563248665012 -0.000608681205502854 0.00023003519495394 0.00345090872525928 0.00149166314152924 -0.000477147480038987 0.000800538714229765 0.000451236029883973 0.00200487853029611 -0.000883223186188121 0.000566122465570018 0.00356597738944087 0.000187402468407722 0.00076226408433696 0.00158190516506851 0.00240621517251697 -7.90419901543759e-05 0.00220717660039447 -0.000794250611687526 0.00213090992453378 0.00899507287730731 0.00542761330192892 0.00309619581853506 -0.000477024729362162 0.00379122645494079 0.0019963695734772 0.00178218336354574 -0.00133925344215858 0.00197776391420982 -0.00152719838704982 -0.000390113647645408 -0.00021497536571892 0.00119728190627429 -0.00128132586722407 0.000777716128905898
"ZITSP" 0.00212757698406732 0.00270207157849204 0.00461851658540859 0.00296495248355072 0.00153154602992948 0.00130229705436702 0.00156858828753467 0.00253467284193202 0.00221613956351905 0.00186996732984813 0.0013591054580047 0.00527393228847728 -0.00280177649060424 0.0014909902490172 0.00967351004004074 0.00229114852034393 0.00214762552908317 0.00118823506865775 0.00681099063887662 -0.000447134903048851 0.00367084751481805 0.00268511420411704 0.00308669647644374 0.00542761330192892 0.0232830586762839 0.00462881602620666 -0.00302324135032725 0.0062850113727815 0.0031154751927475 0.00248790476646054 0.00395603187924144 0.00645707339352864 0.00034953750719401 0.00150190388603521 0.00230841803555232 0.000152434348644856 -0.00240744374931389 0.000299698095026729
"MTPNS" 0.00297359304368847 0.00665398987078006 0.00500515559629369 0.00527293750082226 0.0053414141735918 0.000522068510148953 0.000672845786692464 0.00160441582432306 0.00356758205593156 0.00304974673903741 0.0015945138130186 0.00197167085460178 0.00172466743450332 0.00196927157090388 0.0046485458505027 0.000714700381760401 0.00104835020289742 0.00030851544799066 0.00237680281286736 0.00478057142601053 0.00553039927844218 0.00393003360388804 -0.000606073292958617 0.00309619581853506 0.00462881602620666 0.0131499009972899 0.00272699303101817 0.00202096551023812 0.00377301435778319 0.00263246252678789 0.00164775253744793 0.000873930937172474 0.000464146213381906 -0.000988835903603557 0.00173451226687437 0.000778405146740611 0.000866258592291407 0.00196143659095034
"PNSAPET" 0.00137559390659093 0.00361063869994344 0.000263050096288029 0.00204303181633791 0.00279340533834254 0.000714906748020836 0.00199697521997547 -4.6624654493472e-05 0.00160234506880639 -0.000112332549157125 4.01670360873511e-05 -0.00107549453837561 0.000919908418499764 0.000153988640605627 0.00113578293626206 0.00120823180480122 0.00107104816326179 0.00105903567644837 -0.000604917544175481 0.00185198223124555 0.00232091933990087 0.0026908239127788 0.000890454338831677 -0.000477024729362162 -0.00302324135032725 0.00272699303101817 0.00991655390012627 -0.00122092656236355 -0.000418023469005152 0.00119940297797054 0.00221663939836851 -0.0016540075322235 0.0012347652038418 -1.89255021754287e-05 0.00059123706521304 0.00102713626440443 -0.000237657087595923 0.00150877804244813
"APETBA" 0.00175748861210033 0.00177783134148793 0.00224400614061374 0.00251599654809148 0.00108527927951419 0.00120897682683417 0.00183758242442742 0.00172770179852302 0.00083622490232561 0.000499147996063569 0.000383158362817884 0.00154368902461354 -0.0012298900440556 0.000613750515246351 0.00620876772048677 0.000279606606875226 0.000912198874220372 -0.000574006631323266 0.00153029427122809 -0.0006392015743546 0.0015666219414866 0.0011659942381257 0.00174327457439187 0.00379122645494079 0.0062850113727815 0.00202096551023812 -0.00122092656236355 0.00595691257819759 0.0014396171413396 0.00166938910233334 0.00129491007046244 0.0024830499291496 -0.000336639413121004 2.49048190451434e-05 -2.03724935802788e-05 -0.000550809852522188 -0.0009107295883742 0.000811331429643669
"APETTS" 0.00129667705019709 0.00150582190992114 0.00214329176760048 0.0026998952151935 0.00188181822003161 0.000679717733952083 0.00143291274667496 0.00199832896688563 0.00129655372865309 0.00123566498011093 0.000478823751521247 0.00105722731356544 0.000630931793567996 0.00103271224680138 0.00197753733795508 0.000545728958264092 0.000324874634922099 2.3536416258699e-05 0.000853747129949273 -0.000129009103386687 0.00204535717828171 0.00149970857776586 8.93815154532059e-05 0.0019963695734772 0.0031154751927475 0.00377301435778319 -0.000418023469005152 0.0014396171413396 0.00636512755016602 0.00175895877613141 0.00117930377308052 0.00211311897095137 -0.000270131766891949 -0.000376265178742869 0.000162111586134932 -8.82874542787178e-05 -0.00191622819587248 -0.000278190072442912
"BAEAM" 0.00103446641837664 0.000900983217781346 0.00125716148289001 0.00142124351629889 0.00102742055752257 0.000456433534250246 0.00169425240556543 0.001113289155802 0.00100685802933523 0.000689597408813806 0.000577490198407768 0.00112570150212309 0.000106727575301515 0.000736594928340195 0.00229233554243859 0.0006937375779054 0.000791673321357077 0.000379653537404472 0.00118025602993018 0.000402719609859074 0.00172038750661054 0.00128834063749516 0.0010983093303224 0.00178218336354574 0.00248790476646054 0.00263246252678789 0.00119940297797054 0.00166938910233334 0.00175895877613141 0.00187237839421354 0.00128149308511717 0.00129466390361293 4.52057255163933e-05 0.000154675232342985 0.000147379533123275 0.000427163248142994 -3.07976676505634e-06 0.000943643087463175
"EAMZYGO" 0.00268756541179663 0.00205656140407068 0.00226898031324907 0.00102858205861945 0.000912119256433482 0.00129961893055286 0.002899244349311 0.000426972411323477 0.00132533697117766 -6.49342335789853e-05 0.000764439323721289 0.00177814689953415 0.000441925955225541 0.00061932686745842 0.00159363665074725 0.00115812076363289 0.00106224056556429 0.00199789040649928 0.0010528520802987 0.00178176886740565 0.00180856766361194 0.00242006562854569 0.00210952288438919 -0.00133925344215858 0.00395603187924144 0.00164775253744793 0.00221663939836851 0.00129491007046244 0.00117930377308052 0.00128149308511717 0.00945981240940676 -0.000580126324230756 0.001252566889518 -0.00117520163608508 0.00123816937714165 0.00076523180232874 -0.00182194637059455 0.0014237411779075
"ZYGOTSP" -1.02738737581821e-05 -0.000238435589872675 0.000830124650587176 0.00216276594996303 0.00114386440721813 0.0011298343139425 0.00212959181861513 0.00300017838600228 0.00155911608814853 0.00144540187840385 0.000912077722106318 0.00216993671492009 -0.00155214259667468 0.000531947958270484 0.00429728160389233 0.00177516550319256 0.000855560894582696 0.000167707190129174 0.00471535578675839 -0.000905727388833373 0.00114707987683228 0.00118558395408973 0.00126447152901805 0.00197776391420982 0.00645707339352864 0.000873930937172474 -0.0016540075322235 0.0024830499291496 0.00211311897095137 0.00129466390361293 -0.000580126324230756 0.00814110262539415 -0.000120815040302539 -2.96666148416742e-05 0.000166579081309073 1.65813031628969e-05 -0.000611609971699935 0.000742272703092952
"LDAS" 0.000875514317744278 0.00126265054677515 0.00077064013749687 0.000296254085380014 0.000392532241383847 0.000133507294024796 -0.0009593696118314 0.000557755884992417 0.000253262564659235 0.00102261605771071 0.000386798233157673 0.000317374390705544 0.000996977541267104 0.000578417664019265 -0.000952287285035895 0.000809945296640037 0.000833488874375319 0.00112834157030158 0.000753947427230645 0.000300051879707817 0.000564184158973357 -0.000344838331072361 -2.6435197801132e-05 -0.00152719838704982 0.00034953750719401 0.000464146213381906 0.0012347652038418 -0.000336639413121004 -0.000270131766891949 4.52057255163933e-05 0.001252566889518 -0.000120815040302539 0.00284402364753774 -2.05638381521892e-05 0.00148475892446539 0.000308705243474494 -0.000745308617801847 0.000257062385779962
"BRLD" 0.000187390843587107 -0.000911689381907628 -0.000222667317526123 -0.00076011896811446 -7.05017668231402e-05 -0.000653011223052921 -0.00126927984420912 -0.000488814633071859 -4.84476309488969e-05 -0.00119421564748896 4.60400402850228e-06 -0.000393035578644203 -0.00133564275520028 0.000433132888714801 0.00326308566172775 0.000391652835359068 -0.000149461690838774 -0.00154807574931826 -0.000352721918032912 -0.00012829958000728 -3.72016959913656e-05 0.000106206822687233 0.000502104618823189 -0.000390113647645408 0.00150190388603521 -0.000988835903603557 -1.89255021754287e-05 2.49048190451434e-05 -0.000376265178742869 0.000154675232342985 -0.00117520163608508 -2.96666148416742e-05 -2.05638381521892e-05 0.00720007891018942 -0.00103517035577772 -0.00057638156196558 0.00107571246456682 -3.36269646077537e-05
"OPILD" 0.000427086050723223 0.000532272329489542 0.00065121200313548 5.26764567952673e-05 0.00044313790743542 -0.000187587482460285 -0.000522670904089793 0.000203425947891618 0.000265432665833064 0.00122621244293457 0.000481332855720088 0.000938391390190465 0.00114489591868787 0.00145082080089072 -0.000122376274728292 0.00077369415651508 0.000898511225564155 0.00147372909669989 0.00157693056659718 0.000686014316536146 0.00102721896413757 5.64425819680322e-05 -0.000479409518538268 -0.00021497536571892 0.00230841803555232 0.00173451226687437 0.00059123706521304 -2.03724935802788e-05 0.000162111586134932 0.000147379533123275 0.00123816937714165 0.000166579081309073 0.00148475892446539 -0.00103517035577772 0.00360104761834411 0.000717320310887731 -0.000442575702924977 -0.0010867693502557
"PTAS" -0.000301855755398874 -0.000499085372494809 7.84173163513729e-05 -0.000503346476777505 -0.000346750397404424 4.00726088865813e-05 0.00119778372001631 0.000196363409124795 4.33107205137668e-05 0.00067332596283679 0.000156268607433536 0.000694537695530196 0.0010602776704559 0.000323064639525418 -0.00265491182483871 0.00072869332026476 0.00101120670755006 0.00275498854002933 0.00118203724748414 0.000473909180469337 0.000501687866289854 -0.000148848143160151 0.00057366447454972 0.00119728190627429 0.000152434348644856 0.000778405146740611 0.00102713626440443 -0.000550809852522188 -8.82874542787178e-05 0.000427163248142994 0.00076523180232874 1.65813031628969e-05 0.000308705243474494 -0.00057638156196558 0.000717320310887731 0.00218341123016484 0.00121452656144836 0.000651204928439402
"JPAS" -0.000310784892479011 -0.000991102674115567 -0.000127966314594911 -0.000541751114772698 0.000418864412299538 7.30491740415161e-05 -0.000746652409326466 -0.000475513986408433 0.000130564915119463 0.000999008676759369 -0.000171155122356535 -0.000513266947146083 0.000520940010882371 0.000136508871881056 -0.00091002212406826 -0.000170521462341896 9.15524599401147e-06 0.000516837423453228 0.000752540208027757 -0.000425068339093101 -0.000591939715220001 0.000146246105802674 -0.000523302580317259 -0.00128132586722407 -0.00240744374931389 0.000866258592291407 -0.000237657087595923 -0.0009107295883742 -0.00191622819587248 -3.07976676505634e-06 -0.00182194637059455 -0.000611609971699935 -0.000745308617801847 0.00107571246456682 -0.000442575702924977 0.00121452656144836 0.00740345447431579 0.000854222680789212
"BAOPI" 0.000297482078308686 0.000385250047000838 0.000763460302709792 0.000779500962049239 0.00121130029709873 0.000765437364980852 0.00135286604369137 -2.81747566273211e-05 0.00104148223759287 0.000433814879718871 0.000265467424649959 0.000307497712654735 0.000121207756985093 0.00015639725055635 0.00227087990907497 0.000979176715284073 0.00066629011554886 0.000415778751039314 0.000521503942745571 0.00115551265446508 0.000916114332766082 0.00153664623266565 0.00147917817703432 0.000777716128905898 0.000299698095026729 0.00196143659095034 0.00150877804244813 0.000811331429643669 -0.000278190072442912 0.000943643087463175 0.0014237411779075 0.000742272703092952 0.000257062385779962 -3.36269646077537e-05 -0.0010867693502557 0.000651204928439402 0.000854222680789212 0.00532392614862903
