"" "ISPM" "ISNSL" "ISPNS" "PMZS" "PMZI" "PMMT" "NSLNA" "NSLZS" "NSLZI" "NABR" "NAFM" "NAPNS" "BRPT" "BRAPET" "PTFM" "PTAPET" "PTBA" "PTEAM" "PTZYGO" "FMZS" "FMMT" "ZSZI" "ZIMT" "ZIZYGO" "ZITSP" "MTPNS" "PNSAPET" "APETBA" "APETTS" "BAEAM" "EAMZYGO" "ZYGOTSP" "LDAS" "BRLD" "OPILD" "PTAS" "JPAS" "BAOPI"
"ISPM" 0.00454239825243557 0.00295797787120027 0.0026714375120191 0.00202056585050141 0.00136092163326237 0.000438314171352952 0.0013530141590236 0.00215631940484435 0.00111689581907215 0.00138348596217984 0.000402106783059957 0.00111808524697311 0.000539009155313018 0.000470719090702763 0.002310933386492 9.78772223044798e-05 0.000242130848115534 -4.66926107321114e-05 0.000412476771425343 0.000191108062880229 0.00210051754933762 0.000235497958373963 0.00118544015898062 0.00119902627755949 0.001439486856149 0.00374518981183089 0.000427073040362943 0.000869907496482329 0.00112348145617169 0.00105600260905837 0.00128874474369997 -0.000439581170520067 -0.000265116617440539 0.000713721160512222 -0.000669015420933071 0.00019531155877574 -0.000312539135017685 2.74856798376261e-05
"ISNSL" 0.00295797787120027 0.00750239427873392 0.00395424434290107 0.00535617968740531 0.00389215120240376 0.00266885367635491 0.0012762545386811 0.00149299338100152 0.00234436645964644 0.0015786383143384 0.00134326535960665 0.00167994327503259 0.000602649225100888 0.00117928077839087 0.00385332932014689 0.000161543598361235 0.000636116975182047 0.00143825947273033 0.00153316670260412 0.00200338875577513 0.00261218025523717 0.00289589999678568 0.00175886404212634 0.00224837913375522 0.00308039278091183 0.00377663461127971 0.00351064076549789 0.00246172046120793 0.00308502383406971 0.00159339123705788 0.00536225277781976 0.00256420702718743 0.000244242289725234 0.00278304044716203 0.000439740430496093 0.00152115405082509 -0.00145055706535506 0.00199704295810336
"ISPNS" 0.0026714375120191 0.00395424434290107 0.0052036479788496 0.00469556024633007 0.00361314502983251 0.00209912318959314 0.00415841304616663 0.00162970913608976 0.00212041675851973 0.00102203960375428 0.000805580799441354 0.00253292407536105 0.00062525885063312 0.00105250767560395 0.00227767055620945 0.000312603328812427 0.00101357072458916 0.0020467187487914 0.00186869326415902 0.00255945893536918 0.0033168425763593 0.00307641833818365 0.00170697457041664 0.00300831331963443 0.00224913175654507 0.00556215827104024 -0.000962225896809517 0.00225422000055212 0.00149539220317913 0.00130749212960414 0.00377317573602998 0.00116125888435107 0.00057748381090185 0.00210773820397417 0.00104697748713344 0.00162835838329152 -0.001207277312826 -0.000344280374452724
"PMZS" 0.00202056585050141 0.00535617968740531 0.00469556024633007 0.007587464788258 0.00549569025855 0.00340854669950331 0.00628494034062576 0.0026690177060635 0.00305148121365743 0.00149166418020306 0.00165105522287024 0.00244247530397545 0.000347057069837137 0.00118877428959268 0.00443008339947794 3.42566609403899e-05 0.00112031732326396 0.00277925172391095 0.00263738660593867 0.00270683103209218 0.00398684311131609 0.00476004247659769 0.00252749156027019 0.00360737990403004 0.00253322160482732 0.00538073104677484 0.00392477670393608 0.0036071440856243 0.00347839671830673 0.00164315200008292 0.00577579798646309 0.00302052153039 0.000506172138557879 0.0038356725901012 0.00176520570836101 0.00250314482943215 -0.0015889024209097 0.00131140891589582
"PMZI" 0.00136092163326237 0.00389215120240376 0.00361314502983251 0.00549569025855 0.00597071537912774 0.00358527549535265 0.00358875205117261 0.00182866936621954 0.00349322544200744 0.000977028215758778 0.00179598105236505 0.0018411097975402 -4.38886247160017e-05 0.00145438646626209 0.00349931967031991 0.000767243890066575 0.00131224281610909 0.00236360584116306 0.0022891632644782 0.00261719738389445 0.00293396333060605 0.0048251219548888 0.00274213973123882 0.00101209279424062 0.000678196705117418 0.00409240949652241 0.00350719280670892 0.00321269859953926 0.00313513277675481 0.00158158197885464 0.00426199080446371 0.00342708498551137 0.000960581217930637 0.00298846161432037 0.00247005592629769 0.00180272630748196 -0.000634679357614265 0.000610961100708635
"PMMT" 0.000438314171352952 0.00266885367635491 0.00209912318959314 0.00340854669950331 0.00358527549535265 0.0033617387234923 0.00161288133486529 0.000912645665902317 0.00202091429500956 0.000449023942240234 0.00132747544563445 0.000900503935896859 -0.000175135246540477 0.0010587019831554 0.00232903817199219 0.000883079211712786 0.0010862479434712 0.00182181314183713 0.00174958424955085 0.00131840077732357 0.00114821151934978 0.00295510008596763 0.00242037127684474 0.000444694709821837 0.000595284551691196 0.00127356871503717 0.00299570801068599 0.00231909263241672 0.00254886413277759 0.00121499129204949 0.00328743917544915 0.0024672212143304 0.000734069339526178 0.0024167021052713 0.00192691096366288 0.00130186239962312 -0.000134602727076535 0.000731162395327289
"NSLNA" 0.0013530141590236 0.0012762545386811 0.00415841304616663 0.00628494034062576 0.00358875205117261 0.00161288133486529 0.0175742999717117 0.00361077405654939 0.00260175081357443 -0.000971813708243935 0.00174162593890481 0.00395159924417075 0.00053038583841591 0.000471017042182962 0.0020121965583761 -0.000729996615123332 0.00069159852157821 0.00221596131905679 0.00211125525437699 0.00499221224463346 0.00431142649929771 0.00449688980112804 0.000637547331291172 0.00327533794319173 0.000582163676661587 0.00494004149125426 0.00049910342713472 0.0025826901188448 0.000955553686607834 0.00108961277649675 0.00393552796259691 0.00152151726020514 0.00176467025911929 0.00327278765257087 0.00142851373376945 0.00210185076037659 -0.00173106967661711 0.00141686314885285
"NSLZS" 0.00215631940484435 0.00149299338100152 0.00162970913608976 0.0026690177060635 0.00182866936621954 0.000912645665902317 0.00361077405654939 0.00509772693736468 0.00223929888102214 0.00140637430648582 0.00107626082099169 0.000964061098932757 0.000865218294402369 0.000664492744960485 0.00197400552924738 -0.000674652407075749 -4.827968261594e-05 0.00024625833071393 0.000634162344858097 -0.000262880692553561 0.00194435163613423 0.000237134425828232 0.000188756454386586 0.000817356852736387 0.000737869198605071 0.00262600391986122 0.00121294972556226 0.00116535377677832 0.00157986797867566 0.000710867003419508 0.00077270617879307 0.000343173578762978 -5.73091147090128e-05 0.00128495821397241 0.00035390607433971 0.000740111097802334 -0.000565311582508639 0.000568157285649196
"NSLZI" 0.00111689581907215 0.00234436645964644 0.00212041675851973 0.00305148121365743 0.00349322544200744 0.00202091429500956 0.00260175081357443 0.00223929888102214 0.00295602332742149 0.000966318269046622 0.00132632790585629 0.0012846192283004 0.000474097793518247 0.0010432157453388 0.00201027598901897 0.00013164322990344 0.000708020076426391 0.00135266821444782 0.00143004506868128 0.00164178210887884 0.00184112429745626 0.00345614161875775 0.000978470093449217 0.000427354151769324 0.000661035948692253 0.00257513175128034 0.00203207873509772 0.00209560423579685 0.00178987788736532 0.00106902184607244 0.0023057006760967 0.00226105243989551 0.000745711645421673 0.00140746731492374 0.00155734063817078 0.00116595858985696 -0.000232756065395963 0.000400575766960635
"NABR" 0.00138348596217984 0.0015786383143384 0.00102203960375428 0.00149166418020306 0.000977028215758778 0.000449023942240234 -0.000971813708243935 0.00140637430648582 0.000966318269046622 0.00249138275716396 0.000212651404967899 0.000243748646528516 0.000999399805515915 0.000431260804178785 0.00139529142014959 -4.21457000413572e-05 0.000415364985367815 0.0010468201775581 0.00101894086654777 0.000208988173681399 0.00141543384227521 0.000882924076125572 2.97301571239794e-05 0.00076428090852696 0.0020516197917581 0.00186948056135544 0.0014948915557127 0.000838571494647512 0.00111501731715566 0.000637124542156346 0.00149072115249225 0.000814341116123634 -0.000172208520453609 -0.000100266929577381 -0.000119630538951089 0.00109713272293979 0.000300660205205287 0.000706938364516229
"NAFM" 0.000402106783059957 0.00134326535960665 0.000805580799441354 0.00165105522287024 0.00179598105236505 0.00132747544563445 0.00174162593890481 0.00107626082099169 0.00132632790585629 0.000212651404967899 0.00152070250154593 0.000619866802867582 0.000170185385865404 0.000801337265372277 0.00142078128125359 0.000662145207886026 0.000578262464733449 0.000833733501928814 0.0010298501733649 0.00140965073807708 0.000777732393728216 0.00148378538489766 0.000730593981200524 -0.000167748249205427 0.000793518032470261 0.000993733460758852 0.00230429978587746 0.00125740716661163 0.00131484378041607 0.000673984741783792 0.00238354780001946 0.00169930189909703 0.000529413548251377 0.00174888083221353 0.000851969711623651 0.000596143482436563 -0.000514073753806151 0.000526120832151516
"NAPNS" 0.00111808524697311 0.00167994327503259 0.00253292407536105 0.00244247530397545 0.0018411097975402 0.000900503935896859 0.00395159924417075 0.000964061098932757 0.0012846192283004 0.000243748646528516 0.000619866802867582 0.00271410596506647 0.000651444287060869 0.000758069774888079 0.000899401054892149 0.000444634534656609 0.000711496130781432 0.00141316879156036 0.000745648947214865 0.00150382654408252 0.00205303764280464 0.00204283586283359 -3.34314789580028e-05 0.00161413205675313 0.00169757734099627 0.00247682561772661 -0.0011322771325861 0.00130816415464714 0.000499348033911541 0.000558554022255108 0.0016520446666112 0.00041467565990413 0.000454792023205679 0.000949957806702268 0.000595031726916258 0.00100647193923158 -0.000570712383806821 -0.000284161548120535
"BRPT" 0.000539009155313018 0.000602649225100888 0.00062525885063312 0.000347057069837137 -4.38886247160017e-05 -0.000175135246540477 0.00053038583841591 0.000865218294402369 0.000474097793518247 0.000999399805515915 0.000170185385865404 0.000651444287060869 0.00141099571028799 0.000565015006486436 -0.0005354678620614 -0.000296797865538428 0.000103295593456847 0.000689977612063077 -1.02593483520497e-05 0.000257554719168568 0.000499371570439027 0.000317959737005139 -0.00116980844045933 0.000207953546460104 0.000637784072469992 0.000776498435308706 -0.000557648228592215 2.10730280517208e-05 -2.5161676467864e-05 0.000105194280773966 0.000523604134366497 -0.00014056351888157 0.000407070821623028 -0.000101604379032788 8.23537769141865e-05 0.000723411393928961 -0.000174020726415281 0.000512808073491097
"BRAPET" 0.000470719090702763 0.00117928077839087 0.00105250767560395 0.00118877428959268 0.00145438646626209 0.0010587019831554 0.000471017042182962 0.000664492744960485 0.0010432157453388 0.000431260804178785 0.000801337265372277 0.000758069774888079 0.000565015006486436 0.00126804378198909 0.00100223708634933 0.000966516100907087 0.000711061987000364 0.00117704682376325 0.000793897169070206 0.000691205368493766 0.000722691554081736 0.00117749606071928 0.000761314629463565 0.000384436007990037 0.000578137793258558 0.000823293637338964 0.000981123582295485 0.000773183450847348 0.000664603548794342 0.000564477291343733 0.00143767594122791 0.000979650454322231 0.000607738404474735 0.00158147709580842 0.00119297795253104 0.000623972328323644 -4.28089376051556e-06 -0.000239468518124341
"PTFM" 0.002310933386492 0.00385332932014689 0.00227767055620945 0.00443008339947794 0.00349931967031991 0.00232903817199219 0.0020121965583761 0.00197400552924738 0.00201027598901897 0.00139529142014959 0.00142078128125359 0.000899401054892149 -0.0005354678620614 0.00100223708634933 0.0113409857311072 0.0012709731752711 0.000841455369809325 -0.000521321191446761 0.00117862714159627 0.000451778091549721 0.00337511363602842 0.00253624660481431 0.00368957364459704 0.00322122137256001 0.00398545307097226 0.00414519923581054 0.00781895662232659 0.00335688020786272 0.00272438580561837 0.00179318392821082 0.0046927498962048 0.00221447755582116 -0.000368883135656283 0.00396723624153564 0.000835533173851741 -0.000576226678026292 -0.000292434146739803 1.87021373989491e-05
"PTAPET" 9.78772223044798e-05 0.000161543598361235 0.000312603328812427 3.42566609403899e-05 0.000767243890066575 0.000883079211712786 -0.000729996615123332 -0.000674652407075749 0.00013164322990344 -4.21457000413572e-05 0.000662145207886026 0.000444634534656609 -0.000296797865538428 0.000966516100907087 0.0012709731752711 0.00381857105017288 0.0019013781354944 0.00157374486011488 0.00214521885327878 0.00039460788878643 0.000571522054609852 0.000586296918786691 0.00126890485219726 0.000314381963791275 0.000715137818776766 0.000431513922372874 0.00142640918017636 0.000328684785373525 0.00023380176868769 0.000547560402820429 0.000836644670041727 0.00123843057924197 0.000371526208027272 0.00166557962057028 0.000428422764087458 0.000391254328157586 -0.000142388520005475 -0.000632848450000566
"PTBA" 0.000242130848115534 0.000636116975182047 0.00101357072458916 0.00112031732326396 0.00131224281610909 0.0010862479434712 0.00069159852157821 -4.827968261594e-05 0.000708020076426391 0.000415364985367815 0.000578262464733449 0.000711496130781432 0.000103295593456847 0.000711061987000364 0.000841455369809325 0.0019013781354944 0.0017811978511602 0.00198768209073424 0.00212212867902882 0.000834247288398548 0.0010353130251013 0.0014612839879667 0.0011452291569228 0.000996966158580968 0.000913709248013812 0.00113067784541187 0.00110589056347356 0.00170405585044407 0.00109322000998028 0.000962073387409505 0.00155589015967678 0.0017869358863289 0.000425384046088741 0.00134441188063848 0.000819351272175742 0.00119470225596748 -0.000617573199942359 -0.000271436943342063
"PTEAM" -4.66926107321114e-05 0.00143825947273033 0.0020467187487914 0.00277925172391095 0.00236360584116306 0.00182181314183713 0.00221596131905679 0.00024625833071393 0.00135266821444782 0.0010468201775581 0.000833733501928814 0.00141316879156036 0.000689977612063077 0.00117704682376325 -0.000521321191446761 0.00157374486011488 0.00198768209073424 0.00453528860453969 0.0029486022363541 0.00201108611013671 0.00184786807337748 0.00299222367283386 0.00120959361772509 0.00148652758375373 0.000988000766118186 0.00204542070932482 0.00129247207075807 0.00184898663049217 0.00160029599653567 0.000920306997376391 0.00384199831320233 0.00225003134574889 0.000833536834555166 0.00199889128939869 0.0015396772659745 0.00295082961902765 -0.00029360191012954 0.000434528230102012
"PTZYGO" 0.000412476771425343 0.00153316670260412 0.00186869326415902 0.00263738660593867 0.0022891632644782 0.00174958424955085 0.00211125525437699 0.000634162344858097 0.00143004506868128 0.00101894086654777 0.0010298501733649 0.000745648947214865 -1.02593483520497e-05 0.000793897169070206 0.00117862714159627 0.00214521885327878 0.00212212867902882 0.0029486022363541 0.00486924790118771 0.00176123101929326 0.00198898757245189 0.00259421282620797 0.00163277524180581 0.00238583948897322 0.0021818905227207 0.00282342710523557 0.00205498905205466 0.00196925987926128 0.00259854800106184 0.0013425235136259 0.00262578300802877 0.00394135982889537 0.000175447324905698 0.00196378685206227 0.00105216171950834 0.00187230189409344 -0.00110695683057273 0.00026996508005585
"FMZS" 0.000191108062880229 0.00200338875577513 0.00255945893536918 0.00270683103209218 0.00261719738389445 0.00131840077732357 0.00499221224463346 -0.000262880692553561 0.00164178210887884 0.000208988173681399 0.00140965073807708 0.00150382654408252 0.000257554719168568 0.000691205368493766 0.000451778091549721 0.00039460788878643 0.000834247288398548 0.00201108611013671 0.00176123101929326 0.00623372590896019 0.00284819595095646 0.00337738674557869 0.00131585387870781 0.00125620834797621 0.00102691679822851 0.00254910022984129 0.00100251175247708 0.00156881924155653 0.000812030182203517 0.00102142514659681 0.00388951656803714 0.00216673174595965 0.00140955303411892 0.00180354590514293 0.000943289925856315 0.00142002617627862 -0.00100878868341553 0.000530312327299543
"FMMT" 0.00210051754933762 0.00261218025523717 0.0033168425763593 0.00398684311131609 0.00293396333060605 0.00114821151934978 0.00431142649929771 0.00194435163613423 0.00184112429745626 0.00141543384227521 0.000777732393728216 0.00205303764280464 0.000499371570439027 0.000722691554081736 0.00337511363602842 0.000571522054609852 0.0010353130251013 0.00184786807337748 0.00198898757245189 0.00284819595095646 0.00456624476011802 0.00252190311404894 0.00210052187296043 0.00318568555125582 0.0022403073574414 0.00535236775994358 0.00158342338603673 0.00203758247133284 0.00202897345274399 0.00118655730381045 0.00289101292565194 0.0011143344252882 0.000225855025723937 0.00141543199959553 0.000867189941131322 0.0014239590474554 -0.000996291638010135 -0.000436641740196032
"ZSZI" 0.000235497958373963 0.00289589999678568 0.00307641833818365 0.00476004247659769 0.0048251219548888 0.00295510008596763 0.00449688980112804 0.000237134425828232 0.00345614161875775 0.000882924076125572 0.00148378538489766 0.00204283586283359 0.000317959737005139 0.00117749606071928 0.00253624660481431 0.000586296918786691 0.0014612839879667 0.00299222367283386 0.00259421282620797 0.00337738674557869 0.00252190311404894 0.00728290153146003 0.00149574894628566 0.00155522967723075 0.00146254729561573 0.00333542631239595 0.00314253532334342 0.00334565079306351 0.00214066556096117 0.00133871666902798 0.00454036165927668 0.00365899296993222 0.0014171344978915 0.00177038508619046 0.00270824478309392 0.00218938739718233 -9.6748516381841e-05 0.000180278766428576
"ZIMT" 0.00118544015898062 0.00175886404212634 0.00170697457041664 0.00252749156027019 0.00274213973123882 0.00242037127684474 0.000637547331291172 0.000188756454386586 0.000978470093449217 2.97301571239794e-05 0.000730593981200524 -3.34314789580028e-05 -0.00116980844045933 0.000761314629463565 0.00368957364459704 0.00126890485219726 0.0011452291569228 0.00120959361772509 0.00163277524180581 0.00131585387870781 0.00210052187296043 0.00149574894628566 0.00741371860275297 0.00125187772343536 0.000288496918425675 0.00168393090233849 0.00431170209241817 0.00185200623339427 0.00173379605507953 0.00137988944214234 0.00375579319090291 0.00169762947582062 0.000475276279468141 0.00253029440071914 0.00191583088266301 0.000522445305753184 -0.000651818409416449 -0.00119454036658748
"ZIZYGO" 0.00119902627755949 0.00224837913375522 0.00300831331963443 0.00360737990403004 0.00101209279424062 0.000444694709821837 0.00327533794319173 0.000817356852736387 0.000427354151769324 0.00076428090852696 -0.000167748249205427 0.00161413205675313 0.000207953546460104 0.000384436007990037 0.00322122137256001 0.000314381963791275 0.000996966158580968 0.00148652758375373 0.00238583948897322 0.00125620834797621 0.00318568555125582 0.00155522967723075 0.00125187772343536 0.00810304239253274 0.00424267767275264 0.00395208785298675 0.000892055407644393 0.00214670424061445 0.00174258383957037 0.00124711791910056 0.0001804302298856 0.00125625920076414 -0.000880718898808246 0.00265466605301889 -0.000108558994717413 0.00111291295644775 -0.0013686146517037 -0.00048119493894755
"ZITSP" 0.001439486856149 0.00308039278091183 0.00224913175654507 0.00253322160482732 0.000678196705117418 0.000595284551691196 0.000582163676661587 0.000737869198605071 0.000661035948692253 0.0020516197917581 0.000793518032470261 0.00169757734099627 0.000637784072469992 0.000578137793258558 0.00398545307097226 0.000715137818776766 0.000913709248013812 0.000988000766118186 0.0021818905227207 0.00102691679822851 0.0022403073574414 0.00146254729561573 0.000288496918425675 0.00424267767275264 0.0112221490033667 0.00315351555267977 0.00160001932202712 0.00196899701018535 0.00165888828320699 0.00157653605130805 0.00343365199779317 0.0027408832327029 -0.00117683227727015 1.0537143641734e-05 -0.000794973696572725 0.00060077787186849 0.000457370894636452 4.53122103487469e-05
"MTPNS" 0.00374518981183089 0.00377663461127971 0.00556215827104024 0.00538073104677484 0.00409240949652241 0.00127356871503717 0.00494004149125426 0.00262600391986122 0.00257513175128034 0.00186948056135544 0.000993733460758852 0.00247682561772661 0.000776498435308706 0.000823293637338964 0.00414519923581054 0.000431513922372874 0.00113067784541187 0.00204542070932482 0.00282342710523557 0.00254910022984129 0.00535236775994358 0.00333542631239595 0.00168393090233849 0.00395208785298675 0.00315351555267977 0.00988593580858976 4.19420100855389e-05 0.00239056112183101 0.00247844595639807 0.00142132320211388 0.00431173587235946 0.00136110233339366 -0.000106533494239897 0.00149555626929937 0.000651770564335698 0.0015802554374169 -0.00155581427291405 -0.000556721881169533
"PNSAPET" 0.000427073040362943 0.00351064076549789 -0.000962225896809517 0.00392477670393608 0.00350719280670892 0.00299570801068599 0.00049910342713472 0.00121294972556226 0.00203207873509772 0.0014948915557127 0.00230429978587746 -0.0011322771325861 -0.000557648228592215 0.000981123582295485 0.00781895662232659 0.00142640918017636 0.00110589056347356 0.00129247207075807 0.00205498905205466 0.00100251175247708 0.00158342338603673 0.00314253532334342 0.00431170209241817 0.000892055407644393 0.00160001932202712 4.19420100855389e-05 0.0149563088389043 0.00255743265739814 0.00393766763052649 0.00172664585106005 0.00585696952358381 0.00451046789944824 0.000697336396799851 0.00497431679111509 0.00131672558928888 0.000911218804774581 -0.000164170973939648 0.00266845855754427
"APETBA" 0.000869907496482329 0.00246172046120793 0.00225422000055212 0.0036071440856243 0.00321269859953926 0.00231909263241672 0.0025826901188448 0.00116535377677832 0.00209560423579685 0.000838571494647512 0.00125740716661163 0.00130816415464714 2.10730280517208e-05 0.000773183450847348 0.00335688020786272 0.000328684785373525 0.00170405585044407 0.00184898663049217 0.00196925987926128 0.00156881924155653 0.00203758247133284 0.00334565079306351 0.00185200623339427 0.00214670424061445 0.00196899701018535 0.00239056112183101 0.00255743265739814 0.00467160365876356 0.0029419968842324 0.0018368729807947 0.00347987175144131 0.00307768593541943 0.000309015961692156 0.00194775830287289 0.00150665010789717 0.00156802267151083 -0.00133830251941367 -3.88126476411244e-06
"APETTS" 0.00112348145617169 0.00308502383406971 0.00149539220317913 0.00347839671830673 0.00313513277675481 0.00254886413277759 0.000955553686607834 0.00157986797867566 0.00178987788736532 0.00111501731715566 0.00131484378041607 0.000499348033911541 -2.5161676467864e-05 0.000664603548794342 0.00272438580561837 0.00023380176868769 0.00109322000998028 0.00160029599653567 0.00259854800106184 0.000812030182203517 0.00202897345274399 0.00214066556096117 0.00173379605507953 0.00174258383957037 0.00165888828320699 0.00247844595639807 0.00393766763052649 0.0029419968842324 0.00780895966910328 0.00176758218633473 0.00256353919031347 0.00290890724730792 -9.34769088578634e-05 0.00156946877947774 0.00144780062443702 0.00152592295491417 -0.000603015350283199 0.00108213979535891
"BAEAM" 0.00105600260905837 0.00159339123705788 0.00130749212960414 0.00164315200008292 0.00158158197885464 0.00121499129204949 0.00108961277649675 0.000710867003419508 0.00106902184607244 0.000637124542156346 0.000673984741783792 0.000558554022255108 0.000105194280773966 0.000564477291343733 0.00179318392821082 0.000547560402820429 0.000962073387409505 0.000920306997376391 0.0013425235136259 0.00102142514659681 0.00118655730381045 0.00133871666902798 0.00137988944214234 0.00124711791910056 0.00157653605130805 0.00142132320211388 0.00172664585106005 0.0018368729807947 0.00176758218633473 0.00165861417240673 0.00161088400180862 0.00196012531625888 0.000147966196108417 0.0014658256057617 0.000454688590101765 0.000824938097880135 -0.000763516348959446 0.000240992339962805
"EAMZYGO" 0.00128874474369997 0.00536225277781976 0.00377317573602998 0.00577579798646309 0.00426199080446371 0.00328743917544915 0.00393552796259691 0.00077270617879307 0.0023057006760967 0.00149072115249225 0.00238354780001946 0.0016520446666112 0.000523604134366497 0.00143767594122791 0.0046927498962048 0.000836644670041727 0.00155589015967678 0.00384199831320233 0.00262578300802877 0.00388951656803714 0.00289101292565194 0.00454036165927668 0.00375579319090291 0.0001804302298856 0.00343365199779317 0.00431173587235946 0.00585696952358381 0.00347987175144131 0.00256353919031347 0.00161088400180862 0.012442652534804 0.00381479433240778 0.00118995372968768 0.00417531291749201 0.00127930829112414 0.00255491660582048 -0.001645337931866 0.00148527603540763
"ZYGOTSP" -0.000439581170520067 0.00256420702718743 0.00116125888435107 0.00302052153039 0.00342708498551137 0.0024672212143304 0.00152151726020514 0.000343173578762978 0.00226105243989551 0.000814341116123634 0.00169930189909703 0.00041467565990413 -0.00014056351888157 0.000979650454322231 0.00221447755582116 0.00123843057924197 0.0017869358863289 0.00225003134574889 0.00394135982889537 0.00216673174595965 0.0011143344252882 0.00365899296993222 0.00169762947582062 0.00125625920076414 0.0027408832327029 0.00136110233339366 0.00451046789944824 0.00307768593541943 0.00290890724730792 0.00196012531625888 0.00381479433240778 0.00708473901409241 0.000521498715797985 0.00262590299293383 0.00156987653130835 0.00167668174269566 -0.00141114140512778 0.00093882383432372
"LDAS" -0.000265116617440539 0.000244242289725234 0.00057748381090185 0.000506172138557879 0.000960581217930637 0.000734069339526178 0.00176467025911929 -5.73091147090128e-05 0.000745711645421673 -0.000172208520453609 0.000529413548251377 0.000454792023205679 0.000407070821623028 0.000607738404474735 -0.000368883135656283 0.000371526208027272 0.000425384046088741 0.000833536834555166 0.000175447324905698 0.00140955303411892 0.000225855025723937 0.0014171344978915 0.000475276279468141 -0.000880718898808246 -0.00117683227727015 -0.000106533494239897 0.000697336396799851 0.000309015961692156 -9.34769088578634e-05 0.000147966196108417 0.00118995372968768 0.000521498715797985 0.00229426382302067 0.000330690784164119 0.00187103707379018 0.000570523807882635 3.39571645852381e-05 0.000371373252077581
"BRLD" 0.000713721160512222 0.00278304044716203 0.00210773820397417 0.0038356725901012 0.00298846161432037 0.0024167021052713 0.00327278765257087 0.00128495821397241 0.00140746731492374 -0.000100266929577381 0.00174888083221353 0.000949957806702268 -0.000101604379032788 0.00158147709580842 0.00396723624153564 0.00166557962057028 0.00134441188063848 0.00199889128939869 0.00196378685206227 0.00180354590514293 0.00141543199959553 0.00177038508619046 0.00253029440071914 0.00265466605301889 1.0537143641734e-05 0.00149555626929937 0.00497431679111509 0.00194775830287289 0.00156946877947774 0.0014658256057617 0.00417531291749201 0.00262590299293383 0.000330690784164119 0.00823871016549074 0.000463488574648638 0.00118293291498079 -0.00128486538191078 0.00113958491865087
"OPILD" -0.000669015420933071 0.000439740430496093 0.00104697748713344 0.00176520570836101 0.00247005592629769 0.00192691096366288 0.00142851373376945 0.00035390607433971 0.00155734063817078 -0.000119630538951089 0.000851969711623651 0.000595031726916258 8.23537769141865e-05 0.00119297795253104 0.000835533173851741 0.000428422764087458 0.000819351272175742 0.0015396772659745 0.00105216171950834 0.000943289925856315 0.000867189941131322 0.00270824478309392 0.00191583088266301 -0.000108558994717413 -0.000794973696572725 0.000651770564335698 0.00131672558928888 0.00150665010789717 0.00144780062443702 0.000454688590101765 0.00127930829112414 0.00156987653130835 0.00187103707379018 0.000463488574648638 0.00482756795817503 0.00110978930006549 0.000601064804346653 -0.00189760776567741
"PTAS" 0.00019531155877574 0.00152115405082509 0.00162835838329152 0.00250314482943215 0.00180272630748196 0.00130186239962312 0.00210185076037659 0.000740111097802334 0.00116595858985696 0.00109713272293979 0.000596143482436563 0.00100647193923158 0.000723411393928961 0.000623972328323644 -0.000576226678026292 0.000391254328157586 0.00119470225596748 0.00295082961902765 0.00187230189409344 0.00142002617627862 0.0014239590474554 0.00218938739718233 0.000522445305753184 0.00111291295644775 0.00060077787186849 0.0015802554374169 0.000911218804774581 0.00156802267151083 0.00152592295491417 0.000824938097880135 0.00255491660582048 0.00167668174269566 0.000570523807882635 0.00118293291498079 0.00110978930006549 0.00257623303049449 -0.000472995796622097 0.000767700768317693
"JPAS" -0.000312539135017685 -0.00145055706535506 -0.001207277312826 -0.0015889024209097 -0.000634679357614265 -0.000134602727076535 -0.00173106967661711 -0.000565311582508639 -0.000232756065395963 0.000300660205205287 -0.000514073753806151 -0.000570712383806821 -0.000174020726415281 -4.28089376051556e-06 -0.000292434146739803 -0.000142388520005475 -0.000617573199942359 -0.00029360191012954 -0.00110695683057273 -0.00100878868341553 -0.000996291638010135 -9.6748516381841e-05 -0.000651818409416449 -0.0013686146517037 0.000457370894636452 -0.00155581427291405 -0.000164170973939648 -0.00133830251941367 -0.000603015350283199 -0.000763516348959446 -0.001645337931866 -0.00141114140512778 3.39571645852381e-05 -0.00128486538191078 0.000601064804346653 -0.000472995796622097 0.0074662319400398 -0.00015348491595205
"BAOPI" 2.74856798376261e-05 0.00199704295810336 -0.000344280374452724 0.00131140891589582 0.000610961100708635 0.000731162395327289 0.00141686314885285 0.000568157285649196 0.000400575766960635 0.000706938364516229 0.000526120832151516 -0.000284161548120535 0.000512808073491097 -0.000239468518124341 1.87021373989491e-05 -0.000632848450000566 -0.000271436943342063 0.000434528230102012 0.00026996508005585 0.000530312327299543 -0.000436641740196032 0.000180278766428576 -0.00119454036658748 -0.00048119493894755 4.53122103487469e-05 -0.000556721881169533 0.00266845855754427 -3.88126476411244e-06 0.00108213979535891 0.000240992339962805 0.00148527603540763 0.00093882383432372 0.000371373252077581 0.00113958491865087 -0.00189760776567741 0.000767700768317693 -0.00015348491595205 0.00564033164170286
