"" "ISPM" "ISNSL" "ISPNS" "PMZS" "PMZI" "PMMT" "NSLNA" "NSLZS" "NSLZI" "NABR" "NAFM" "NAPNS" "BRPT" "BRAPET" "PTFM" "PTAPET" "PTBA" "PTEAM" "PTZYGO" "FMZS" "FMMT" "ZSZI" "ZIMT" "ZIZYGO" "ZITSP" "MTPNS" "PNSAPET" "APETBA" "APETTS" "BAEAM" "EAMZYGO" "ZYGOTSP" "LDAS" "BRLD" "OPILD" "PTAS" "JPAS" "BAOPI"
"ISPM" 0.0075994947986941 0.00668536466424116 0.00497562764054429 0.00475324527173122 0.00362903302848661 0.00239467101085925 0.0034166627310156 0.00345598899272773 0.00290031640733566 0.00148306252273138 0.0020539989907448 0.00297053112602863 0.00189094828432342 0.00165761262322198 0.00134458344061519 0.00183034907087426 0.00233111145741835 0.00350594692161858 0.00294630925546081 0.00101541683297874 0.003457907309684 0.00290760093882592 0.00140219224360591 0.00316188822724067 0.00295589086294155 0.00446093428395215 0.00268922461590368 0.0026872795888381 0.00243533533023644 0.00213765338372097 0.00377694167285396 0.00303800812276525 0.000619708722528044 0.00173784803777941 0.000591515595409473 0.00275545393623861 -0.00157189439221929 0.00128826448797288
"ISNSL" 0.00668536466424116 0.00938873757266915 0.00596411086487727 0.0073532581002623 0.00478158882570841 0.0029789857306115 0.00346693669794775 0.00397971153878094 0.00310013283624516 0.00179408130815888 0.0023412020793905 0.00356300011346641 0.00221192083390655 0.0020406680219092 0.00160272430117229 0.00143983091554042 0.00260199461265375 0.00484384798910297 0.00371436457521903 0.00168117545793675 0.00466175008371384 0.00307692975254919 0.00121072333894132 0.00538470975254893 0.00367201521544192 0.00591022690061288 0.00340446817579437 0.00397867973665352 0.00338873963197418 0.00312282522570405 0.00457924790167678 0.00267671773947339 0.00153956290446282 0.00245100883401123 0.00116369867416163 0.00346939450389782 -0.000929742125164166 0.00162646017084269
"ISPNS" 0.00497562764054429 0.00596411086487727 0.00553148268214333 0.00611061454579825 0.00425047171360252 0.00302279975775626 0.00407485104625474 0.00442669430781111 0.00254540217542831 0.00149618892437373 0.00218506853024357 0.00330556411658998 0.00131301416979538 0.00170890449487095 0.00299430064734145 0.00172088308335114 0.00242152096303925 0.00335195519464946 0.00310283571357178 -8.44611102024234e-05 0.00320044899542143 0.00180285376605759 0.00120915469627526 0.00453129986481815 0.00338292342445861 0.00456406832634655 0.00193655611138491 0.00363534214644771 0.00313585451085861 0.0024888389141846 0.00330194544226786 0.0029642929320079 0.000798077705378149 0.0016509725587381 0.000758362194865731 0.00214735639003537 -0.000128915389520079 0.000801390905066317
"PMZS" 0.00475324527173122 0.0073532581002623 0.00611061454579825 0.0103473527943546 0.00577264510656268 0.00394898103884607 0.00750739471432183 0.00661253575853518 0.00356408385032503 0.00174734635497508 0.00283919169526714 0.00387421896292527 0.0011886945133098 0.00197902262697294 0.00459110085395793 0.00162245944975891 0.00300755902757456 0.00530835582031406 0.00532503882095485 -0.00077375976345225 0.00460842696184488 0.00318697248729587 0.000994423085715638 0.00807302064089591 0.00595070640034067 0.00709020579094028 0.00535503308143456 0.00568847620092343 0.00422325301016623 0.00381815322613304 0.00462191670082655 0.00418536403116243 0.00156678408297183 0.00257029295187089 0.00124771236209753 0.00276254222322235 0.00105543388545541 0.00141066873686852
"PMZI" 0.00362903302848661 0.00478158882570841 0.00425047171360252 0.00577264510656268 0.00480677452394616 0.00289083602662997 0.00417174752215452 0.00456095210895436 0.00312282962144454 0.000968348115124032 0.00209232277205427 0.00282126952913503 0.000738675666001456 0.00129265788426807 0.00268208712531924 0.00111550701991067 0.00197816410733155 0.00316576821233837 0.00286641409546525 0.000296736601853823 0.00280819235305054 0.00223014456199684 0.000643002448887902 0.00349366359104553 0.00281901579093135 0.0043952295008179 0.0031346136140008 0.00357130870441531 0.00227266712200206 0.00215330682121496 0.00318103243420642 0.00292603601005369 0.000928846829272159 0.00117486651957018 0.000902150959932854 0.00162770827480455 4.20898604056942e-05 0.00105416996588227
"PMMT" 0.00239467101085925 0.0029789857306115 0.00302279975775626 0.00394898103884607 0.00289083602662997 0.00269702872307836 0.00379345848775067 0.00274259612629091 0.0018716180468697 0.000804489084143206 0.00152191147006598 0.00202746282246795 0.000379892505293382 0.000906144066099358 0.00245887126507911 0.00122268438854718 0.00157007645471579 0.0024450768776117 0.00247947882503763 0.000634387141016822 0.00191772411603421 0.00170322457142915 0.00114675801332542 0.00350813666657166 0.00218190326729146 0.00266892792653564 0.00233644639591451 0.00254760617295893 0.00230590177654737 0.0016303009619019 0.00215644293214566 0.00266635469439394 0.0003100061416677 0.000819333313075473 0.000338435576190999 0.00134245083339865 0.000407190197809148 0.000652145171633023
"NSLNA" 0.0034166627310156 0.00346693669794775 0.00407485104625474 0.00750739471432183 0.00417174752215452 0.00379345848775067 0.0193572524084202 0.00542045358741139 0.00421109904781266 -0.00148727682019669 0.00213349930486325 0.00317019514740042 -0.000199469170103346 0.000933339741132987 0.0020667780467218 0.0013029828291885 0.00296690528161582 0.0048872353294606 0.00520383749350218 0.00229545974427131 0.00269252856121411 0.00535020574087773 0.000125371393858555 0.00511327832169551 0.00712224170481823 0.00383305706737496 0.00441530487632583 0.00549296021888344 0.00582797021953944 0.00312598034171309 0.0034494397806873 0.00583861610732675 0.00277243549497718 0.00172235766606086 0.00258165501956881 0.00272059710647623 0.000769846810160157 0.0016128565605449
"NSLZS" 0.00345598899272773 0.00397971153878094 0.00442669430781111 0.00661253575853518 0.00456095210895436 0.00274259612629091 0.00542045358741139 0.00971937556571178 0.00432021558037637 0.00141246420799585 0.00310315449077562 0.00318729520353538 0.00105080872866931 0.00104317379863592 0.00249809686574584 0.00154252024946496 0.00201970133359931 0.00300449032627318 0.00351949921197155 -0.00395356429102959 0.00101824459399056 0.000301864211602826 -0.00227727145771481 0.00448878313404451 0.00410510708145209 0.00454650510437072 0.00295737124252155 0.00257535342493238 0.00251710289316313 0.00193639021086072 0.00227484780514893 0.00301324834795287 0.000312725630893691 0.00107097774105699 3.91955758694724e-05 0.00183367180815638 0.00112884852989161 0.00276390521672797
"NSLZI" 0.00290031640733566 0.00310013283624516 0.00254540217542831 0.00356408385032503 0.00312282962144454 0.0018716180468697 0.00421109904781266 0.00432021558037637 0.00389921942282642 0.000609035572110706 0.00205493418692343 0.00195205185061839 0.000959954471803516 0.000896878345603889 0.000761624061032339 0.000843868243722407 0.0014670904724445 0.00266591227227068 0.00265079054441391 0.000466100790573815 0.0014481312973209 0.0033899238200751 -0.000277884827213315 0.00209157374721629 0.00316503803051341 0.00327972152927972 0.00248479078282053 0.00225142131784381 0.00231941383707734 0.00168424930390387 0.00314055971162143 0.00323424377888459 0.000981735327881768 0.0013795400482593 0.000534168222075703 0.00166513778795542 -0.000193064465930975 0.00188913822622993
"NABR" 0.00148306252273138 0.00179408130815888 0.00149618892437373 0.00174734635497508 0.000968348115124032 0.000804489084143206 -0.00148727682019669 0.00141246420799585 0.000609035572110706 0.00220643988605835 0.000871182266420482 0.00124851042959851 0.00158004352193849 0.00114000041211282 0.000583468333500315 0.000809028750116298 0.00104749399991933 0.00162487105589255 0.00124253118396485 -0.000106698122162306 0.00138093213237412 -7.93584839195735e-05 0.000903078048402791 0.00226471550690477 0.00118676426669767 0.00170486881198827 0.000499804886959329 0.00149807544452218 0.00163241104000006 0.00098048001566931 0.00145325064211671 0.000608041041628735 3.90163884176925e-05 0.000195780509765311 -0.000145415870960335 0.00121977072132195 7.53491365413812e-05 0.00044777687937325
"NAFM" 0.0020539989907448 0.0023412020793905 0.00218506853024357 0.00283919169526714 0.00209232277205427 0.00152191147006598 0.00213349930486325 0.00310315449077562 0.00205493418692343 0.000871182266420482 0.00216273058487535 0.00173368173904231 0.000598058573234905 0.000819665042601519 0.00127845560850775 0.00113907342803598 0.00135796177037881 0.00193958082893523 0.00235291728670642 0.000235821074137841 0.00108653863976465 0.00124230369675699 0.000453682070595914 0.00255699051620804 0.00247554348424704 0.00241220976743222 0.00175840865614487 0.00192343454001179 0.00141825037885095 0.00134961957534375 0.00186275728594251 0.00229075042229338 8.96641582419521e-05 0.00105203196147157 3.82935591657063e-05 0.00110297809108666 0.000595528865639604 0.000815043380462517
"NAPNS" 0.00297053112602863 0.00356300011346641 0.00330556411658998 0.00387421896292527 0.00282126952913503 0.00202746282246795 0.00317019514740042 0.00318729520353538 0.00195205185061839 0.00124851042959851 0.00173368173904231 0.00416417593989686 0.000850740955374103 0.001467730410315 0.00241845903838376 0.00233711184122684 0.00247492559656423 0.00366743395704756 0.00368998059429493 -9.87427549572053e-05 0.00280422785866873 0.00190928521752552 0.00066637707299476 0.00304878996676895 0.00268298811813049 0.00286610364038608 0.000882687503597616 0.00267836654575219 0.00293909557220019 0.00197928340174766 0.00323406490042467 0.00383000245561693 0.000590033997440225 0.00137446733950231 0.000570404041846649 0.00181959098641758 -0.000131508714772821 0.000777446276829233
"BRPT" 0.00189094828432342 0.00221192083390655 0.00131301416979538 0.0011886945133098 0.000738675666001456 0.000379892505293382 -0.000199469170103346 0.00105080872866931 0.000959954471803516 0.00158004352193849 0.000598058573234905 0.000850740955374103 0.0028760174085813 0.00160242682331214 -0.00220857502274003 0.000352914111756846 0.000921993703412265 0.00172623470046608 0.000359241754477297 0.000722477964500007 0.00151901854413895 0.00066330739906806 0.000496119818807224 0.00162701895977737 0.000755301034336268 0.00178705465061158 0.000519707018420589 0.000969191240528138 0.00137876349936466 0.00122576556015256 0.00166060356524425 -1.93452005613359e-05 0.001346011730451 0.000797288870349353 0.00101127749966292 0.00188510690967047 -7.74802310489968e-05 0.000834051928923393
"BRAPET" 0.00165761262322198 0.0020406680219092 0.00170890449487095 0.00197902262697294 0.00129265788426807 0.000906144066099358 0.000933339741132987 0.00104317379863592 0.000896878345603889 0.00114000041211282 0.000819665042601519 0.001467730410315 0.00160242682331214 0.00198431980326206 0.000585847342909111 0.00140038033172802 0.00154184616402837 0.00215494068293288 0.00210350451906824 0.00105608845966955 0.00228147976672577 0.00115378544744005 0.00109780980225835 0.00233973157543972 0.00197499388390115 0.00218080703995841 0.00015054678497788 0.00204025365972786 0.00144633476272696 0.00168534866393754 0.00156476786060598 0.00178328537480382 0.00161913567424748 0.001806520541143 0.00169029785098916 0.00147702059840153 0.000184548594732258 0.000551673795767318
"PTFM" 0.00134458344061519 0.00160272430117229 0.00299430064734145 0.00459110085395793 0.00268208712531924 0.00245887126507911 0.0020667780467218 0.00249809686574584 0.000761624061032339 0.000583468333500315 0.00127845560850775 0.00241845903838376 -0.00220857502274003 0.000585847342909111 0.0135454729829635 0.00160303924497886 0.00126228753332422 0.000186009944729957 0.00335483964404661 -0.00180215209535493 0.00289029477679911 0.000821771536573508 0.00235795296514788 0.00539428059086032 0.00468222278204215 0.00330409271891177 0.00291171302580959 0.00397298488017607 0.00147071815041908 0.00199795322569582 0.00225627194163823 0.00454866803430929 -0.000702283518883006 0.00308254542489972 0.000539074530179812 -0.00135184969458296 0.00221472893494108 -0.000575230274386891
"PTAPET" 0.00183034907087426 0.00143983091554042 0.00172088308335114 0.00162245944975891 0.00111550701991067 0.00122268438854718 0.0013029828291885 0.00154252024946496 0.000843868243722407 0.000809028750116298 0.00113907342803598 0.00233711184122684 0.000352914111756846 0.00140038033172802 0.00160303924497886 0.00366459686234331 0.00236110704667494 0.00270779251285378 0.00409069709479323 0.000241975979838084 0.00189837516263462 0.000949035464380443 0.000853143596803461 0.00232492721354398 0.0016855034756623 0.00143141069932722 0.00030278875798016 0.000463591598798326 0.00162264332345173 0.00133415798944992 0.000404994616557367 0.00446231140736797 0.000570547918386867 0.00116437955493861 0.000684893563100135 0.00139947643152884 -5.50986284380051e-06 0.00048746151143323
"PTBA" 0.00233111145741835 0.00260199461265375 0.00242152096303925 0.00300755902757456 0.00197816410733155 0.00157007645471579 0.00296690528161582 0.00201970133359931 0.0014670904724445 0.00104749399991933 0.00135796177037881 0.00247492559656423 0.000921993703412265 0.00154184616402837 0.00126228753332422 0.00236110704667494 0.00268377302916028 0.00346042260653768 0.00378837655950924 0.000702487284707164 0.00242605338081767 0.00183843019109884 0.000828286941037657 0.00267927008018173 0.00268168998025679 0.00247579633563081 0.00111077064916518 0.00307402977839619 0.00257025087457377 0.00201405365404555 0.00199068717979154 0.00356112873494621 0.000935132926400237 0.00148544106490066 0.00088329145294534 0.00204849279190507 -0.000542217849536364 0.000169028450483172
"PTEAM" 0.00350594692161858 0.00484384798910297 0.00335195519464946 0.00530835582031406 0.00316576821233837 0.0024450768776117 0.0048872353294606 0.00300449032627318 0.00266591227227068 0.00162487105589255 0.00193958082893523 0.00366743395704756 0.00172623470046608 0.00215494068293288 0.000186009944729957 0.00270779251285378 0.00346042260653768 0.00692533671091964 0.00619414097492563 0.00156369376276919 0.00398946135953173 0.00394521618340537 0.000469048679289357 0.00496744438976249 0.00435883687409789 0.00466569904528435 0.00266347255062125 0.00400706496898104 0.00418752647570838 0.00293826407287302 0.00434408594488559 0.00518858162744158 0.00209631730476394 0.00144468184658283 0.0015475361762318 0.00390818605141529 -3.16303116835688e-05 0.00136195673793868
"PTZYGO" 0.00294630925546081 0.00371436457521903 0.00310283571357178 0.00532503882095485 0.00286641409546525 0.00247947882503763 0.00520383749350218 0.00351949921197155 0.00265079054441391 0.00124253118396485 0.00235291728670642 0.00368998059429493 0.000359241754477297 0.00210350451906824 0.00335483964404661 0.00409069709479323 0.00378837655950924 0.00619414097492563 0.00884529362717387 0.000982237006930818 0.00390348464525304 0.00387743624378917 0.000865024670548853 0.00541756969277691 0.0058226122951846 0.00450000807614941 0.00239519451443271 0.00372245399350002 0.0036189847151088 0.00302056961425274 0.00294586625653783 0.00816383099879247 0.00189959286858794 0.00238040300040889 0.00152867140754408 0.00269657401525341 0.00017684261017222 0.00105535210445803
"FMZS" 0.00101541683297874 0.00168117545793675 -8.44611102024234e-05 -0.00077375976345225 0.000296736601853823 0.000634387141016822 0.00229545974427131 -0.00395356429102959 0.000466100790573815 -0.000106698122162306 0.000235821074137841 -9.87427549572053e-05 0.000722477964500007 0.00105608845966955 -0.00180215209535493 0.000241975979838084 0.000702487284707164 0.00156369376276919 0.000982237006930818 0.00958251321802777 0.00256276675498975 0.00300778746390803 0.0023409659057286 0.000137287466926155 0.00123608070547919 -3.28437373428743e-05 0.000374994243001736 0.00217874385606847 0.00142314635676929 0.00124959103094583 0.00205927887858114 0.00231890366159871 0.00169952714422457 0.00217106347241446 0.000628952142522997 0.00128229682443311 -0.00112907790937879 0.00138224349773149
"FMMT" 0.003457907309684 0.00466175008371384 0.00320044899542143 0.00460842696184488 0.00280819235305054 0.00191772411603421 0.00269252856121411 0.00101824459399056 0.0014481312973209 0.00138093213237412 0.00108653863976465 0.00280422785866873 0.00151901854413895 0.00228147976672577 0.00289029477679911 0.00189837516263462 0.00242605338081767 0.00398946135953173 0.00390348464525304 0.00256276675498975 0.00507797252325695 0.00311298343623972 0.00232272767335912 0.00466448710278041 0.00346423161225861 0.0045061761249458 0.00219087734230429 0.00384972635324248 0.00292782021935395 0.00300738652402713 0.00355188051334271 0.00357436793673465 0.00172456545726661 0.00298009322873137 0.00161511484014382 0.00238838398988012 -0.000206019941202865 0.000589507571583286
"ZSZI" 0.00290760093882592 0.00307692975254919 0.00180285376605759 0.00318697248729587 0.00223014456199684 0.00170322457142915 0.00535020574087773 0.000301864211602826 0.0033899238200751 -7.93584839195735e-05 0.00124230369675699 0.00190928521752552 0.00066330739906806 0.00115378544744005 0.000821771536573508 0.000949035464380443 0.00183843019109884 0.00394521618340537 0.00387743624378917 0.00300778746390803 0.00311298343623972 0.00784523364981062 0.000697568420750968 0.00229100310421543 0.00404420602523357 0.00387720575634119 0.00285224558217626 0.00346581552500079 0.00299335485626114 0.00242024181439582 0.005141407278907 0.00483689049572077 0.00201472903786951 0.00213165004494071 0.00134730191345728 0.00200376863815003 -0.00110882774122432 0.00104022987031998
"ZIMT" 0.00140219224360591 0.00121072333894132 0.00120915469627526 0.000994423085715638 0.000643002448887902 0.00114675801332542 0.000125371393858555 -0.00227727145771481 -0.000277884827213315 0.000903078048402791 0.000453682070595914 0.00066637707299476 0.000496119818807224 0.00109780980225835 0.00235795296514788 0.000853143596803461 0.000828286941037657 0.000469048679289357 0.000865024670548853 0.0023409659057286 0.00232272767335912 0.000697568420750968 0.00678423569384793 0.00175078515608975 0.000838710448980434 0.000807640769810698 0.00109960296301659 0.00137117087106798 0.000961053725962413 0.00124983137227775 0.00101661849549923 0.00110016959974133 -3.11166851989186e-05 0.00192615526336593 0.000577926561973395 0.000363161167426 0.000147614893133689 -0.00159513311805297
"ZIZYGO" 0.00316188822724067 0.00538470975254893 0.00453129986481815 0.00807302064089591 0.00349366359104553 0.00350813666657166 0.00511327832169551 0.00448878313404451 0.00209157374721629 0.00226471550690477 0.00255699051620804 0.00304878996676895 0.00162701895977737 0.00233973157543972 0.00539428059086032 0.00232492721354398 0.00267927008018173 0.00496744438976249 0.00541756969277691 0.000137287466926155 0.00466448710278041 0.00229100310421543 0.00175078515608975 0.0117341675376516 0.00585915029255251 0.00629736632259753 0.0058143615149208 0.00454084528515526 0.00419820150185194 0.00393783676603971 0.00291433541981246 0.00481453206392036 0.00118314917278766 0.00195782622284302 0.00137974661925212 0.00259543162586845 0.0035558336922226 0.0010303610580919
"ZITSP" 0.00295589086294155 0.00367201521544192 0.00338292342445861 0.00595070640034067 0.00281901579093135 0.00218190326729146 0.00712224170481823 0.00410510708145209 0.00316503803051341 0.00118676426669767 0.00247554348424704 0.00268298811813049 0.000755301034336268 0.00197499388390115 0.00468222278204215 0.0016855034756623 0.00268168998025679 0.00435883687409789 0.0058226122951846 0.00123608070547919 0.00346423161225861 0.00404420602523357 0.000838710448980434 0.00585915029255251 0.0124463966538206 0.00485897151252065 0.00191948375488225 0.00568962794719437 0.00291562561419829 0.00347658655145595 0.00494989221670536 0.00613092818856089 0.00169417576218033 0.00402016221087063 0.00117537614593482 0.00252233534117579 0.00127892140703762 0.00290044663049189
"MTPNS" 0.00446093428395215 0.00591022690061288 0.00456406832634655 0.00709020579094028 0.0043952295008179 0.00266892792653564 0.00383305706737496 0.00454650510437072 0.00327972152927972 0.00170486881198827 0.00241220976743222 0.00286610364038608 0.00178705465061158 0.00218080703995841 0.00330409271891177 0.00143141069932722 0.00247579633563081 0.00466569904528435 0.00450000807614941 -3.28437373428743e-05 0.0045061761249458 0.00387720575634119 0.000807640769810698 0.00629736632259753 0.00485897151252065 0.00718948111597664 0.00422337446936381 0.004467010398979 0.00326294612019296 0.00346604875649201 0.00479486137907368 0.00382933091093205 0.00187346319560306 0.0025671119539104 0.00150916620491453 0.00271838221090711 0.00083733195524008 0.00157591960428646
"PNSAPET" 0.00268922461590368 0.00340446817579437 0.00193655611138491 0.00535503308143456 0.0031346136140008 0.00233644639591451 0.00441530487632583 0.00295737124252155 0.00248479078282053 0.000499804886959329 0.00175840865614487 0.000882687503597616 0.000519707018420589 0.00015054678497788 0.00291171302580959 0.00030278875798016 0.00111077064916518 0.00266347255062125 0.00239519451443271 0.000374994243001736 0.00219087734230429 0.00285224558217626 0.00109960296301659 0.0058143615149208 0.00191948375488225 0.00422337446936381 0.00948528119180049 0.00235745827998575 0.000394787286915035 0.00179174277024831 0.00317986804239405 0.00230254555913079 -1.58411229734424e-05 0.00112365016496284 -0.000242049178922262 0.00113431762147497 0.00167102573736492 0.00139563278615535
"APETBA" 0.0026872795888381 0.00397867973665352 0.00363534214644771 0.00568847620092343 0.00357130870441531 0.00254760617295893 0.00549296021888344 0.00257535342493238 0.00225142131784381 0.00149807544452218 0.00192343454001179 0.00267836654575219 0.000969191240528138 0.00204025365972786 0.00397298488017607 0.000463591598798326 0.00307402977839619 0.00400706496898104 0.00372245399350002 0.00217874385606847 0.00384972635324248 0.00346581552500079 0.00137117087106798 0.00454084528515526 0.00568962794719437 0.004467010398979 0.00235745827998575 0.00865145645104844 0.00363056065774519 0.00359931053463299 0.00519746931094894 0.00324135812987573 0.00129442176058779 0.00257199427120691 0.00116632966065932 0.00221987394258991 -3.01239734748444e-05 -1.3048980978623e-05
"APETTS" 0.00243533533023644 0.00338873963197418 0.00313585451085861 0.00422325301016623 0.00227266712200206 0.00230590177654737 0.00582797021953944 0.00251710289316313 0.00231941383707734 0.00163241104000006 0.00141825037885095 0.00293909557220019 0.00137876349936466 0.00144633476272696 0.00147071815041908 0.00162264332345173 0.00257025087457377 0.00418752647570838 0.0036189847151088 0.00142314635676929 0.00292782021935395 0.00299335485626114 0.000961053725962413 0.00419820150185194 0.00291562561419829 0.00326294612019296 0.000394787286915035 0.00363056065774519 0.00852129304363708 0.00251945594359589 0.00245796523054493 0.00349959881665209 0.000924878338654566 0.000933713323346133 0.000856294271695418 0.00282416145022686 -0.000512783137323581 -0.000828407767813069
"BAEAM" 0.00213765338372097 0.00312282522570405 0.0024888389141846 0.00381815322613304 0.00215330682121496 0.0016303009619019 0.00312598034171309 0.00193639021086072 0.00168424930390387 0.00098048001566931 0.00134961957534375 0.00197928340174766 0.00122576556015256 0.00168534866393754 0.00199795322569582 0.00133415798944992 0.00201405365404555 0.00293826407287302 0.00302056961425274 0.00124959103094583 0.00300738652402713 0.00242024181439582 0.00124983137227775 0.00393783676603971 0.00347658655145595 0.00346604875649201 0.00179174277024831 0.00359931053463299 0.00251945594359589 0.00282253303744342 0.00299140449400967 0.00334103768995323 0.00140630704615788 0.00207979591257187 0.00107954850010939 0.00183994868717773 0.00067256542683587 0.000905298183440534
"EAMZYGO" 0.00377694167285396 0.00457924790167678 0.00330194544226786 0.00462191670082655 0.00318103243420642 0.00215644293214566 0.0034494397806873 0.00227484780514893 0.00314055971162143 0.00145325064211671 0.00186275728594251 0.00323406490042467 0.00166060356524425 0.00156476786060598 0.00225627194163823 0.000404994616557367 0.00199068717979154 0.00434408594488559 0.00294586625653783 0.00205927887858114 0.00355188051334271 0.005141407278907 0.00101661849549923 0.00291433541981246 0.00494989221670536 0.00479486137907368 0.00317986804239405 0.00519746931094894 0.00245796523054493 0.00299140449400967 0.0094317697759692 0.00388419646017474 0.00144771988463878 0.00255808508649169 -0.000154292762913392 0.00248837307776484 0.000713087967063648 0.00326907345613516
"ZYGOTSP" 0.00303800812276525 0.00267671773947339 0.0029642929320079 0.00418536403116243 0.00292603601005369 0.00266635469439394 0.00583861610732675 0.00301324834795287 0.00323424377888459 0.000608041041628735 0.00229075042229338 0.00383000245561693 -1.93452005613359e-05 0.00178328537480382 0.00454866803430929 0.00446231140736797 0.00356112873494621 0.00518858162744158 0.00816383099879247 0.00231890366159871 0.00357436793673465 0.00483689049572077 0.00110016959974133 0.00481453206392036 0.00613092818856089 0.00382933091093205 0.00230254555913079 0.00324135812987573 0.00349959881665209 0.00334103768995323 0.00388419646017474 0.0121167761312267 0.00223643286116232 0.00232897361087214 0.0011070509017327 0.00195681617645685 0.0014500643414917 0.00193963836258347
"LDAS" 0.000619708722528044 0.00153956290446282 0.000798077705378149 0.00156678408297183 0.000928846829272159 0.0003100061416677 0.00277243549497718 0.000312725630893691 0.000981735327881768 3.90163884176925e-05 8.96641582419521e-05 0.000590033997440225 0.001346011730451 0.00161913567424748 -0.000702283518883006 0.000570547918386867 0.000935132926400237 0.00209631730476394 0.00189959286858794 0.00169952714422457 0.00172456545726661 0.00201472903786951 -3.11166851989186e-05 0.00118314917278766 0.00169417576218033 0.00187346319560306 -1.58411229734424e-05 0.00129442176058779 0.000924878338654566 0.00140630704615788 0.00144771988463878 0.00223643286116232 0.0035427945115524 0.00147993338343655 0.00297201842765851 0.00113695657870094 0.000122369595399143 0.00121527850531021
"BRLD" 0.00173784803777941 0.00245100883401123 0.0016509725587381 0.00257029295187089 0.00117486651957018 0.000819333313075473 0.00172235766606086 0.00107097774105699 0.0013795400482593 0.000195780509765311 0.00105203196147157 0.00137446733950231 0.000797288870349353 0.001806520541143 0.00308254542489972 0.00116437955493861 0.00148544106490066 0.00144468184658283 0.00238040300040889 0.00217106347241446 0.00298009322873137 0.00213165004494071 0.00192615526336593 0.00195782622284302 0.00402016221087063 0.0025671119539104 0.00112365016496284 0.00257199427120691 0.000933713323346133 0.00207979591257187 0.00255808508649169 0.00232897361087214 0.00147993338343655 0.00715690294843187 0.000576518207562577 0.0012790210751207 -0.000746768679377979 0.00195730255955702
"OPILD" 0.000591515595409473 0.00116369867416163 0.000758362194865731 0.00124771236209753 0.000902150959932854 0.000338435576190999 0.00258165501956881 3.91955758694724e-05 0.000534168222075703 -0.000145415870960335 3.82935591657063e-05 0.000570404041846649 0.00101127749966292 0.00169029785098916 0.000539074530179812 0.000684893563100135 0.00088329145294534 0.0015475361762318 0.00152867140754408 0.000628952142522997 0.00161511484014382 0.00134730191345728 0.000577926561973395 0.00137974661925212 0.00117537614593482 0.00150916620491453 -0.000242049178922262 0.00116632966065932 0.000856294271695418 0.00107954850010939 -0.000154292762913392 0.0011070509017327 0.00297201842765851 0.000576518207562577 0.00445886968307631 0.000614239602735206 3.40358118000723e-05 -0.00144426277170715
"PTAS" 0.00275545393623861 0.00346939450389782 0.00214735639003537 0.00276254222322235 0.00162770827480455 0.00134245083339865 0.00272059710647623 0.00183367180815638 0.00166513778795542 0.00121977072132195 0.00110297809108666 0.00181959098641758 0.00188510690967047 0.00147702059840153 -0.00135184969458296 0.00139947643152884 0.00204849279190507 0.00390818605141529 0.00269657401525341 0.00128229682443311 0.00238838398988012 0.00200376863815003 0.000363161167426 0.00259543162586845 0.00252233534117579 0.00271838221090711 0.00113431762147497 0.00221987394258991 0.00282416145022686 0.00183994868717773 0.00248837307776484 0.00195681617645685 0.00113695657870094 0.0012790210751207 0.000614239602735206 0.00324552323725095 -0.000471185263672876 0.00138871487465318
"JPAS" -0.00157189439221929 -0.000929742125164166 -0.000128915389520079 0.00105543388545541 4.20898604056942e-05 0.000407190197809148 0.000769846810160157 0.00112884852989161 -0.000193064465930975 7.53491365413812e-05 0.000595528865639604 -0.000131508714772821 -7.74802310489968e-05 0.000184548594732258 0.00221472893494108 -5.50986284380051e-06 -0.000542217849536364 -3.16303116835688e-05 0.00017684261017222 -0.00112907790937879 -0.000206019941202865 -0.00110882774122432 0.000147614893133689 0.0035558336922226 0.00127892140703762 0.00083733195524008 0.00167102573736492 -3.01239734748444e-05 -0.000512783137323581 0.00067256542683587 0.000713087967063648 0.0014500643414917 0.000122369595399143 -0.000746768679377979 3.40358118000723e-05 -0.000471185263672876 0.00586791155189198 0.0016694131687443
"BAOPI" 0.00128826448797288 0.00162646017084269 0.000801390905066317 0.00141066873686852 0.00105416996588227 0.000652145171633023 0.0016128565605449 0.00276390521672797 0.00188913822622993 0.00044777687937325 0.000815043380462517 0.000777446276829233 0.000834051928923393 0.000551673795767318 -0.000575230274386891 0.00048746151143323 0.000169028450483172 0.00136195673793868 0.00105535210445803 0.00138224349773149 0.000589507571583286 0.00104022987031998 -0.00159513311805297 0.0010303610580919 0.00290044663049189 0.00157591960428646 0.00139563278615535 -1.3048980978623e-05 -0.000828407767813069 0.000905298183440534 0.00326907345613516 0.00193963836258347 0.00121527850531021 0.00195730255955702 -0.00144426277170715 0.00138871487465318 0.0016694131687443 0.007732043533081
