"" "V1" "V2" "V3" "V4" "V5" "V6" "V7" "V8" "V9" "V10" "V11" "V12" "V13" "V14" "V15" "V16" "V17" "V18" "V19" "V21" "V22" "V23" "V24" "V25" "V26" "V27" "V28" "V29" "V30" "V31" "V32" "V33" "V34" "V35" "V36" "V37" "V38" "V39"
"V1" 0.00410614129574557 0.00191408085785902 0.00228359536942929 0.00073134785536765 0.00103077710401399 0.000873013486166758 0.00152445943188579 0.000841587410686013 0.00142281740319969 0.000865921461298086 0.00102288962558924 0.000899271848756377 0.000721182412639783 0.0008213112299495 0.00165765816288159 0.000686102531528905 0.00108561663089332 0.00112392078050502 0.000763832224776746 0.000465126683600835 0.00120568997574538 0.00162390043003336 0.00156158001064147 0.000521647549151551 0.00146885221657681 0.00267849275708486 0.00235018144151728 0.00142916430244144 7.51306009932124e-05 0.00119295746659615 0.00344010062792515 0.00173061703749825 1.74182889481434e-06 0.000632339777450702 0.000920172274409337 0.00106906233242833 0.000644590267867207 -0.000244844027976418
"V2" 0.00191408085785902 0.0039639390329253 0.00182485774187553 0.000256700746779104 0.000902683572876782 0.000600266930522631 -0.00133550008447178 -0.0011050142619822 0.000472526008975676 0.000262963701175019 -0.000262852209997182 0.000591460437780444 -0.000426810804664093 0.000162657491138958 0.00147119403557363 0.000765347330992647 0.000960740211335437 0.00125980723968089 0.00100586401984319 0.00108272047458627 0.000897692251909284 0.00135956485816591 0.000507360265402508 0.000145778963277588 0.000762380892525121 0.00186982676484253 0.00126256316697145 0.00119939295454525 -0.00103849338526449 0.000657706616192724 0.00212889081440063 0.00107514273859712 -1.08922985744392e-05 0.000513435863059992 0.000658734481169288 0.000827163694351022 0.000414792375147317 -0.000218891381965393
"V3" 0.00228359536942929 0.00182485774187553 0.00253746677222087 0.000590854555130746 0.00132832077942051 0.000799528175978075 0.000973779379956242 -0.000354119556965055 0.000802369043117502 7.79359434542792e-06 3.56554726856595e-05 0.00111085547789377 -0.00035437213272221 0.000285217059185751 0.00175021294160387 0.000879639081428321 0.00117861345785614 0.00145388077496288 0.00125829956170592 0.00133608262891187 0.00133435704719339 0.0012491155238629 0.00207523003365057 0.000271519079850238 0.000942422282626999 0.000941327997848053 0.000742594271429777 0.00154483276504879 -0.000943213925983423 0.00113195118257892 0.00241698879841836 0.00168621598056922 -0.000227781364491453 0.000972834663528922 0.000658972068158315 0.0010887850782701 0.000331030500548258 7.37317528856827e-05
"V4" 0.00073134785536765 0.000256700746779104 0.000590854555130746 0.00193775715040494 0.00084683524600623 0.000666386840766865 0.00128186031110857 0.000916374023455585 0.000511012588461362 -8.48861069540088e-06 0.000213471740555712 0.000181248033413254 -0.000116584598718616 0.000146332470325225 0.000334504022451602 -0.000247176872116257 -3.32066283087174e-05 -7.63872666033349e-05 0.00063326648423172 -0.000659762399798428 0.000390032918535541 0.000231368294184563 0.000776177707112462 0.000980642014563991 0.000175200313151755 0.000278337552792772 0.00104202315448431 0.00047600835191713 0.000249457112156212 0.000192963854041412 -1.38985713154524e-06 0.00151431136467253 1.44485814600729e-05 0.000309931938340869 0.000398943379135293 -1.44198647548854e-05 -3.3188553917866e-05 -0.000467326695313761
"V5" 0.00103077710401399 0.000902683572876782 0.00132832077942051 0.00084683524600623 0.00199208741257115 0.000883428091307746 0.000612402047082211 -6.66616146476355e-05 0.0010878860305746 -7.42534555002539e-05 0.000188119570380921 0.000632057948113498 -0.000178766751208148 -5.97223021217781e-05 0.000642527647717444 5.73540279663454e-05 0.000645000852499926 0.000808075695025171 0.000280962509252287 0.000600712066098324 0.000852960229773428 0.00153283663591668 0.0024841422889761 -0.00104206306097783 -0.000448338395539741 0.000296632117261008 0.000775839949229345 0.00140658600342792 -0.00106532363626308 0.000641878372307368 0.00172982311616017 0.000806735141541716 -0.000124431098391964 0.000928785118947205 0.000183273594000131 0.000764647251863044 0.000127824823446526 0.000389427985927003
"V6" 0.000873013486166758 0.000600266930522631 0.000799528175978075 0.000666386840766865 0.000883428091307746 0.00102972345540239 0.000957506177929329 0.000218408188259859 0.000482340796192692 -0.000140359274971177 0.000197444589332969 0.000232638782219356 -0.000145539718308591 -5.8916513437977e-05 0.000225066396015738 -4.58148706415939e-06 0.000322486141615123 0.000309670065322637 0.000212594832304133 0.000332162796179106 0.000498084515902246 0.000392357893375595 0.00115299403699257 -0.00011694998985882 0.000380727531855733 0.000234916374128521 0.000779513885488018 0.000724952710113465 -0.000352423868146567 0.000341749870352872 0.000526181520217446 9.39804466708221e-06 0.000101049086581867 0.000552513695565811 0.000502053728741274 0.000349512366964697 -7.6014916753367e-05 -1.64029214989561e-05
"V7" 0.00152445943188579 -0.00133550008447178 0.000973779379956242 0.00128186031110857 0.000612402047082211 0.000957506177929329 0.0104097870310084 0.00129923245017041 0.00087615227921124 -0.00183765468732398 0.00104667295074619 0.00148424814117727 0.000194358583363098 -0.000254549587701667 0.00113906642172113 -0.00165125873452733 -0.000745919240746208 -0.0010658680128658 -0.000595670650511038 -0.000429922280393928 2.61619196594439e-05 0.000222092115373075 0.00135944418019437 -0.000159996152848174 6.56014380378343e-05 0.000177086669933834 -0.000243925561944182 0.000892746207210048 -0.000429895347352632 0.000123421098456804 0.000380310612090494 0.00139689443949222 -6.03686369123754e-05 0.000528566542033461 -0.000759750435622904 -0.000261677343867755 -0.000826585270566344 0.000592786882304493
"V8" 0.000841587410686013 -0.0011050142619822 -0.000354119556965055 0.000916374023455585 -6.66616146476355e-05 0.000218408188259859 0.00129923245017041 0.00227210727373891 0.000672079015982979 0.000645268969120098 0.00110746000442211 -0.00011372849403235 0.000970923089143621 0.000317997695396066 -0.000268964277556355 -0.000430053259282799 -0.000352396523676269 -0.000603824367058061 -0.000376280032769465 -0.00101738288239238 -0.000167716560253782 -0.000803003775385231 -1.09507838739693e-05 0.000801010448253108 0.000347072749749985 0.000455271474884874 0.00102428459544151 -0.000314531046943484 0.00127171985985574 -0.000200591259935494 0.000442624183502836 0.000523804281060878 0.000223164274693187 -0.000270161199019732 -0.000388906443656176 -0.000323686617001411 -8.36608572947502e-05 0.000147989620350074
"V9" 0.00142281740319969 0.000472526008975676 0.000802369043117502 0.000511012588461362 0.0010878860305746 0.000482340796192692 0.00087615227921124 0.000672079015982979 0.00123780597813025 0.000242267318150873 0.000727956337843453 0.000523433090512436 0.000351791408849483 0.000229097569046076 0.000878258967902085 -3.37562391729654e-05 0.000410004750224761 0.000385500168288124 1.35699638254716e-05 0.000212859765483493 0.000603377181883592 0.00145604312007496 0.00146810427536667 -0.000322063519010514 0.000131491730037198 0.000766599286499207 0.000980184103815756 0.000959447057101416 -0.000435554202128763 0.000479856059804021 0.001718029969287 0.00102286024076149 6.45782024427583e-05 0.00049773098930448 -7.08334460664993e-06 0.000395114216552987 -0.000103359472457586 0.000402454899123776
"V10" 0.000865921461298086 0.000262963701175019 7.79359434542792e-06 -8.48861069540088e-06 -7.42534555002539e-05 -0.000140359274971177 -0.00183765468732398 0.000645268969120098 0.000242267318150873 0.00309157968968655 0.000606449626417261 -0.000355076502322438 0.00182425357203852 0.000757732586927123 0.000545932264900452 0.000502817607603966 0.00047600698037833 0.000525357730432539 0.000549121895088096 -4.2078744570053e-05 6.96088815189713e-05 -0.000369126515630566 -1.7268353459646e-05 0.00159715397539328 0.000818771649429993 0.000201781795789637 0.00158371165823865 0.000397452040054995 8.58513582765428e-05 -0.000154950101404067 0.000676186763062414 0.000202120725407499 0.000411944041303194 -0.00189384086167074 0.000437173327652164 0.000292957272021306 9.05779856356265e-07 -0.000177119738453605
"V11" 0.00102288962558924 -0.000262852209997182 3.56554726856595e-05 0.000213471740555712 0.000188119570380921 0.000197444589332969 0.00104667295074619 0.00110746000442211 0.000727956337843453 0.000606449626417261 0.00135476153045175 0.000319983153374515 0.000723258523149801 0.000364665025752954 0.000134379493164217 -2.12759454102027e-05 0.00014762591751887 6.65487937604846e-05 5.7567323958246e-05 -0.000107213093895103 0.000139360736700859 0.000293184247183728 0.000415182944438859 0.000740143772750206 0.000515994528555794 0.000650643884990078 0.000961217740453154 0.000278406989888998 0.000506056120600924 9.70465738650933e-05 0.000760923723852203 0.000831814457490347 0.000115468855647389 0.000103579685126875 -0.00030567527037165 0.000236465132207561 -0.000209522211579691 0.000264190905197743
"V12" 0.000899271848756377 0.000591460437780444 0.00111085547789377 0.000181248033413254 0.000632057948113498 0.000232638782219356 0.00148424814117727 -0.00011372849403235 0.000523433090512436 -0.000355076502322438 0.000319983153374515 0.00128665955699761 -0.000340368101499584 0.000257091495475917 0.00174730388220912 0.000466772135778127 0.000670413698731893 0.000839127613226174 0.000828154182580016 0.000973134941115969 0.000976259035884229 0.000861625609598894 0.00127109096079752 0.000249543588881568 0.000653822701017122 0.000172189660842927 0.000228503080497391 0.00103745235666037 -0.000443985733869445 0.000526720108461189 0.00178692168516434 0.00151667053698476 -0.000223841933908412 0.000929767751852955 1.30329264077936e-05 0.000622911073229998 -7.45914752197282e-05 0.000407934867194813
"V13" 0.000721182412639783 -0.000426810804664093 -0.00035437213272221 -0.000116584598718616 -0.000178766751208148 -0.000145539718308591 0.000194358583363098 0.000970923089143621 0.000351791408849483 0.00182425357203852 0.000723258523149801 -0.000340368101499584 0.0021829681074999 0.000569546553573281 0.000234509436137644 -0.00081361280317002 -0.000481493648767659 -0.000704211098523321 -0.00126423683872952 -0.000892135250813816 -0.000449897880355854 -0.00050631259078344 -0.000211434355945328 0.00051017998522489 7.86795574874864e-05 0.000163663969030864 0.000967399053751715 -4.79700049931855e-05 9.28771313863199e-05 -0.000554181055522144 0.000509339814104733 -0.000300616687149536 0.0006676357604992 -0.00105684979307002 -8.06833030008062e-06 -0.000342374776062258 -0.000380895372557848 -2.29259342870632e-05
"V14" 0.0008213112299495 0.000162657491138958 0.000285217059185751 0.000146332470325225 -5.97223021217781e-05 -5.8916513437977e-05 -0.000254549587701667 0.000317997695396066 0.000229097569046076 0.000757732586927123 0.000364665025752954 0.000257091495475917 0.000569546553573281 0.000933050346289258 0.000573006351968139 0.000688538760076025 0.000508391571660425 0.000485995635203325 0.00069660653269781 -8.0516077837009e-05 0.000352964636797923 0.000252972950432201 -7.07800454481713e-05 0.00103500947586488 0.000990688771375723 0.000588269241570488 0.000841537206188632 0.000365414575717545 0.000825362966402721 0.000381805250447568 0.000556978503326383 0.000639991968785054 0.000297042090824888 0.000308443703147085 0.000437472749207042 0.000342993434500913 8.91631648267267e-05 -6.33758407601071e-05
"V15" 0.00165765816288159 0.00147119403557363 0.00175021294160387 0.000334504022451602 0.000642527647717444 0.000225066396015738 0.00113906642172113 -0.000268964277556355 0.000878258967902085 0.000545932264900452 0.000134379493164217 0.00174730388220912 0.000234509436137644 0.000573006351968139 0.00907700939152445 -0.000520939157491464 0.000365096486598421 -8.19136056652698e-05 -0.00039069312340045 0.00176885479953873 0.00198353804519939 0.00156490927473926 0.00145414562242482 0.0013198850107307 0.00115547507292728 0.0010447579691009 0.00106672434937498 0.0019570338144754 -0.00255721965021407 0.000999322455294828 0.00360143420953552 0.00266878827536702 -0.000143169250811337 0.00191308920152221 -1.91807729813736e-05 -1.02482014318014e-05 -0.000712017933130062 0.00115680549166872
"V16" 0.000686102531528905 0.000765347330992647 0.000879639081428321 -0.000247176872116257 5.73540279663454e-05 -4.58148706415939e-06 -0.00165125873452733 -0.000430053259282799 -3.37562391729654e-05 0.000502817607603966 -2.12759454102027e-05 0.000466772135778127 -0.00081361280317002 0.000688538760076025 -0.000520939157491464 0.00278414134023631 0.00192466804723743 0.00237081521442828 0.00303045528298387 0.000981351562209936 0.000877334744259946 0.000539596633670002 0.000127754399510879 0.00101107178652836 0.00129328489729705 0.000750170239095706 0.000723517200860945 0.000513294943021224 0.00125400108922275 0.00117266486334246 0.000734517801978959 0.000905246617914205 -0.000343657769010059 0.000287240813470908 0.000508986709105802 0.00152170293418304 0.000905338117451827 0.000122059620781899
"V17" 0.00108561663089332 0.000960740211335437 0.00117861345785614 -3.32066283087174e-05 0.000645000852499926 0.000322486141615123 -0.000745919240746208 -0.000352396523676269 0.000410004750224761 0.00047600698037833 0.00014762591751887 0.000670413698731893 -0.000481493648767659 0.000508391571660425 0.000365096486598421 0.00192466804723743 0.0019145827770643 0.00224141439593139 0.00234706555704583 0.00123014044220246 0.00119422918041202 0.000976867255503578 0.00110282443831599 0.000610497098885532 0.00127761006615988 0.000974771159557624 0.00103565582423599 0.00162878119789677 0.000648406998784566 0.00125351037578276 0.00182644779316565 0.00122703620263171 -0.000157891949342105 0.000586321077427595 0.000594841614536537 0.00156464898132971 0.000691670177645779 0.000242683572667332
"V18" 0.00112392078050502 0.00125980723968089 0.00145388077496288 -7.63872666033349e-05 0.000808075695025171 0.000309670065322637 -0.0010658680128658 -0.000603824367058061 0.000385500168288124 0.000525357730432539 6.65487937604846e-05 0.000839127613226174 -0.000704211098523321 0.000485995635203325 -8.19136056652698e-05 0.00237081521442828 0.00224141439593139 0.00313433233421302 0.00308426940566227 0.00162027745779409 0.00142816692049504 0.00107991767992652 0.00128054703032874 0.000657240572127339 0.00119258874519286 0.00101029722324032 0.00112054091468822 0.00165183951184324 0.000870836002106669 0.00128122227621622 0.0022241735801872 0.00136501156911793 -0.000152494239120613 0.000515830992920974 0.000649655852095199 0.00196724404143917 0.000871161515746798 0.000524439409937285
"V19" 0.000763832224776746 0.00100586401984319 0.00125829956170592 0.00063326648423172 0.000280962509252287 0.000212594832304133 -0.000595670650511038 -0.000376280032769465 1.35699638254716e-05 0.000549121895088096 5.7567323958246e-05 0.000828154182580016 -0.00126423683872952 0.00069660653269781 -0.00039069312340045 0.00303045528298387 0.00234706555704583 0.00308426940566227 0.0049331322479708 0.00115632180987619 0.0013149288502842 0.000722961030624048 0.000545195276156997 0.00299200347698003 0.00140863589779677 0.000664702918985012 0.000820421729778389 0.00127614027058912 0.00188384114780611 0.0015307206943779 -0.000460414001187213 0.00319751624622471 -0.000421470543062364 -0.000207842115857923 0.000962373571525546 0.0016886506267928 0.00102519167130572 -0.000124561891522118
"V21" 0.000465126683600835 0.00108272047458627 0.00133608262891187 -0.000659762399798428 0.000600712066098324 0.000332162796179106 -0.000429922280393928 -0.00101738288239238 0.000212859765483493 -4.2078744570053e-05 -0.000107213093895103 0.000973134941115969 -0.000892135250813816 -8.0516077837009e-05 0.00176885479953873 0.000981351562209936 0.00123014044220246 0.00162027745779409 0.00115632180987619 0.00481893049659446 0.00200541182511956 0.000462150793146878 0.00177202323273096 0.000561152674095321 0.00181835944698036 -2.37594998998254e-06 0.000253054298186396 0.00147665989038777 4.03312930033959e-05 0.000859169298003346 0.00262845100953141 0.000574434670773931 -6.09008832965438e-05 0.00152837655478034 -0.00047635881336231 0.000999942605737178 -9.26893031974417e-05 0.000883062681884299
"V22" 0.00120568997574538 0.000897692251909284 0.00133435704719339 0.000390032918535541 0.000852960229773428 0.000498084515902246 2.61619196594439e-05 -0.000167716560253782 0.000603377181883592 6.96088815189713e-05 0.000139360736700859 0.000976259035884229 -0.000449897880355854 0.000352964636797923 0.00198353804519939 0.000877334744259946 0.00119422918041202 0.00142816692049504 0.0013149288502842 0.00200541182511956 0.0017940255920793 0.000983355742138425 0.0018461165881202 0.000570472842250635 0.00110116385273794 0.000665424528078199 0.00102972579134943 0.00147522193964965 9.70687609099621e-05 0.000954568471532103 0.00226806593146811 0.00159470245791585 -5.05376055949196e-05 0.00135201386669372 0.000475200571296227 0.00103616878567561 0.000333934483046064 0.000406586058012819
"V23" 0.00162390043003336 0.00135956485816591 0.0012491155238629 0.000231368294184563 0.00153283663591668 0.000392357893375595 0.000222092115373075 -0.000803003775385231 0.00145604312007496 -0.000369126515630566 0.000293184247183728 0.000861625609598894 -0.00050631259078344 0.000252972950432201 0.00156490927473926 0.000539596633670002 0.000976867255503578 0.00107991767992652 0.000722961030624048 0.000462150793146878 0.000983355742138425 0.0039629901007942 0.00157536872541483 -0.000525339288795386 -0.000182458196440179 0.00135848047403648 0.00078344186964809 0.00157292213452041 -0.00139431636837583 0.00113811207017424 0.00109518667099132 0.00158991307064195 -0.000265888162417139 0.00113664485468032 0.000653942620447834 0.000909913959010213 0.000264597024977894 0.000178808630466036
"V24" 0.00156158001064147 0.000507360265402508 0.00207523003365057 0.000776177707112462 0.0024841422889761 0.00115299403699257 0.00135944418019437 -1.09507838739693e-05 0.00146810427536667 -1.7268353459646e-05 0.000415182944438859 0.00127109096079752 -0.000211434355945328 -7.07800454481713e-05 0.00145414562242482 0.000127754399510879 0.00110282443831599 0.00128054703032874 0.000545195276156997 0.00177202323273096 0.0018461165881202 0.00157536872541483 0.00549914771412985 -0.00177695381203596 0.000369430401321005 -0.00101025267963611 0.000648075394202185 0.00217695953762775 -0.00154416195161215 0.000760605988111442 0.00381018875384126 0.00112098789489103 -0.000151963402690668 0.00107987072189821 0.000513773832188725 0.00112467245976466 -8.55211822140173e-05 0.000766316099011364
"V25" 0.000521647549151551 0.000145778963277588 0.000271519079850238 0.000980642014563991 -0.00104206306097783 -0.00011694998985882 -0.000159996152848174 0.000801010448253108 -0.000322063519010514 0.00159715397539328 0.000740143772750206 0.000249543588881568 0.00051017998522489 0.00103500947586488 0.0013198850107307 0.00101107178652836 0.000610497098885532 0.000657240572127339 0.00299200347698003 0.000561152674095321 0.000570472842250635 -0.000525339288795386 -0.00177695381203596 0.00780800726842422 0.00201027025282323 0.000547359724208323 0.0011492906418657 0.000315478351957103 0.00248884390521307 0.000626677107469867 -0.00424265238450948 0.00384801584811083 -0.000192886099017107 -0.000825785119507502 0.000738640854988565 0.000105848821078347 -0.000128832539242121 -0.00112358142798726
"V26" 0.00146885221657681 0.000762380892525121 0.000942422282626999 0.000175200313151755 -0.000448338395539741 0.000380727531855733 6.56014380378343e-05 0.000347072749749985 0.000131491730037198 0.000818771649429993 0.000515994528555794 0.000653822701017122 7.86795574874864e-05 0.000990688771375723 0.00115547507292728 0.00129328489729705 0.00127761006615988 0.00119258874519286 0.00140863589779677 0.00181835944698036 0.00110116385273794 -0.000182458196440179 0.000369430401321005 0.00201027025282323 0.00620391429080615 0.000497329951220019 0.00123079856053282 0.0013175244067073 0.00126867680341268 0.000905853486253988 0.00229757649775434 -0.000652037495598192 8.64510723011112e-05 0.000904048499204998 0.000442991446831485 0.000667209075367983 -0.00079564955011226 -0.000114506989299505
"V27" 0.00267849275708486 0.00186982676484253 0.000941327997848053 0.000278337552792772 0.000296632117261008 0.000234916374128521 0.000177086669933834 0.000455271474884874 0.000766599286499207 0.000201781795789637 0.000650643884990078 0.000172189660842927 0.000163663969030864 0.000588269241570488 0.0010447579691009 0.000750170239095706 0.000974771159557624 0.00101029722324032 0.000664702918985012 -2.37594998998254e-06 0.000665424528078199 0.00135848047403648 -0.00101025267963611 0.000547359724208323 0.000497329951220019 0.00548683800027756 0.00187317401890754 0.000903522574546896 0.00209811990883782 0.00153301159878701 0.00151176017473134 0.00109240625118592 9.40893547746486e-05 0.00108002165526056 0.000183220809404574 0.000953285679941452 0.00130967763529746 -0.000320787161258608
"V28" 0.00235018144151728 0.00126256316697145 0.000742594271429777 0.00104202315448431 0.000775839949229345 0.000779513885488018 -0.000243925561944182 0.00102428459544151 0.000980184103815756 0.00158371165823865 0.000961217740453154 0.000228503080497391 0.000967399053751715 0.000841537206188632 0.00106672434937498 0.000723517200860945 0.00103565582423599 0.00112054091468822 0.000820421729778389 0.000253054298186396 0.00102972579134943 0.00078344186964809 0.000648075394202185 0.0011492906418657 0.00123079856053282 0.00187317401890754 0.00393356560531724 0.00103381015509228 0.000829051572854368 0.000691691413612652 0.00325692293761843 0.00128230370499904 0.00046560300007773 0.000594501046640872 0.000769900881595873 0.00100282258729133 4.93631460802025e-05 -0.000189203856080578
"V29" 0.00142916430244144 0.00119939295454525 0.00154483276504879 0.00047600835191713 0.00140658600342792 0.000724952710113465 0.000892746207210048 -0.000314531046943484 0.000959447057101416 0.000397452040054995 0.000278406989888998 0.00103745235666037 -4.79700049931855e-05 0.000365414575717545 0.0019570338144754 0.000513294943021224 0.00162878119789677 0.00165183951184324 0.00127614027058912 0.00147665989038777 0.00147522193964965 0.00157292213452041 0.00217695953762775 0.000315478351957103 0.0013175244067073 0.000903522574546896 0.00103381015509228 0.00345916549027594 -0.000434832009307986 0.00126938597911267 0.00296444437177209 0.001840097358244 0.000170454870223899 0.000669551731821758 0.000798278443297197 0.00122655960948786 0.000152423368120362 -0.00015031783074672
"V30" 7.51306009932124e-05 -0.00103849338526449 -0.000943213925983423 0.000249457112156212 -0.00106532363626308 -0.000352423868146567 -0.000429895347352632 0.00127171985985574 -0.000435554202128763 8.58513582765428e-05 0.000506056120600924 -0.000443985733869445 9.28771313863199e-05 0.000825362966402721 -0.00255721965021407 0.00125400108922275 0.000648406998784566 0.000870836002106669 0.00188384114780611 4.03312930033959e-05 9.70687609099621e-05 -0.00139431636837583 -0.00154416195161215 0.00248884390521307 0.00126867680341268 0.00209811990883782 0.000829051572854368 -0.000434832009307986 0.00709604073244377 0.000944761901972068 -0.00158418848240432 0.000562950151158463 0.000517307859987171 0.000443671191590965 2.94565264205798e-05 0.000523297619918216 0.00090646968445 6.20598331647045e-05
"V31" 0.00119295746659615 0.000657706616192724 0.00113195118257892 0.000192963854041412 0.000641878372307368 0.000341749870352872 0.000123421098456804 -0.000200591259935494 0.000479856059804021 -0.000154950101404067 9.70465738650933e-05 0.000526720108461189 -0.000554181055522144 0.000381805250447568 0.000999322455294828 0.00117266486334246 0.00125351037578276 0.00128122227621622 0.0015307206943779 0.000859169298003346 0.000954568471532103 0.00113811207017424 0.000760605988111442 0.000626677107469867 0.000905853486253988 0.00153301159878701 0.000691691413612652 0.00126938597911267 0.000944761901972068 0.00174250519894684 0.000715038028977642 0.00127758456939837 -0.000200958619866043 0.000885889199132504 0.000592942236721006 0.000939501048675617 0.000430131373372709 -0.00019713918246103
"V32" 0.00344010062792515 0.00212889081440063 0.00241698879841836 -1.38985713154524e-06 0.00172982311616017 0.000526181520217446 0.000380310612090494 0.000442624183502836 0.001718029969287 0.000676186763062414 0.000760923723852203 0.00178692168516434 0.000509339814104733 0.000556978503326383 0.00360143420953552 0.000734517801978959 0.00182644779316565 0.0022241735801872 -0.000460414001187213 0.00262845100953141 0.00226806593146811 0.00109518667099132 0.00381018875384126 -0.00424265238450948 0.00229757649775434 0.00151176017473134 0.00325692293761843 0.00296444437177209 -0.00158418848240432 0.000715038028977642 0.0131642190927857 0.00104735121403545 0.000457320946741918 0.00260920951573463 -0.000841856604010378 0.00173299701546059 -9.73881157905635e-05 0.00162958974156939
"V33" 0.00173061703749825 0.00107514273859712 0.00168621598056922 0.00151431136467253 0.000806735141541716 9.39804466708221e-06 0.00139689443949222 0.000523804281060878 0.00102286024076149 0.000202120725407499 0.000831814457490347 0.00151667053698476 -0.000300616687149536 0.000639991968785054 0.00266878827536702 0.000905246617914205 0.00122703620263171 0.00136501156911793 0.00319751624622471 0.000574434670773931 0.00159470245791585 0.00158991307064195 0.00112098789489103 0.00384801584811083 -0.000652037495598192 0.00109240625118592 0.00128230370499904 0.001840097358244 0.000562950151158463 0.00127758456939837 0.00104735121403545 0.00841548443616136 -0.000167339539949638 0.000907823962599321 7.11360699590851e-05 0.000563262544478619 0.000438589141974657 -0.000237936409324641
"V34" 1.74182889481434e-06 -1.08922985744392e-05 -0.000227781364491453 1.44485814600729e-05 -0.000124431098391964 0.000101049086581867 -6.03686369123754e-05 0.000223164274693187 6.45782024427583e-05 0.000411944041303194 0.000115468855647389 -0.000223841933908412 0.0006676357604992 0.000297042090824888 -0.000143169250811337 -0.000343657769010059 -0.000157891949342105 -0.000152494239120613 -0.000421470543062364 -6.09008832965438e-05 -5.05376055949196e-05 -0.000265888162417139 -0.000151963402690668 -0.000192886099017107 8.64510723011112e-05 9.40893547746486e-05 0.00046560300007773 0.000170454870223899 0.000517307859987171 -0.000200958619866043 0.000457320946741918 -0.000167339539949638 0.0014308929618435 0.000157067993389683 0.000394751231543161 -0.000400497912972916 -0.000325452758739533 0.000164555297749839
"V35" 0.000632339777450702 0.000513435863059992 0.000972834663528922 0.000309931938340869 0.000928785118947205 0.000552513695565811 0.000528566542033461 -0.000270161199019732 0.00049773098930448 -0.00189384086167074 0.000103579685126875 0.000929767751852955 -0.00105684979307002 0.000308443703147085 0.00191308920152221 0.000287240813470908 0.000586321077427595 0.000515830992920974 -0.000207842115857923 0.00152837655478034 0.00135201386669372 0.00113664485468032 0.00107987072189821 -0.000825785119507502 0.000904048499204998 0.00108002165526056 0.000594501046640872 0.000669551731821758 0.000443671191590965 0.000885889199132504 0.00260920951573463 0.000907823962599321 0.000157067993389683 0.00495247356145661 -0.000636201433651139 0.00082608828372137 0.000603891691574499 0.00155187792060466
"V36" 0.000920172274409337 0.000658734481169288 0.000658972068158315 0.000398943379135293 0.000183273594000131 0.000502053728741274 -0.000759750435622904 -0.000388906443656176 -7.08334460664993e-06 0.000437173327652164 -0.00030567527037165 1.30329264077936e-05 -8.06833030008062e-06 0.000437472749207042 -1.91807729813736e-05 0.000508986709105802 0.000594841614536537 0.000649655852095199 0.000962373571525546 -0.00047635881336231 0.000475200571296227 0.000653942620447834 0.000513773832188725 0.000738640854988565 0.000442991446831485 0.000183220809404574 0.000769900881595873 0.000798278443297197 2.94565264205798e-05 0.000592942236721006 -0.000841856604010378 7.11360699590851e-05 0.000394751231543161 -0.000636201433651139 0.0026447748659395 0.000355753797886595 6.69241912208643e-05 -0.00153935754484572
"V37" 0.00106906233242833 0.000827163694351022 0.0010887850782701 -1.44198647548854e-05 0.000764647251863044 0.000349512366964697 -0.000261677343867755 -0.000323686617001411 0.000395114216552987 0.000292957272021306 0.000236465132207561 0.000622911073229998 -0.000342374776062258 0.000342993434500913 -1.02482014318014e-05 0.00152170293418304 0.00156464898132971 0.00196724404143917 0.0016886506267928 0.000999942605737178 0.00103616878567561 0.000909913959010213 0.00112467245976466 0.000105848821078347 0.000667209075367983 0.000953285679941452 0.00100282258729133 0.00122655960948786 0.000523297619918216 0.000939501048675617 0.00173299701546059 0.000563262544478619 -0.000400497912972916 0.00082608828372137 0.000355753797886595 0.00176948694982667 0.000939602900961414 0.000476221237489673
"V38" 0.000644590267867207 0.000414792375147317 0.000331030500548258 -3.3188553917866e-05 0.000127824823446526 -7.6014916753367e-05 -0.000826585270566344 -8.36608572947502e-05 -0.000103359472457586 9.05779856356265e-07 -0.000209522211579691 -7.45914752197282e-05 -0.000380895372557848 8.91631648267267e-05 -0.000712017933130062 0.000905338117451827 0.000691670177645779 0.000871161515746798 0.00102519167130572 -9.26893031974417e-05 0.000333934483046064 0.000264597024977894 -8.55211822140173e-05 -0.000128832539242121 -0.00079564955011226 0.00130967763529746 4.93631460802025e-05 0.000152423368120362 0.00090646968445 0.000430131373372709 -9.73881157905635e-05 0.000438589141974657 -0.000325452758739533 0.000603891691574499 6.69241912208643e-05 0.000939602900961414 0.00254484642283336 0.000208980904268894
"V39" -0.000244844027976418 -0.000218891381965393 7.37317528856827e-05 -0.000467326695313761 0.000389427985927003 -1.64029214989561e-05 0.000592786882304493 0.000147989620350074 0.000402454899123776 -0.000177119738453605 0.000264190905197743 0.000407934867194813 -2.29259342870632e-05 -6.33758407601071e-05 0.00115680549166872 0.000122059620781899 0.000242683572667332 0.000524439409937285 -0.000124561891522118 0.000883062681884299 0.000406586058012819 0.000178808630466036 0.000766316099011364 -0.00112358142798726 -0.000114506989299505 -0.000320787161258608 -0.000189203856080578 -0.00015031783074672 6.20598331647045e-05 -0.00019713918246103 0.00162958974156939 -0.000237936409324641 0.000164555297749839 0.00155187792060466 -0.00153935754484572 0.000476221237489673 0.000208980904268894 0.00347175422920369
