"" "ISPM" "ISNSL" "ISPNS" "PMZS" "PMZI" "PMMT" "NSLNA" "NSLZS" "NSLZI" "NABR" "NAFM" "NAPNS" "BRPT" "BRAPET" "PTFM" "PTAPET" "PTBA" "PTEAM" "PTZYGO" "FMZS" "FMMT" "ZSZI" "ZIMT" "ZIZYGO" "ZITSP" "MTPNS" "PNSAPET" "APETBA" "APETTS" "BAEAM" "EAMZYGO" "ZYGOTSP" "LDAS" "BRLD" "OPILD" "PTAS" "JPAS" "BAOPI"
"ISPM" 0.00583067983643773 0.00456104511542695 0.00457689803254939 0.00338122256634859 0.00251339809272099 0.00247162471799598 0.00278235185960852 0.00177440225007143 0.00119701190324681 0.00036112011074354 0.00149474716593753 0.00165539670287958 0.000653918986110977 0.00106255312091036 0.00190276386471063 0.00157880619059823 0.00168714897912488 0.00187427003727901 0.00217353094146944 0.00109770698625038 0.00261020116109 0.000669555275576248 0.00305411513654558 0.0025198112738821 0.00127351541423478 0.00387296100703756 0.00141252894365142 0.00143645400962873 0.00171730750204035 0.00132236936737217 0.00302876787298587 0.00157907206360712 0.00128419023493703 0.00156301402458291 0.00286608580531318 0.0012123433011766 0.00111068650750819 -0.00213196833109812
"ISNSL" 0.00456104511542695 0.0077934613320123 0.00483620939488155 0.00481880645525736 0.003821055357382 0.00211789888859986 0.00103033209797437 0.00188791873692694 0.00200616180335716 0.00119393481128542 0.00181289794238115 0.00197537780676142 0.00120885968459683 0.00169797892038628 0.00293378950174327 0.0013768195289757 0.00153320981882058 0.00205691588488987 0.00239429561347243 0.00175521731583868 0.00309566179839104 0.00140327777563242 0.00240100086704961 0.00309188062668391 0.00157506672541653 0.00528523043950764 0.00147106881930879 0.00209989961268239 0.00290069646464162 0.00161239859991585 0.00348197861168411 0.00182717676919136 0.00195941752292404 0.00262222030713645 0.00282146106492827 0.00158234785802627 -0.000791328525934894 -0.00138645541134075
"ISPNS" 0.00457689803254939 0.00483620939488155 0.00630848200712886 0.00502116317680343 0.00393812449867257 0.00348017110736306 0.00346009867654263 0.00223983866247426 0.00189701422226267 0.00119735134710466 0.00148058302776411 0.00264166946437593 0.00080117988259754 0.0012914465087279 0.00344831610748983 0.00214309547064159 0.0021558642053306 0.00251228061403518 0.00280989817174542 0.00106613620259556 0.00326603266628476 0.00215455869992777 0.00333325682284626 0.00327960918085986 0.00252498794654322 0.00494983382194723 -1.93437191513819e-05 0.00204300606590178 0.00168048783757206 0.00199720481249791 0.00456021715988604 0.00214044000491951 0.00200245892664752 0.0010340818828027 0.00309342576340394 0.00177394530996862 0.000157301892324685 -0.00141542085184756
"PMZS" 0.00338122256634859 0.00481880645525736 0.00502116317680343 0.00642155658132804 0.00485072625863628 0.00349905386307428 0.00305072129483882 0.00354513001422773 0.00246816018972884 0.00171891500184468 0.00164370502827421 0.00266541584910532 0.00112966617598093 0.00165952643558537 0.00440054635757464 0.00193557829280778 0.00194308596733012 0.00220132473822775 0.00221089871282972 -0.000963181720185408 0.00321781276849443 0.00231713487669553 0.00299954898255708 0.00296046545212307 0.00215182320663722 0.00480562932559196 0.000848735571509675 0.00261038342393401 0.00229702497738513 0.00204199499169742 0.00394700624297847 0.00207581148495685 0.00218740732320466 0.0013638401246152 0.00338611286155236 0.00154411630785431 -0.000533064751446238 -0.00029494426748479
"PMZI" 0.00251339809272099 0.003821055357382 0.00393812449867257 0.00485072625863628 0.00483435295663448 0.00308737666811864 0.00163787416503619 0.00253606519667681 0.00247738053503833 0.00128816739408085 0.00128328752952843 0.00172445038719468 0.000739450880524025 0.00133641708922543 0.00397775347981701 0.00172649571317885 0.00152689177172877 0.00171741905652464 0.00165883786907977 -0.000446476999003608 0.00242242730374099 0.00275644209700954 0.00185238096807918 0.00190304753772212 0.00131973044492657 0.00389049459473966 0.00116195654317801 0.0019300421661008 0.00189830706293536 0.00172552184649998 0.00282596451737275 0.00110540961921128 0.00195357028789742 0.0010236637673827 0.0031502125864891 0.00125950108639925 -0.00067147897504835 -0.000396066143656366
"PMMT" 0.00247162471799598 0.00211789888859986 0.00348017110736306 0.00349905386307428 0.00308737666811864 0.00327122326466818 0.00204117673062079 0.00234171050135493 0.00166519766028351 0.00108223735514081 0.0010476191227459 0.00162761806548741 0.000466993064578141 0.00093941373534983 0.00318918615472267 0.00159072544851555 0.00149060862453454 0.00148106881594838 0.00138389395169023 -0.000491033511051906 0.00194401885115865 0.00144211190238775 0.00339943962702039 0.00212948479209957 0.00141732280874462 0.00229384744881381 0.000898171055189494 0.00166147608089194 0.00134129860075539 0.0015089438472298 0.00263509968493068 0.00127205429585971 0.00139126062508846 0.000206054861230588 0.00267064443461721 0.00105797779800412 0.000305473417328698 -0.000252564195245547
"NSLNA" 0.00278235185960852 0.00103033209797437 0.00346009867654263 0.00305072129483882 0.00163787416503619 0.00204117673062079 0.0161950280099651 0.00207384106009849 0.00162770958864051 -0.000690322541835304 0.00119970558841991 0.00339281724346231 0.000294498484369031 -0.000408377382617697 0.00210530630508347 0.000809531041773157 0.0010990604621419 0.00178448844087727 0.00212677688889253 0.00320772737720346 0.00205427630552899 0.00199222176968012 0.00184600472215418 0.00267890112841189 0.00149996995358436 0.00249316846446829 0.000623727275163925 0.00191212403861529 0.00192808440331455 0.00097751131930391 0.00397304167312514 0.00245132275778793 0.000306800055788695 -0.00128843943528954 0.00114719430631589 0.00131404986983555 0.00171614247836942 -0.00163421021178817
"NSLZS" 0.00177440225007143 0.00188791873692694 0.00223983866247426 0.00354513001422773 0.00253606519667681 0.00234171050135493 0.00207384106009849 0.0046297039298707 0.00226854132201467 0.000905977741181015 0.00158277370766717 0.00200794529370697 0.000649112891174486 0.000988466608779809 0.00301171666517718 0.00110594708151696 0.00128060168876122 0.0010969320322872 0.00118399946348355 -0.00273703336752573 0.00137958026440857 0.000297521736587589 0.00213897027010786 0.00224897978928261 0.000413839200018271 0.00209613505550706 0.000553612004473497 0.00230802435733192 0.00157978205650206 0.00138735904055731 0.000772851543571822 0.0017762714637732 0.00117478906880915 0.000226458370905112 0.0028434775832875 0.000889455599153483 0.000207917636469151 0.000747548558418449
"NSLZI" 0.00119701190324681 0.00200616180335716 0.00189701422226267 0.00246816018972884 0.00247738053503833 0.00166519766028351 0.00162770958864051 0.00226854132201467 0.00246884322829321 0.00112977095780637 0.00114725281708116 0.00175499065968308 0.000574127587160089 0.00106692090451791 0.0031754299122512 0.00122522299071722 0.00116095413566782 0.00109385791373261 0.00135276642934492 -0.000103761118513955 0.00141512064152065 0.00278297476517664 0.00112815632662198 0.00184192065288535 0.000483471368820552 0.00231275856263988 0.000129308941554312 0.00257610461714821 0.00254407685443683 0.00128704959912294 0.00144359997489981 0.00132898319480392 0.00177474340893141 0.000372188394048735 0.00244710760165472 0.00110782964088158 -0.000473319360158043 0.00110006691480773
"NABR" 0.00036112011074354 0.00119393481128542 0.00119735134710466 0.00171891500184468 0.00128816739408085 0.00108223735514081 -0.000690322541835304 0.000905977741181015 0.00112977095780637 0.00249767014538843 0.000423070663579766 0.00103420462121919 0.0014147869699131 0.0015275579723788 0.00214694260492033 0.00128907036925147 0.00119263321228149 0.00085694408853541 0.00105990177532678 0.000503754420542708 0.00122673138990276 0.00142810021265118 0.00113401938547946 0.00117807108913832 0.0014568125914477 0.00105750186051242 -0.00041809990748318 0.00165735703489811 0.00108564921695304 0.00128972215241382 0.00138526051577366 0.000870494737035333 0.00159522447530505 7.16376140707712e-07 0.00120469859258255 0.000751356147493446 3.30352108204417e-05 0.00152406143730046
"NAFM" 0.00149474716593753 0.00181289794238115 0.00148058302776411 0.00164370502827421 0.00128328752952843 0.0010476191227459 0.00119970558841991 0.00158277370766717 0.00114725281708116 0.000423070663579766 0.00123684553319105 0.00122393855039376 0.000415698700676936 0.000715621157768096 0.00151700302677737 0.000797389877272124 0.000766198286100571 0.000787403328630525 0.00115448353281914 0.000711404218281251 0.0011834547704901 0.000571805096466599 0.000999108410474016 0.00178512236447181 0.00044063071188256 0.00166058950053707 0.000635090584170502 0.00148015280971284 0.00181805016150404 0.000950366385751097 0.000851520739634152 0.00115824579952155 0.000787930239050047 0.000570511148578867 0.00179321697523989 0.000774975738257565 0.000134444111231506 -6.39357245391927e-05
"NAPNS" 0.00165539670287958 0.00197537780676142 0.00264166946437593 0.00266541584910532 0.00172445038719468 0.00162761806548741 0.00339281724346231 0.00200794529370697 0.00175499065968308 0.00103420462121919 0.00122393855039376 0.00335534135531707 0.000759893276910818 0.00134609484659822 0.00239971547917488 0.00185899909777993 0.00180115000336605 0.00199257529591784 0.00220694422507073 0.000690931022969357 0.00216665020147875 0.00182792895224298 0.00158341430584436 0.0027194819527897 0.00131648916872596 0.00235742678978783 -0.000652520380933281 0.00248827982753451 0.002981723216566 0.00194132444830441 0.0020985183112226 0.00174650003905051 0.00161017699067446 0.000832641371740591 0.00185810678393101 0.0016960755402432 0.000523962284638873 0.000733990935719636
"BRPT" 0.000653918986110977 0.00120885968459683 0.00080117988259754 0.00112966617598093 0.000739450880524025 0.000466993064578141 0.000294498484369031 0.000649112891174486 0.000574127587160089 0.0014147869699131 0.000415698700676936 0.000759893276910818 0.00247238455911684 0.00158922154807717 3.63745973684462e-05 0.0001452540004585 0.000286100329312127 -8.26948238847072e-05 -0.000508104725746958 0.000641609543900311 0.000618795693255696 0.000267015755150815 1.42873395020764e-05 0.000721298111865078 7.49973046748092e-05 0.0011314043146115 0.000300776904636336 0.000266348501521056 0.000310010751629315 0.000670912560684889 0.000425709805732375 -0.000266849247375363 0.00119812022401026 0.00139226872918175 0.00090937684081583 0.0003120740195922 1.81655566767179e-05 0.000320954739692445
"BRAPET" 0.00106255312091036 0.00169797892038628 0.0012914465087279 0.00165952643558537 0.00133641708922543 0.00093941373534983 -0.000408377382617697 0.000988466608779809 0.00106692090451791 0.0015275579723788 0.000715621157768096 0.00134609484659822 0.00158922154807717 0.00206584891530953 0.0020524103295938 0.00164381231951096 0.00128852506174743 0.000849177414142622 0.000900736011953786 0.000633951761180719 0.0014938973850675 0.00108846917578104 0.000771604367048066 0.00146946319183758 0.000628649961507917 0.00191529193690378 0.00028517235942845 0.00168176489858345 0.00149386748593801 0.00150812415448016 0.00115182613766832 0.000497349794444833 0.00190201290461152 0.00183382198851838 0.00178652873763724 0.000872447903054351 0.000118543434847205 0.00102307758911567
"PTFM" 0.00190276386471063 0.00293378950174327 0.00344831610748983 0.00440054635757464 0.00397775347981701 0.00318918615472267 0.00210530630508347 0.00301171666517718 0.0031754299122512 0.00214694260492033 0.00151700302677737 0.00239971547917488 3.63745973684462e-05 0.0020524103295938 0.00919463031817747 0.00329651495345233 0.0023849340616378 0.00127112452896829 0.00246612241900894 -0.000114247602203191 0.00327008380959828 0.00419980468451841 0.00290498639779647 0.00336430659716739 0.0016458396584818 0.00409439226945166 0.00101422602864031 0.00506941558494911 0.00359691952793689 0.00273102672194583 0.00428574939485086 0.00240637846742078 0.00334588026399751 0.000668608159061049 0.00446363466379889 0.00119532557504776 5.97686532383763e-05 0.00146764319828166
"PTAPET" 0.00157880619059823 0.0013768195289757 0.00214309547064159 0.00193557829280778 0.00172649571317885 0.00159072544851555 0.000809531041773157 0.00110594708151696 0.00122522299071722 0.00128907036925147 0.000797389877272124 0.00185899909777993 0.0001452540004585 0.00164381231951096 0.00329651495345233 0.00352795944801578 0.00256183467360759 0.00241254315632147 0.00299169717313871 0.00117401414109278 0.00231363867935801 0.00169879947079466 0.00184398092147533 0.001765816643438 0.0014241081131399 0.00216998571885299 0.000173058778251498 0.0021951318682864 0.00227223142747126 0.00202352395407244 0.00260567977736554 0.00180804951719679 0.00188502469521365 0.000701534777039546 0.00212021436140614 0.00170462534832072 0.000519847049185402 0.000927039343272284
"PTBA" 0.00168714897912488 0.00153320981882058 0.0021558642053306 0.00194308596733012 0.00152689177172877 0.00149060862453454 0.0010990604621419 0.00128060168876122 0.00116095413566782 0.00119263321228149 0.000766198286100571 0.00180115000336605 0.000286100329312127 0.00128852506174743 0.0023849340616378 0.00256183467360759 0.00226779405262139 0.00227936654851362 0.00254374814170824 0.000752988034182422 0.00204710984981206 0.00128228385687316 0.00172077469200949 0.00163872872049526 0.00164910200398651 0.00199489139971647 0.000167804095928272 0.00224971145568903 0.00186350810578395 0.00172404537425637 0.00251907164751459 0.0016060270130241 0.00146134131273185 0.000517993078532613 0.00171575370279667 0.00167901722348165 0.000633697163006399 0.000423164192624189
"PTEAM" 0.00187427003727901 0.00205691588488987 0.00251228061403518 0.00220132473822775 0.00171741905652464 0.00148106881594838 0.00178448844087727 0.0010969320322872 0.00109385791373261 0.00085694408853541 0.000787403328630525 0.00199257529591784 -8.26948238847072e-05 0.000849177414142622 0.00127112452896829 0.00241254315632147 0.00227936654851362 0.00394751667014679 0.00362660824744217 0.00100876234966079 0.00208785942652373 0.00129928693980816 0.00150541014625376 0.00228181802361415 0.00211815699120196 0.00221208117705799 0.00015007135443477 0.00176964618467627 0.00226987109038758 0.00159485190518929 0.00238249774020882 0.00226682886252395 0.00137143343511736 0.00101260943250181 0.00142442749480018 0.00228973507173547 0.000236507962138151 -0.000448245503768982
"PTZYGO" 0.00217353094146944 0.00239429561347243 0.00280989817174542 0.00221089871282972 0.00165883786907977 0.00138389395169023 0.00212677688889253 0.00118399946348355 0.00135276642934492 0.00105990177532678 0.00115448353281914 0.00220694422507073 -0.000508104725746958 0.000900736011953786 0.00246612241900894 0.00299169717313871 0.00254374814170824 0.00362660824744217 0.00484899703668712 0.00192611102482712 0.00242484198888329 0.00181012867612182 0.00184667717031267 0.00264599364479714 0.00213851909461579 0.00248742351196221 -0.000350192216209831 0.00229094418875247 0.00228996241079886 0.00187815718658984 0.00301563116896243 0.00331550305388344 0.00142308885044019 6.73602200371079e-05 0.00184956716960464 0.00216102065055843 0.000451690981980438 0.000149550872182842
"FMZS" 0.00109770698625038 0.00175521731583868 0.00106613620259556 -0.000963181720185408 -0.000446476999003608 -0.000491033511051906 0.00320772737720346 -0.00273703336752573 -0.000103761118513955 0.000503754420542708 0.000711404218281251 0.000690931022969357 0.000641609543900311 0.000633951761180719 -0.000114247602203191 0.00117401414109278 0.000752988034182422 0.00100876234966079 0.00192611102482712 0.00948320007026699 0.00220334488598699 0.00111153937570937 -0.000161743647855767 0.0025412569412393 0.00137593100285527 0.00188081320619155 0.0011339862137015 0.00117214086174535 0.00300528936156234 0.0012727895363925 0.00260740128745211 0.000964856020725355 0.000407181951385902 0.000745050359433127 0.000252363539393648 0.00131693189515796 0.000233679343880163 -0.0009428159158629
"FMMT" 0.00261020116109 0.00309566179839104 0.00326603266628476 0.00321781276849443 0.00242242730374099 0.00194401885115865 0.00205427630552899 0.00137958026440857 0.00141512064152065 0.00122673138990276 0.0011834547704901 0.00216665020147875 0.000618795693255696 0.0014938973850675 0.00327008380959828 0.00231363867935801 0.00204710984981206 0.00208785942652373 0.00242484198888329 0.00220334488598699 0.00393561059298858 0.00187196616715539 0.00266381214083292 0.0026332076168012 0.00128483886821709 0.00427577148599656 0.000746833058993242 0.00260703386300095 0.0024467076495552 0.00212002982216908 0.00356038996382339 0.00170988302719043 0.001529857147629 0.000953988022162448 0.00230078516582581 0.0016710515911554 -0.000126644353480344 -0.000665708791786319
"ZSZI" 0.000669555275576248 0.00140327777563242 0.00215455869992777 0.00231713487669553 0.00275644209700954 0.00144211190238775 0.00199222176968012 0.000297521736587589 0.00278297476517664 0.00142810021265118 0.000571805096466599 0.00182792895224298 0.000267015755150815 0.00108846917578104 0.00419980468451841 0.00169879947079466 0.00128228385687316 0.00129928693980816 0.00181012867612182 0.00111153937570937 0.00187196616715539 0.00686935941283185 0.000250820569055659 0.00132689437293302 0.000556957090698138 0.00294498740114451 -0.000836905812135637 0.00291965592476576 0.00258560484181976 0.000953342963161384 0.00257075990740382 0.00120741889427783 0.00284017055365066 0.000407900322708474 0.00262429712224116 0.00150763409277908 -0.00155929185727006 0.00168468413962055
"ZIMT" 0.00305411513654558 0.00240100086704961 0.00333325682284626 0.00299954898255708 0.00185238096807918 0.00339943962702039 0.00184600472215418 0.00213897027010786 0.00112815632662198 0.00113401938547946 0.000999108410474016 0.00158341430584436 1.42873395020764e-05 0.000771604367048066 0.00290498639779647 0.00184398092147533 0.00172077469200949 0.00150541014625376 0.00184667717031267 -0.000161743647855767 0.00266381214083292 0.000250820569055659 0.00817619790386025 0.00178777365062005 0.00145379044649345 0.00115123343886574 0.000615444554887693 0.00195164609754949 0.00211882412162535 0.00140019153233203 0.00424528673929134 0.00218447984130185 0.00111621816292894 -0.00108926886289122 0.00227102820148007 0.0010210282995842 0.000544620827039122 -5.9803913485069e-05
"ZIZYGO" 0.0025198112738821 0.00309188062668391 0.00327960918085986 0.00296046545212307 0.00190304753772212 0.00212948479209957 0.00267890112841189 0.00224897978928261 0.00184192065288535 0.00117807108913832 0.00178512236447181 0.0027194819527897 0.000721298111865078 0.00146946319183758 0.00336430659716739 0.001765816643438 0.00163872872049526 0.00228181802361415 0.00264599364479714 0.0025412569412393 0.0026332076168012 0.00132689437293302 0.00178777365062005 0.00693749137782603 0.001724496242165 0.00361470793316418 0.000651634758472746 0.00388418940418115 0.00436290133113559 0.00276176746216175 0.000577779625940415 0.00284738199071445 0.0017022050648146 0.00148378587304309 0.00287970720713977 0.00167514594188344 0.000404943279459878 1.85785517912978e-05
"ZITSP" 0.00127351541423478 0.00157506672541653 0.00252498794654322 0.00215182320663722 0.00131973044492657 0.00141732280874462 0.00149996995358436 0.000413839200018271 0.000483471368820552 0.0014568125914477 0.00044063071188256 0.00131648916872596 7.49973046748092e-05 0.000628649961507917 0.0016458396584818 0.0014241081131399 0.00164910200398651 0.00211815699120196 0.00213851909461579 0.00137593100285527 0.00128483886821709 0.000556957090698138 0.00145379044649345 0.001724496242165 0.00613494059189893 0.000868178019171155 6.603601045351e-05 0.00186394910635422 0.000858253496506072 0.00144008966729136 0.00266483708458434 0.00165290150724962 0.000271096898931412 0.000303341232490387 3.11983235784488e-05 0.001331230134452 0.000148215242161779 0.000289013280899099
"MTPNS" 0.00387296100703756 0.00528523043950764 0.00494983382194723 0.00480562932559196 0.00389049459473966 0.00229384744881381 0.00249316846446829 0.00209613505550706 0.00231275856263988 0.00105750186051242 0.00166058950053707 0.00235742678978783 0.0011314043146115 0.00191529193690378 0.00409439226945166 0.00216998571885299 0.00199489139971647 0.00221208117705799 0.00248742351196221 0.00188081320619155 0.00427577148599656 0.00294498740114451 0.00115123343886574 0.00361470793316418 0.000868178019171155 0.00782391398119149 0.00094719573133597 0.00312258923582487 0.00312716439027964 0.00218501688965199 0.00444807007638927 0.00167536444713292 0.0023163041381684 0.00262911677894922 0.00330574672693699 0.00186198522460049 -0.000799307439714637 -0.000972902054405913
"PNSAPET" 0.00141252894365142 0.00147106881930879 -1.93437191513819e-05 0.000848735571509675 0.00116195654317801 0.000898171055189494 0.000623727275163925 0.000553612004473497 0.000129308941554312 -0.00041809990748318 0.000635090584170502 -0.000652520380933281 0.000300776904636336 0.00028517235942845 0.00101422602864031 0.000173058778251498 0.000167804095928272 0.00015007135443477 -0.000350192216209831 0.0011339862137015 0.000746833058993242 -0.000836905812135637 0.000615444554887693 0.000651634758472746 6.603601045351e-05 0.00094719573133597 0.00552846169599676 -0.000116079731733387 -1.42415320412636e-05 0.000179881810810104 0.001656667947242 -0.000311847698711399 0.000159191095025117 0.00162866982314071 0.00172059575506444 0.000293093064171986 -0.000136978549679241 -0.00197316176813746
"APETBA" 0.00143645400962873 0.00209989961268239 0.00204300606590178 0.00261038342393401 0.0019300421661008 0.00166147608089194 0.00191212403861529 0.00230802435733192 0.00257610461714821 0.00165735703489811 0.00148015280971284 0.00248827982753451 0.000266348501521056 0.00168176489858345 0.00506941558494911 0.0021951318682864 0.00224971145568903 0.00176964618467627 0.00229094418875247 0.00117214086174535 0.00260703386300095 0.00291965592476576 0.00195164609754949 0.00388418940418115 0.00186394910635422 0.00312258923582487 -0.000116079731733387 0.00613549616140031 0.00474268771996909 0.00249477872838405 0.00263251286624654 0.00219644546081028 0.00210333028512125 0.000665138881539169 0.00256132677418056 0.001781635753547 0.000946130331996753 0.00143160067287504
"APETTS" 0.00171730750204035 0.00290069646464162 0.00168048783757206 0.00229702497738513 0.00189830706293536 0.00134129860075539 0.00192808440331455 0.00157978205650206 0.00254407685443683 0.00108564921695304 0.00181805016150404 0.002981723216566 0.000310010751629315 0.00149386748593801 0.00359691952793689 0.00227223142747126 0.00186350810578395 0.00226987109038758 0.00228996241079886 0.00300528936156234 0.0024467076495552 0.00258560484181976 0.00211882412162535 0.00436290133113559 0.000858253496506072 0.00312716439027964 -1.42415320412636e-05 0.00474268771996909 0.00975968545121059 0.00263902781721463 0.00198570063580434 0.0016721132225389 0.00219081892277012 0.00173958401901519 0.00280026974966225 0.0022647849125328 0.000364944082549433 0.00123170137736626
"BAEAM" 0.00132236936737217 0.00161239859991585 0.00199720481249791 0.00204199499169742 0.00172552184649998 0.0015089438472298 0.00097751131930391 0.00138735904055731 0.00128704959912294 0.00128972215241382 0.000950366385751097 0.00194132444830441 0.000670912560684889 0.00150812415448016 0.00273102672194583 0.00202352395407244 0.00172404537425637 0.00159485190518929 0.00187815718658984 0.0012727895363925 0.00212002982216908 0.000953342963161384 0.00140019153233203 0.00276176746216175 0.00144008966729136 0.00218501688965199 0.000179881810810104 0.00249477872838405 0.00263902781721463 0.0025536805530323 0.00160371754178393 0.00137660277371718 0.00146980495533639 0.000824654133844844 0.00190014266229703 0.00133864501441523 0.000728268552335123 0.000394520534531641
"EAMZYGO" 0.00302876787298587 0.00348197861168411 0.00456021715988604 0.00394700624297847 0.00282596451737275 0.00263509968493068 0.00397304167312514 0.000772851543571822 0.00144359997489981 0.00138526051577366 0.000851520739634152 0.0020985183112226 0.000425709805732375 0.00115182613766832 0.00428574939485086 0.00260567977736554 0.00251907164751459 0.00238249774020882 0.00301563116896243 0.00260740128745211 0.00356038996382339 0.00257075990740382 0.00424528673929134 0.000577779625940415 0.00266483708458434 0.00444807007638927 0.001656667947242 0.00263251286624654 0.00198570063580434 0.00160371754178393 0.0112400165469669 0.00211247599234714 0.00191918085333627 -0.000182475557551797 0.00230317990349875 0.00211395856973663 0.00101348744363609 -0.00078637217179961
"ZYGOTSP" 0.00157907206360712 0.00182717676919136 0.00214044000491951 0.00207581148495685 0.00110540961921128 0.00127205429585971 0.00245132275778793 0.0017762714637732 0.00132898319480392 0.000870494737035333 0.00115824579952155 0.00174650003905051 -0.000266849247375363 0.000497349794444833 0.00240637846742078 0.00180804951719679 0.0016060270130241 0.00226682886252395 0.00331550305388344 0.000964856020725355 0.00170988302719043 0.00120741889427783 0.00218447984130185 0.00284738199071445 0.00165290150724962 0.00167536444713292 -0.000311847698711399 0.00219644546081028 0.0016721132225389 0.00137660277371718 0.00211247599234714 0.00446613798879952 0.00106423126248524 -0.000289235405430461 0.00155174158698095 0.00133374655847686 0.000274012248967182 0.000511725535349585
"LDAS" 0.00128419023493703 0.00195941752292404 0.00200245892664752 0.00218740732320466 0.00195357028789742 0.00139126062508846 0.000306800055788695 0.00117478906880915 0.00177474340893141 0.00159522447530505 0.000787930239050047 0.00161017699067446 0.00119812022401026 0.00190201290461152 0.00334588026399751 0.00188502469521365 0.00146134131273185 0.00137143343511736 0.00142308885044019 0.000407181951385902 0.001529857147629 0.00284017055365066 0.00111621816292894 0.0017022050648146 0.000271096898931412 0.0023163041381684 0.000159191095025117 0.00210333028512125 0.00219081892277012 0.00146980495533639 0.00191918085333627 0.00106423126248524 0.00435475233293922 0.00131298338624227 0.00449820755754008 0.00111361224415123 -0.00122506834605858 0.00103178541486793
"BRLD" 0.00156301402458291 0.00262222030713645 0.0010340818828027 0.0013638401246152 0.0010236637673827 0.000206054861230588 -0.00128843943528954 0.000226458370905112 0.000372188394048735 7.16376140707712e-07 0.000570511148578867 0.000832641371740591 0.00139226872918175 0.00183382198851838 0.000668608159061049 0.000701534777039546 0.000517993078532613 0.00101260943250181 6.73602200371079e-05 0.000745050359433127 0.000953988022162448 0.000407900322708474 -0.00108926886289122 0.00148378587304309 0.000303341232490387 0.00262911677894922 0.00162866982314071 0.000665138881539169 0.00173958401901519 0.000824654133844844 -0.000182475557551797 -0.000289235405430461 0.00131298338624227 0.00729859825821265 0.000601827568304147 0.00101152758477649 -0.000959287348753719 -0.000636420705842704
"OPILD" 0.00286608580531318 0.00282146106492827 0.00309342576340394 0.00338611286155236 0.0031502125864891 0.00267064443461721 0.00114719430631589 0.0028434775832875 0.00244710760165472 0.00120469859258255 0.00179321697523989 0.00185810678393101 0.00090937684081583 0.00178652873763724 0.00446363466379889 0.00212021436140614 0.00171575370279667 0.00142442749480018 0.00184956716960464 0.000252363539393648 0.00230078516582581 0.00262429712224116 0.00227102820148007 0.00287970720713977 3.11983235784488e-05 0.00330574672693699 0.00172059575506444 0.00256132677418056 0.00280026974966225 0.00190014266229703 0.00230317990349875 0.00155174158698095 0.00449820755754008 0.000601827568304147 0.00720418542237466 0.00139688676230904 -0.000978529888027676 -9.96950081490401e-05
"PTAS" 0.0012123433011766 0.00158234785802627 0.00177394530996862 0.00154411630785431 0.00125950108639925 0.00105797779800412 0.00131404986983555 0.000889455599153483 0.00110782964088158 0.000751356147493446 0.000774975738257565 0.0016960755402432 0.0003120740195922 0.000872447903054351 0.00119532557504776 0.00170462534832072 0.00167901722348165 0.00228973507173547 0.00216102065055843 0.00131693189515796 0.0016710515911554 0.00150763409277908 0.0010210282995842 0.00167514594188344 0.001331230134452 0.00186198522460049 0.000293093064171986 0.001781635753547 0.0022647849125328 0.00133864501441523 0.00211395856973663 0.00133374655847686 0.00111361224415123 0.00101152758477649 0.00139688676230904 0.00211300725842733 0.000115415882789888 0.000210845079065126
"JPAS" 0.00111068650750819 -0.000791328525934894 0.000157301892324685 -0.000533064751446238 -0.00067147897504835 0.000305473417328698 0.00171614247836942 0.000207917636469151 -0.000473319360158043 3.30352108204417e-05 0.000134444111231506 0.000523962284638873 1.81655566767179e-05 0.000118543434847205 5.97686532383763e-05 0.000519847049185402 0.000633697163006399 0.000236507962138151 0.000451690981980438 0.000233679343880163 -0.000126644353480344 -0.00155929185727006 0.000544620827039122 0.000404943279459878 0.000148215242161779 -0.000799307439714637 -0.000136978549679241 0.000946130331996753 0.000364944082549433 0.000728268552335123 0.00101348744363609 0.000274012248967182 -0.00122506834605858 -0.000959287348753719 -0.000978529888027676 0.000115415882789888 0.0063956261708945 -0.000935383989054627
"BAOPI" -0.00213196833109812 -0.00138645541134075 -0.00141542085184756 -0.00029494426748479 -0.000396066143656366 -0.000252564195245547 -0.00163421021178817 0.000747548558418449 0.00110006691480773 0.00152406143730046 -6.39357245391927e-05 0.000733990935719636 0.000320954739692445 0.00102307758911567 0.00146764319828166 0.000927039343272284 0.000423164192624189 -0.000448245503768982 0.000149550872182842 -0.0009428159158629 -0.000665708791786319 0.00168468413962055 -5.9803913485069e-05 1.85785517912978e-05 0.000289013280899099 -0.000972902054405913 -0.00197316176813746 0.00143160067287504 0.00123170137736626 0.000394520534531641 -0.00078637217179961 0.000511725535349585 0.00103178541486793 -0.000636420705842704 -9.96950081490401e-05 0.000210845079065126 -0.000935383989054627 0.00636818732418228
