"" "ISPM" "ISNSL" "ISPNS" "PMZS" "PMZI" "PMMT" "NSLNA" "NSLZS" "NSLZI" "NABR" "NAFM" "NAPNS" "BRPT" "BRAPET" "PTFM" "PTAPET" "PTBA" "PTEAM" "PTZYGO" "FMZS" "FMMT" "ZSZI" "ZIMT" "ZIZYGO" "ZITSP" "MTPNS" "PNSAPET" "APETBA" "APETTS" "BAEAM" "EAMZYGO" "ZYGOTSP" "LDAS" "BRLD" "OPILD" "PTAS" "JPAS" "BAOPI"
"ISPM" 0.00674519258790807 0.00318898399948972 0.00386620342774725 0.00141416831197944 0.00152248556421039 0.00210781305890801 -0.0015646973201907 0.000216906432258646 0.00139119605349861 0.00231949117189313 0.00149202142480458 0.00117221569655873 0.00277239314624191 0.00265523098580014 0.00351025209707922 0.000925143462041494 0.000773923975244681 0.00117554048015308 0.00127985924689214 0.00024981415505799 0.00191263295458002 0.00212048039325726 0.00176983067205259 0.00175491682242637 0.000732645507861987 0.00335316082330441 0.00142164267360525 0.00070865623493951 0.00156252819734155 0.00174254743274452 0.00144127906766425 0.00153134768482519 0.00275641686400168 0.00238266975754377 0.00272120511372553 0.00183988253521415 0.00197389431458643 0.00136414037121
"ISNSL" 0.00318898399948972 0.00723291120235574 0.00396629719486731 0.00387592322320002 0.00257225428407137 0.00188453034681198 -0.000797428878158838 -0.000782279300341061 0.000582438530155312 0.00190137688802026 0.00141956395812466 0.00152361980101774 0.00183272760747905 0.0020471031779247 0.00421399899937541 0.000773077652176195 0.00031046862267902 -8.5086726309256e-05 0.00124279338017183 0.00130108448330099 0.00230877481737514 0.00219180574060805 0.00218251221078179 0.00229242735304254 0.00104071177581797 0.00357025138286732 0.000591608312918459 0.000489978488168703 -0.000751827647556509 0.00136307612430791 0.00143796791849352 0.00157505987666434 0.00279724068832716 0.00124868463291337 0.00376082422115424 0.000569345902557546 0.00274920532289234 0.00164236185292177
"ISPNS" 0.00386620342774725 0.00396629719486731 0.00644725801262507 0.00256927486835201 0.00247838400582476 0.00243735492690548 -0.00139004225660208 0.000293823403495872 0.00126793594721417 0.00225034452218179 0.00165878894715045 0.0017308937029172 0.0023821514568359 0.002377450562338 0.00366567097606221 0.000946333767698955 0.000743535375348674 0.000814457597063043 0.000986418995708475 0.000529330147613509 0.00200698015296763 0.00199964322476898 0.00217124254454581 0.00301426384740188 0.00116378512267123 0.00598953690541324 -0.00232186315235166 0.000745138607818238 0.000861183927358287 0.00188530008067916 0.00162695197098194 0.00127584861108612 0.00308582874537924 0.00125400758732036 0.00406683751596462 0.00172095827645694 0.00259441458663455 0.00141451771624541
"PMZS" 0.00141416831197944 0.00387592322320002 0.00256927486835201 0.00496077307611493 0.00301249309979183 0.00153435291343409 0.0039957719302395 0.0025042704938154 0.000534826417884389 0.00168724191135384 0.00112672693419377 0.00185751413287816 0.00142380013307859 0.00160634495867495 0.00316322202593134 0.000581405781941982 0.000215124015855851 -0.000105424451735439 0.000966862497409668 0.00117500746430946 0.00238649843183117 0.00241461230375148 0.00228414584955952 0.00189186382517429 0.00130137882526089 0.00254823551066734 0.000922832450999355 0.0012984682330848 0.000358744917796091 0.00114798229731078 0.000975528577866745 0.00130227431981635 0.00210370673188616 0.00194800198221068 0.00302643881753022 0.000754005216640818 0.00214712254300856 0.00158987124489481
"PMZI" 0.00152248556421039 0.00257225428407137 0.00247838400582476 0.00301249309979183 0.00362997777243351 0.00165586769254007 0.00221532081394732 0.0017893498435205 0.00172947027295342 0.00165949057933155 0.00122717714455532 0.00156963232765473 0.00139145162604924 0.00153722985278107 0.00252320578754142 0.000851892360754194 0.000580638276778596 0.000345088848749669 0.00107190321046888 0.000945077693847324 0.00176733468647796 0.00171771386742336 0.0018675554208302 0.000168326966460108 0.000312530373498407 0.00274430371735754 0.000881959268521278 0.00118590019707377 0.00125852710832832 0.00132483557784506 0.00107420299958643 0.0010710260608246 0.00168991758810454 0.00115863094940674 0.00212086402516563 0.000583351373271739 0.00148334918309342 0.00128150206889006
"PMMT" 0.00210781305890801 0.00188453034681198 0.00243735492690548 0.00153435291343409 0.00165586769254007 0.00233300945434706 -0.000205922353074378 0.000360498865055154 0.000652393570099523 0.00130716866206029 0.000786211003863554 0.000560959650526909 0.00131561304660612 0.00113127317292914 0.0016089029238177 0.0005138640169527 0.000478909972212781 0.000654973203770286 0.00063026564974083 0.000628899572828318 0.000850087020982021 0.000887070579627208 0.00128610869751083 0.000929150983945235 0.00012671787529329 0.00110592136782281 0.000358479234257143 0.000491885487280976 0.00080445804771288 0.000937474981970166 0.0010869733108235 0.000575729922026656 0.00122467573091662 0.000627929333631722 0.00150904470666307 0.000906396377844907 0.000925133361197797 0.000776088872661993
"NSLNA" -0.0015646973201907 -0.000797428878158838 -0.00139004225660208 0.0039957719302395 0.00221532081394732 -0.000205922353074378 0.0145338378601158 0.0064559695684735 0.000307638619892783 -0.000901977080815382 1.62698263581903e-05 0.00388708873974117 -0.000648048628908429 -0.000598746866107255 0.00020906197845692 -0.000439439925717359 -0.000554903089050734 -0.000230600227892924 2.09400721948159e-06 0.00187914426942876 0.0016338591005279 0.000298006497378456 0.000749271392785946 -1.4916864929393e-05 0.00114258416909194 -0.00134897620009903 0.0017936756335417 0.0018550358203026 0.00198823979394422 -7.04824152090443e-05 0.000266975624020468 0.00022377400879556 -0.000266171915605874 0.00278129432982191 0.000110433788514893 -0.000177443379168238 -0.000557099098450676 0.000469500758455295
"NSLZS" 0.000216906432258646 -0.000782279300341061 0.000293823403495872 0.0025042704938154 0.0017893498435205 0.000360498865055154 0.0064559695684735 0.00848803144906783 0.00173128126322866 0.000612868396881881 0.00112478693909542 0.00157375654548126 0.000408739824622431 0.000645700441955442 0.00077729583797739 3.86031770372726e-05 -0.000111376051409029 -1.92534846446559e-05 0.000539876775828727 -0.00163858479530572 0.000911083739084973 -0.00147636496293365 4.60164884173715e-05 0.000854532917029972 0.00141160193332453 7.18352086546159e-05 0.000533318110152931 0.00154758141214801 0.00189560044849007 0.000547120436867457 -8.18487597317362e-05 0.000728012358454935 0.00122841613120996 0.00279271978639413 0.00133479507411236 0.000137506679482087 0.00104900933204948 0.000413619646451631
"NSLZI" 0.00139119605349861 0.000582438530155312 0.00126793594721417 0.000534826417884389 0.00172947027295342 0.000652393570099523 0.000307638619892783 0.00173128126322866 0.00298643612490434 0.00109524133688789 0.00138901707782949 0.00107273820240925 0.00098544879877701 0.00108557198038479 0.00121763634534212 0.000591018605906893 0.000643290361394571 0.000857275777189836 0.00150359760023274 5.77024746315179e-05 0.000826210196561301 0.00255084374007835 0.000397950762005716 0.000188302807531962 0.00121965364535483 0.00184096232598058 0.000443389220481162 0.00131340362227202 0.00215249386215085 0.00114584468507754 0.0008320656590568 0.00146175592979394 0.00135102444668071 0.00136971985162783 0.000776601958167899 0.00114021793679253 0.00107443648748266 2.25164164377557e-06
"NABR" 0.00231949117189313 0.00190137688802026 0.00225034452218179 0.00168724191135384 0.00165949057933155 0.00130716866206029 -0.000901977080815382 0.000612868396881881 0.00109524133688789 0.00774723986242268 0.00187100960638683 0.00145336029268921 0.00654661529653525 0.00565114171870333 0.00452866655083003 0.00154599267765258 0.00108068440574531 0.00160104901038623 0.00222121081829885 0.00126299927774433 0.00227779794582726 0.00247772727565925 0.0020479170485539 0.00183903914481265 0.00129790163471305 0.00307038771834572 0.00098284391646804 0.00113608794261062 0.00236655047504416 0.00181801958040513 0.00149788344130995 0.0022250990259891 0.00379254518429221 0.00264214017742904 0.00408907478790126 0.00227798348988365 0.00253689679618473 0.00164749208406681
"NAFM" 0.00149202142480458 0.00141956395812466 0.00165878894715045 0.00112672693419377 0.00122717714455532 0.000786211003863554 1.62698263581903e-05 0.00112478693909542 0.00138901707782949 0.00187100960638683 0.00301418911349547 0.00160494115507321 0.00208929582773215 0.0020404432000967 0.00192955537502005 0.000971927609315738 0.000729791865762441 0.00110988595148417 0.00142111834527294 0.00111467544842818 0.00129730791533984 0.00171834077927584 0.000838930991012978 0.00165482382209672 0.00143322346165479 0.00229163792725818 0.000795020212463599 0.000874349626467421 0.00142829873812113 0.00136956101407923 0.000597386338458678 0.00147938935481945 0.00221239950803067 0.00193730374247707 0.00230216536180311 0.00129058223015511 0.00176230428633066 0.000490288657544822
"NAPNS" 0.00117221569655873 0.00152361980101774 0.0017308937029172 0.00185751413287816 0.00156963232765473 0.000560959650526909 0.00388708873974117 0.00157375654548126 0.00107273820240925 0.00145336029268921 0.00160494115507321 0.00413116920315842 0.00180185062674945 0.00208566638631333 0.00242608999171334 0.00108689759942444 0.000853123165816792 0.00105445670128665 0.00107201726673228 0.000715675841060787 0.00198809774988288 0.00161671022884376 0.0012669185497698 0.00125353758168733 0.00127048201894592 0.00198308332786438 0.000596071174515729 0.00122438837794396 0.00165042968728739 0.00120227815437472 0.000913828423541748 0.0010549429339703 0.00230089926233209 0.00307781901238046 0.00249649866579609 0.000865367868639954 0.00116373362511675 0.000755095355779546
"BRPT" 0.00277239314624191 0.00183272760747905 0.0023821514568359 0.00142380013307859 0.00139145162604924 0.00131561304660612 -0.000648048628908429 0.000408739824622431 0.00098544879877701 0.00654661529653525 0.00208929582773215 0.00180185062674945 0.0100742105955109 0.00700037521681972 0.00341214723052514 -0.000867660795914803 0.000257430126075549 -0.00028028150905955 -0.000447977634945292 0.00140197874774521 0.00221243262761513 0.00215459824203829 0.00191036859056356 0.00214555394940252 0.00042786322501557 0.00276126894563572 0.000884519770115299 0.0012773181411254 0.00207434724094994 0.00197427613367127 0.00126611756836851 0.00179379821840042 0.00480072836418295 0.00586425936542282 0.00626794471018216 0.00228176198665313 0.00357434224229899 0.00170279299323369
"BRAPET" 0.00265523098580014 0.0020471031779247 0.002377450562338 0.00160634495867495 0.00153722985278107 0.00113127317292914 -0.000598746866107255 0.000645700441955442 0.00108557198038479 0.00565114171870333 0.0020404432000967 0.00208566638631333 0.00700037521681972 0.00736102378336293 0.00412023892172335 0.00209568418289175 0.00140355488386984 0.00142104796607245 0.00183833098662166 0.000693158837144652 0.00241896238517756 0.00241549217217931 0.00216707538777394 0.00220703240429247 0.00124498942585053 0.00311538704497665 0.000307767736659411 0.00181492911380629 0.00140313127188721 0.00198786579823392 0.000609516247435789 0.001848654860798 0.00528469341290776 0.00550608754978349 0.00669865969412426 0.00181430961439813 0.00369538005568108 0.001601229955528
"PTFM" 0.00351025209707922 0.00421399899937541 0.00366567097606221 0.00316322202593134 0.00252320578754142 0.0016089029238177 0.00020906197845692 0.00077729583797739 0.00121763634534212 0.00452866655083003 0.00192955537502005 0.00242608999171334 0.00341214723052514 0.00412023892172335 0.0110076900348146 0.00202136409491331 0.000447245752263359 -0.00166960960919764 0.00287187686877431 0.000932687284606727 0.00348345001051248 0.0030089668109527 0.00359311211591978 0.0033401865161207 0.0029922777871366 0.00476484984702527 0.00285530273891358 0.00222444554005446 0.0024324657263684 0.00255874957071295 0.00271844897446029 0.00315676001716741 0.00492924583261582 0.00311952612856139 0.00569413695817917 -0.000194692746690222 0.00418921142537315 0.00177781779991611
"PTAPET" 0.000925143462041494 0.000773077652176195 0.000946333767698955 0.000581405781941982 0.000851892360754194 0.0005138640169527 -0.000439439925717359 3.86031770372726e-05 0.000591018605906893 0.00154599267765258 0.000971927609315738 0.00108689759942444 -0.000867660795914803 0.00209568418289175 0.00202136409491331 0.00453725818278032 0.00221183428856597 0.00295959507792103 0.00323451599121304 -0.000228600238685594 0.000873093021266492 0.00124101877858844 0.000908296981097773 0.000790037969398306 0.00100591783316609 0.00137083926163907 0.000227650783137258 0.000653955834791998 0.0010339838832945 0.000813450287456584 -8.04451687753336e-05 0.000666329566294472 0.0013557272734487 0.000446239985200123 0.00083897171098798 0.000855047788995176 0.000574904732966402 0.000900970732019084
"PTBA" 0.000773923975244681 0.00031046862267902 0.000743535375348674 0.000215124015855851 0.000580638276778596 0.000478909972212781 -0.000554903089050734 -0.000111376051409029 0.000643290361394571 0.00108068440574531 0.000729791865762441 0.000853123165816792 0.000257430126075549 0.00140355488386984 0.000447245752263359 0.00221183428856597 0.00230808139697712 0.00237595156987086 0.00172513012926641 1.94272280422842e-05 0.000606527311463004 0.000990535676467147 0.000558431938502339 0.000675123003829592 0.000375552382248617 0.00100634847787963 0.000741927058590673 0.0017464368031184 0.000667492247217287 0.00119414538266897 0.000214130421963378 0.000549574782373727 0.000970747564930531 0.000608768338063246 0.000885048335804315 0.00145411063936037 0.000707351572956513 0.00027577162920829
"PTEAM" 0.00117554048015308 -8.5086726309256e-05 0.000814457597063043 -0.000105424451735439 0.000345088848749669 0.000654973203770286 -0.000230600227892924 -1.92534846446559e-05 0.000857275777189836 0.00160104901038623 0.00110988595148417 0.00105445670128665 -0.00028028150905955 0.00142104796607245 -0.00166960960919764 0.00295959507792103 0.00237595156987086 0.00695720370235326 0.00386685919791259 0.000212849582229881 0.000540799640766721 0.00162707395995335 -0.000330391689468663 0.000427343348261719 -1.3623386712614e-05 0.000798944332602425 0.000521333585701389 0.000450833969278725 0.000379778440795041 0.000815353001904908 0.000678599673088449 0.00141830687954623 0.000680974274685352 0.000904370594623027 -0.000364406662112207 0.00361386456832237 -0.000351591825966434 0.00060381426571575
"PTZYGO" 0.00127985924689214 0.00124279338017183 0.000986418995708475 0.000966862497409668 0.00107190321046888 0.00063026564974083 2.09400721948159e-06 0.000539876775828727 0.00150359760023274 0.00222121081829885 0.00142111834527294 0.00107201726673228 -0.000447977634945292 0.00183833098662166 0.00287187686877431 0.00323451599121304 0.00172513012926641 0.00386685919791259 0.00635026923874522 0.000581388412394667 0.00167816856838852 0.00266943134299806 0.0017146585484545 0.000447299843358861 0.00220815709835003 0.00225471637101384 0.00195155308253617 0.00136834868017795 0.00135164758930064 0.00143533163895921 0.00237948433660353 0.00386122164860381 0.00206600203609367 0.00160039875859331 0.00147221597742519 0.00159077051061056 0.00111447308344585 0.000494848654057293
"FMZS" 0.00024981415505799 0.00130108448330099 0.000529330147613509 0.00117500746430946 0.000945077693847324 0.000628899572828318 0.00187914426942876 -0.00163858479530572 5.77024746315179e-05 0.00126299927774433 0.00111467544842818 0.000715675841060787 0.00140197874774521 0.000693158837144652 0.000932687284606727 -0.000228600238685594 1.94272280422842e-05 0.000212849582229881 0.000581388412394667 0.00563299824938743 0.00166545531457864 0.00187506622474304 0.00129234151257288 0.000844562331323345 0.000518408211534556 0.000433396409935432 0.0011790506393938 0.000581738793942104 0.000394198775087619 0.000706432600670542 0.000607392996396325 0.00073405580742143 0.000432137030821723 0.00147758837899665 0.00116665908199712 0.000618193745638497 0.000753431288062323 -6.18023233082048e-05
"FMMT" 0.00191263295458002 0.00230877481737514 0.00200698015296763 0.00238649843183117 0.00176733468647796 0.000850087020982021 0.0016338591005279 0.000911083739084973 0.000826210196561301 0.00227779794582726 0.00129730791533984 0.00198809774988288 0.00221243262761513 0.00241896238517756 0.00348345001051248 0.000873093021266492 0.000606527311463004 0.000540799640766721 0.00167816856838852 0.00166545531457864 0.00319904871676386 0.00218959780951225 0.00286742344081466 0.00157431063636596 0.00141977581619838 0.00380723882523066 0.00107744878902911 0.00154580090695403 0.000356044486992563 0.00142278081409988 0.00125748005493329 0.001975576845976 0.00250939235678808 0.00192914674264124 0.00312795665200555 0.000908516772020629 0.002010112979907 0.00108889301588378
"ZSZI" 0.00212048039325726 0.00219180574060805 0.00199964322476898 0.00241461230375148 0.00171771386742336 0.000887070579627208 0.000298006497378456 -0.00147636496293365 0.00255084374007835 0.00247772727565925 0.00171834077927584 0.00161671022884376 0.00215459824203829 0.00241549217217931 0.0030089668109527 0.00124101877858844 0.000990535676467147 0.00162707395995335 0.00266943134299806 0.00187506622474304 0.00218959780951225 0.00872269964217509 0.00147709112557661 0.00157126555997485 0.00253115141535974 0.00269326372291372 0.0011024727238962 0.00172091119660886 0.00221018906943661 0.00183666998367113 0.00130130718679927 0.00274454232910449 0.00217386981497614 0.00227651110557052 0.00185801223547081 0.00289552282355154 0.00232537009486159 0.0004325687962135
"ZIMT" 0.00176983067205259 0.00218251221078179 0.00217124254454581 0.00228414584955952 0.0018675554208302 0.00128610869751083 0.000749271392785946 4.60164884173715e-05 0.000397950762005716 0.0020479170485539 0.000838930991012978 0.0012669185497698 0.00191036859056356 0.00216707538777394 0.00359311211591978 0.000908296981097773 0.000558431938502339 -0.000330391689468663 0.0017146585484545 0.00129234151257288 0.00286742344081466 0.00147709112557661 0.00651235029634007 0.00137452837982483 0.00192035605761257 0.00341152686610251 0.0014718161424053 0.00150716402369496 4.04179176511659e-05 0.00134396921924664 0.0020513264248981 0.00239196156539414 0.00288973733650296 0.000359838383175792 0.00417021944934963 4.69960272457926e-05 0.00210093976483105 0.000925183724419508
"ZIZYGO" 0.00175491682242637 0.00229242735304254 0.00301426384740188 0.00189186382517429 0.000168326966460108 0.000929150983945235 -1.4916864929393e-05 0.000854532917029972 0.000188302807531962 0.00183903914481265 0.00165482382209672 0.00125353758168733 0.00214555394940252 0.00220703240429247 0.0033401865161207 0.000790037969398306 0.000675123003829592 0.000427343348261719 0.000447299843358861 0.000844562331323345 0.00157431063636596 0.00157126555997485 0.00137452837982483 0.00702052741663637 0.00238439198976829 0.00265553833932659 0.000718993089499915 0.00164724685237813 0.000357541680014929 0.00130506176064749 -0.000310313979795991 0.00149771577899164 0.00296899522532757 0.00116978653265488 0.00344406075752441 0.00178153607857608 0.00271697411808916 0.000967154473863695
"ZITSP" 0.000732645507861987 0.00104071177581797 0.00116378512267123 0.00130137882526089 0.000312530373498407 0.00012671787529329 0.00114258416909194 0.00141160193332453 0.00121965364535483 0.00129790163471305 0.00143322346165479 0.00127048201894592 0.00042786322501557 0.00124498942585053 0.0029922777871366 0.00100591783316609 0.000375552382248617 -1.3623386712614e-05 0.00220815709835003 0.000518408211534556 0.00141977581619838 0.00253115141535974 0.00192035605761257 0.00238439198976829 0.00594726190111997 0.00233248430372449 0.00152827531370407 0.00122599983176507 0.000977247669144655 0.000851736296087847 0.00173078509182171 0.00302340041042901 0.00216958407106367 0.000380364747502657 0.00191557464562256 0.000401380522197071 0.00163651371066824 -0.000143606318463553
"MTPNS" 0.00335316082330441 0.00357025138286732 0.00598953690541324 0.00254823551066734 0.00274430371735754 0.00110592136782281 -0.00134897620009903 7.18352086546159e-05 0.00184096232598058 0.00307038771834572 0.00229163792725818 0.00198308332786438 0.00276126894563572 0.00311538704497665 0.00476484984702527 0.00137083926163907 0.00100634847787963 0.000798944332602425 0.00225471637101384 0.000433396409935432 0.00380723882523066 0.00269326372291372 0.00341152686610251 0.00265553833932659 0.00233248430372449 0.0126393469783175 -0.00283119041973512 0.00186384472558556 0.000329564023324519 0.00246716448367106 0.00242627281277589 0.00288246816077979 0.00390426307462824 0.000891740576264874 0.00451645104905787 0.00193846903040525 0.00255049353053493 0.0015272431176754
"PNSAPET" 0.00142164267360525 0.000591608312918459 -0.00232186315235166 0.000922832450999355 0.000881959268521278 0.000358479234257143 0.0017936756335417 0.000533318110152931 0.000443389220481162 0.00098284391646804 0.000795020212463599 0.000596071174515729 0.000884519770115299 0.000307767736659411 0.00285530273891358 0.000227650783137258 0.000741927058590673 0.000521333585701389 0.00195155308253617 0.0011790506393938 0.00107744878902911 0.0011024727238962 0.0014718161424053 0.000718993089499915 0.00152827531370407 -0.00283119041973512 0.0117389436948409 0.000747334335145132 -0.000368293896002628 0.000702636488503707 0.00236231312458652 0.00171016230819869 0.000297630239115837 0.00130752746580668 -0.000293108919302269 0.000724456946463684 0.00111203209253567 0.00112726125944634
"APETBA" 0.00070865623493951 0.000489978488168703 0.000745138607818238 0.0012984682330848 0.00118590019707377 0.000491885487280976 0.0018550358203026 0.00154758141214801 0.00131340362227202 0.00113608794261062 0.000874349626467421 0.00122438837794396 0.0012773181411254 0.00181492911380629 0.00222444554005446 0.000653955834791998 0.0017464368031184 0.000450833969278725 0.00136834868017795 0.000581738793942104 0.00154580090695403 0.00172091119660886 0.00150716402369496 0.00164724685237813 0.00122599983176507 0.00186384472558556 0.000747334335145132 0.00573105707451289 0.00265344473117943 0.00182350162966618 0.000980715615399296 0.00172164775945943 0.00232132836914673 0.00116586788020884 0.00221845022548274 0.00106573528512911 0.00163139920738132 -0.000760704771968694
"APETTS" 0.00156252819734155 -0.000751827647556509 0.000861183927358287 0.000358744917796091 0.00125852710832832 0.00080445804771288 0.00198823979394422 0.00189560044849007 0.00215249386215085 0.00236655047504416 0.00142829873812113 0.00165042968728739 0.00207434724094994 0.00140313127188721 0.0024324657263684 0.0010339838832945 0.000667492247217287 0.000379778440795041 0.00135164758930064 0.000394198775087619 0.000356044486992563 0.00221018906943661 4.04179176511659e-05 0.000357541680014929 0.000977247669144655 0.000329564023324519 -0.000368293896002628 0.00265344473117943 0.0236166171571237 0.00131780908307213 0.000694489685066454 0.00183854968861939 0.0016974669803775 0.00461899975402498 -0.000899500744092324 0.0014121229337771 -0.000714833363695188 3.37246934812213e-05
"BAEAM" 0.00174254743274452 0.00136307612430791 0.00188530008067916 0.00114798229731078 0.00132483557784506 0.000937474981970166 -7.04824152090443e-05 0.000547120436867457 0.00114584468507754 0.00181801958040513 0.00136956101407923 0.00120227815437472 0.00197427613367127 0.00198786579823392 0.00255874957071295 0.000813450287456584 0.00119414538266897 0.000815353001904908 0.00143533163895921 0.000706432600670542 0.00142278081409988 0.00183666998367113 0.00134396921924664 0.00130506176064749 0.000851736296087847 0.00246716448367106 0.000702636488503707 0.00182350162966618 0.00131780908307213 0.00245605814856639 0.000982740862745661 0.00169271295614994 0.00235534854000176 0.00260622081917152 0.00240544362916092 0.00165024979349326 0.00219245294753461 0.000536968417148064
"EAMZYGO" 0.00144127906766425 0.00143796791849352 0.00162695197098194 0.000975528577866745 0.00107420299958643 0.0010869733108235 0.000266975624020468 -8.18487597317362e-05 0.0008320656590568 0.00149788344130995 0.000597386338458678 0.000913828423541748 0.00126611756836851 0.000609516247435789 0.00271844897446029 -8.04451687753336e-05 0.000214130421963378 0.000678599673088449 0.00237948433660353 0.000607392996396325 0.00125748005493329 0.00130130718679927 0.0020513264248981 -0.000310313979795991 0.00173078509182171 0.00242627281277589 0.00236231312458652 0.000980715615399296 0.000694489685066454 0.000982740862745661 0.00603068056710456 0.00237998331074865 0.00140637112856613 0.00116763212202198 0.00168349016845881 0.000652935487197655 -0.000223382171774644 0.0002186052868339
"ZYGOTSP" 0.00153134768482519 0.00157505987666434 0.00127584861108612 0.00130227431981635 0.0010710260608246 0.000575729922026656 0.00022377400879556 0.000728012358454935 0.00146175592979394 0.0022250990259891 0.00147938935481945 0.0010549429339703 0.00179379821840042 0.001848654860798 0.00315676001716741 0.000666329566294472 0.000549574782373727 0.00141830687954623 0.00386122164860381 0.00073405580742143 0.001975576845976 0.00274454232910449 0.00239196156539414 0.00149771577899164 0.00302340041042901 0.00288246816077979 0.00171016230819869 0.00172164775945943 0.00183854968861939 0.00169271295614994 0.00237998331074865 0.0051815181945805 0.00287318829114791 0.00151768644631243 0.00257961673183837 0.0012004535615632 0.00168847029095177 0.000293726045174886
"LDAS" 0.00275641686400168 0.00279724068832716 0.00308582874537924 0.00210370673188616 0.00168991758810454 0.00122467573091662 -0.000266171915605874 0.00122841613120996 0.00135102444668071 0.00379254518429221 0.00221239950803067 0.00230089926233209 0.00480072836418295 0.00528469341290776 0.00492924583261582 0.0013557272734487 0.000970747564930531 0.000680974274685352 0.00206600203609367 0.000432137030821723 0.00250939235678808 0.00217386981497614 0.00288973733650296 0.00296899522532757 0.00216958407106367 0.00390426307462824 0.000297630239115837 0.00232132836914673 0.0016974669803775 0.00235534854000176 0.00140637112856613 0.00287318829114791 0.00908612059271921 0.00595139988779264 0.00881605662383681 0.00116297802511562 0.00344531257365522 0.000772737845673367
"BRLD" 0.00238266975754377 0.00124868463291337 0.00125400758732036 0.00194800198221068 0.00115863094940674 0.000627929333631722 0.00278129432982191 0.00279271978639413 0.00136971985162783 0.00264214017742904 0.00193730374247707 0.00307781901238046 0.00586425936542282 0.00550608754978349 0.00311952612856139 0.000446239985200123 0.000608768338063246 0.000904370594623027 0.00160039875859331 0.00147758837899665 0.00192914674264124 0.00227651110557052 0.000359838383175792 0.00116978653265488 0.000380364747502657 0.000891740576264874 0.00130752746580668 0.00116586788020884 0.00461899975402498 0.00260622081917152 0.00116763212202198 0.00151768644631243 0.00595139988779264 0.0239517712256308 0.00741517134780629 0.00337570881238343 0.00407708575673559 0.000373104363946219
"OPILD" 0.00272120511372553 0.00376082422115424 0.00406683751596462 0.00302643881753022 0.00212086402516563 0.00150904470666307 0.000110433788514893 0.00133479507411236 0.000776601958167899 0.00408907478790126 0.00230216536180311 0.00249649866579609 0.00626794471018216 0.00669865969412426 0.00569413695817917 0.00083897171098798 0.000885048335804315 -0.000364406662112207 0.00147221597742519 0.00116665908199712 0.00312795665200555 0.00185801223547081 0.00417021944934963 0.00344406075752441 0.00191557464562256 0.00451645104905787 -0.000293108919302269 0.00221845022548274 -0.000899500744092324 0.00240544362916092 0.00168349016845881 0.00257961673183837 0.00881605662383681 0.00741517134780629 0.0150722760770144 0.00113939163663929 0.00670546301367797 -0.000703683608448429
"PTAS" 0.00183988253521415 0.000569345902557546 0.00172095827645694 0.000754005216640818 0.000583351373271739 0.000906396377844907 -0.000177443379168238 0.000137506679482087 0.00114021793679253 0.00227798348988365 0.00129058223015511 0.000865367868639954 0.00228176198665313 0.00181430961439813 -0.000194692746690222 0.000855047788995176 0.00145411063936037 0.00361386456832237 0.00159077051061056 0.000618193745638497 0.000908516772020629 0.00289552282355154 4.69960272457926e-05 0.00178153607857608 0.000401380522197071 0.00193846903040525 0.000724456946463684 0.00106573528512911 0.0014121229337771 0.00165024979349326 0.000652935487197655 0.0012004535615632 0.00116297802511562 0.00337570881238343 0.00113939163663929 0.00595063258851756 0.00323661164893708 0.000932569900906268
"JPAS" 0.00197389431458643 0.00274920532289234 0.00259441458663455 0.00214712254300856 0.00148334918309342 0.000925133361197797 -0.000557099098450676 0.00104900933204948 0.00107443648748266 0.00253689679618473 0.00176230428633066 0.00116373362511675 0.00357434224229899 0.00369538005568108 0.00418921142537315 0.000574904732966402 0.000707351572956513 -0.000351591825966434 0.00111447308344585 0.000753431288062323 0.002010112979907 0.00232537009486159 0.00210093976483105 0.00271697411808916 0.00163651371066824 0.00255049353053493 0.00111203209253567 0.00163139920738132 -0.000714833363695188 0.00219245294753461 -0.000223382171774644 0.00168847029095177 0.00344531257365522 0.00407708575673559 0.00670546301367797 0.00323661164893708 0.0102729817063264 0.000754645561646169
"BAOPI" 0.00136414037121 0.00164236185292177 0.00141451771624541 0.00158987124489481 0.00128150206889006 0.000776088872661993 0.000469500758455295 0.000413619646451631 2.25164164377557e-06 0.00164749208406681 0.000490288657544822 0.000755095355779546 0.00170279299323369 0.001601229955528 0.00177781779991611 0.000900970732019084 0.00027577162920829 0.00060381426571575 0.000494848654057293 -6.18023233082048e-05 0.00108889301588378 0.0004325687962135 0.000925183724419508 0.000967154473863695 -0.000143606318463553 0.0015272431176754 0.00112726125944634 -0.000760704771968694 3.37246934812213e-05 0.000536968417148064 0.0002186052868339 0.000293726045174886 0.000772737845673367 0.000373104363946219 -0.000703683608448429 0.000932569900906268 0.000754645561646169 0.00751588219416065
