"" "ISPM" "ISNSL" "ISPNS" "PMZS" "PMZI" "PMMT" "NSLNA" "NSLZS" "NSLZI" "NABR" "NAFM" "NAPNS" "BRPT" "BRAPET" "PTFM" "PTAPET" "PTBA" "PTEAM" "PTZYGO" "FMZS" "FMMT" "ZSZI" "ZIMT" "ZIZYGO" "ZITSP" "MTPNS" "PNSAPET" "APETBA" "APETTS" "BAEAM" "EAMZYGO" "ZYGOTSP" "LDAS" "BRLD" "OPILD" "PTAS" "JPAS" "BAOPI"
"ISPM" 0.00776193951287877 -2.45709264818884e-05 0.0027986198388293 0.000555004324796163 0.000618534381699105 0.00160236356702578 -0.000736257690678286 0.000642899977381597 0.000791461651514058 -0.000464045398166753 0.00112674917483258 0.000239355479177838 -7.53869170302676e-05 -4.33698177550292e-05 0.000252023143800094 -6.90988996862162e-05 0.000338188920598075 -0.000221359858415156 0.000228361366747571 0.000380020176954728 0.000574877913777114 0.00105982210648091 0.00130059331714629 0.00101441343663547 0.000289580446774297 0.00149220303195095 0.00104588270320604 0.00148361952231928 0.000489789327194782 0.000468090163491941 0.000941259215182394 9.66529938652219e-05 0.000237743660631635 0.000575927808645673 0.000300972741237705 0.000149614464186306 0.000859163451203667 0.000246797238751507
"ISNSL" -2.45709264818884e-05 0.00593016711896991 0.00134082994616402 0.00304514191916004 0.00146545701652078 0.000526230880067193 -0.00174585897162083 0.00142511448521456 0.00206634351568718 0.000778533785290997 0.00103618096505139 0.00151405070000263 0.000552115268354612 0.000850088288361605 0.00142815278469253 0.00115831178711001 0.000792277293133466 0.000876317566047607 0.00178464892363689 0.00132586986096143 0.00150241310479392 0.0023204253112539 0.000703328341651279 8.6760120767054e-05 0.0015677477601115 0.000435945063747788 0.000408200750931187 0.000208957511091422 0.000773221702380117 0.000694728970399106 0.00133788881865188 0.00141626408402518 0.00114274643405872 0.000763816978046484 0.000762316369297045 0.000720470352622352 0.000174080432636749 0.00122654847521011
"ISPNS" 0.0027986198388293 0.00134082994616402 0.00494446491035339 0.00189772348937399 0.00182234591318983 0.00308440088434211 -0.000958877510375582 0.000997587466237917 0.000464267097531051 -0.00031606888823085 0.00112821344790266 0.000663918473641457 -0.00040858451117716 -0.000201512638651069 0.00175838420879524 0.000211930162960836 0.000235495014783126 -5.80275226810823e-05 0.000386637391296826 0.000423832207767929 0.00097826350811555 -4.098664800067e-05 0.00129522493538612 0.0022085942651617 0.000936562324333651 0.00150789336674992 0.000107266246418864 0.000973043212690131 0.000502487345211855 0.000249847017646521 0.00131064759351601 0.000898888663772485 0.000171693621396822 0.000144666780378491 0.000253330595672376 8.92012203285064e-05 0.000713063390909387 0.000835102214946486
"PMZS" 0.000555004324796163 0.00304514191916004 0.00189772348937399 0.00588578331622602 0.00365958032800282 0.00216290041221731 0.00324607839983606 0.000676627084104866 0.00111227714352006 0.000744048246787659 0.000938329362805523 0.00108549170510417 8.35546798282205e-05 0.00077129187486341 0.00237533410179752 0.00119300272319221 0.000828784581280099 0.000640944217587871 0.0019151505246399 0.000288927986164198 0.00221722010996877 0.00255681744806776 0.00238455024844108 0.00130699682794498 0.0015710080076178 0.0022033110633987 0.00186842633488798 0.000556108169633778 0.000779450942610296 0.000669801918730531 0.000795148329040083 0.00167765704839846 0.000354977441648114 0.00044042575414564 0.000662478511615845 0.000517147657510361 0.00127412070894981 0.000571146914197579
"PMZI" 0.000618534381699105 0.00146545701652078 0.00182234591318983 0.00365958032800282 0.00455294709599238 0.00236481139930804 0.000310493928689526 0.000686156283385859 0.00141289317848709 0.00037679336243013 0.000776027723074734 0.000611310226757645 -0.000170421030960952 0.000431888886866879 0.00182867771772411 0.000915660194311597 0.000721887316764218 0.000390259717554388 0.00113523248294112 0.000165316762219927 0.00138954995307822 0.00220673910336887 0.00210881856051918 -0.00120591617847764 0.000458010395094549 0.00208383331706573 0.00158870235434099 0.000899899612837225 0.000894846030352627 0.000644958864404881 0.00129438708939716 0.00148053614844368 0.000126880906249399 0.000209251295804454 0.00045418197588325 7.10319076999493e-05 0.00104056610506654 0.000229240464202552
"PMMT" 0.00160236356702578 0.000526230880067193 0.00308440088434211 0.00216290041221731 0.00236481139930804 0.00409634127193728 -0.000573125581759559 0.000866239965008573 0.000375033417403075 -0.000202885205565466 0.00082303639225025 0.000372167122006562 -0.000421855503139675 -0.000260891898567382 0.0016357949995772 6.82054227069677e-06 3.89428531075921e-05 -0.000216830386713704 0.000405389105430355 -4.42841652761695e-05 0.000728363063012571 7.13538894005015e-05 0.00142575138972826 0.00190517286944808 0.000876858755436865 0.00149425813941059 0.0017319887703641 0.000858963654429033 0.000414450698332064 0.000172917741060794 0.000589859391972503 0.000996132787406538 0.000106707255492301 9.05941408723216e-05 0.000211322629964478 -0.000177074364083842 0.000495471567792662 0.000197442002028397
"NSLNA" -0.000736257690678286 -0.00174585897162083 -0.000958877510375582 0.00324607839983606 0.000310493928689526 -0.000573125581759559 0.0210885119924153 0.000868973719760819 -5.11500614829665e-05 0.000218358800124754 -0.00015342585946042 0.00131284346251661 0.000165494736658991 -0.000103208198889107 -0.000302780678791191 0.000128895975689259 -2.53587713865124e-05 -4.84406287442127e-06 0.000199695772930147 0.000705021730357349 0.00155765822946527 0.00145712832164012 0.00103636961880988 0.00231060696482369 0.00068948066417695 0.0011501754844691 0.00146987437491646 -0.000588260405124086 -0.000242922592623088 -8.29065540101633e-05 -0.00222730898356047 -5.25074635425134e-05 -0.000481318042223642 -0.0014281400944458 -3.20408887873075e-05 0.000279230323844831 0.000895352251756617 0.000625222920028328
"NSLZS" 0.000642899977381597 0.00142511448521456 0.000997587466237917 0.000676627084104866 0.000686156283385859 0.000866239965008573 0.000868973719760819 0.00930244745984825 0.00274023354574333 0.000441252885073756 0.0025980890940861 0.000624346682591232 0.000258627542545863 -0.000389472451110128 -1.06349509424638e-07 -8.37544340454553e-05 -0.000204954819344121 -0.000199143692591711 0.000831741591035719 -0.000699566508176794 0.000205791866572952 -0.00447713633710878 -0.00052727302271329 0.000708518004418225 0.000786784127080304 0.000698574428328142 0.000697350210588125 0.000584466864632695 0.00111357101396965 0.000371372118966117 0.00073238391150135 0.000480233386334529 0.000391237184382056 0.000304677142093911 -0.000277656861543181 0.000259103157624801 0.000326880062107735 0.00122858541284493
"NSLZI" 0.000791461651514058 0.00206634351568718 0.000464267097531051 0.00111227714352006 0.00141289317848709 0.000375033417403075 -5.11500614829665e-05 0.00274023354574333 0.00315796814223186 0.000586651245962009 0.00144377227528615 0.00117181633316544 0.000588879420530961 0.000513821519262395 7.13798051590609e-05 0.000531384872328196 0.000444336473296004 0.000543118285564228 0.00111239691702442 0.000650894855992876 0.00070202397033667 0.00348562203971923 2.41710014228137e-05 -0.000912038804402245 0.00077239234377926 0.001068528086714 0.000132490550629554 0.000236405667110081 0.000943923353984613 0.000789937652002849 0.000848319260211838 0.00084408346463653 0.000685575214613047 0.000435529522149391 0.000384040491498309 0.000373774835651536 0.000388695182835693 0.000471605862714747
"NABR" -0.000464045398166753 0.000778533785290997 -0.00031606888823085 0.000744048246787659 0.00037679336243013 -0.000202885205565466 0.000218358800124754 0.000441252885073756 0.000586651245962009 0.00224921925201781 0.000559535020826391 0.000783653447155138 0.00154132570288686 0.00150778440733554 0.00191132588472484 0.000945152567291952 0.000591495933412749 0.000649808662722754 0.00119193173967523 0.000448980903248461 0.000768470977515671 0.000931898966826345 0.000634698908230603 0.000436278316368686 0.000763083020307521 6.06455460985981e-05 0.00027220721009965 -4.48705388780829e-05 0.00080980013082139 0.000535434300174537 0.000239821177810323 0.000741575475331576 0.000572939888970944 0.000690919477188437 0.000600517476782467 0.000664838755189967 0.000720699881203765 0.000513847305919858
"NAFM" 0.00112674917483258 0.00103618096505139 0.00112821344790266 0.000938329362805523 0.000776027723074734 0.00082303639225025 -0.00015342585946042 0.0025980890940861 0.00144377227528615 0.000559535020826391 0.00249630987887103 0.000950707746511707 0.000534507677960475 0.000215706212708188 0.000319397249889408 0.000239375364273965 0.000209403988357616 5.96809869106974e-05 0.000646546060917825 0.00110157723748366 0.000847531605709996 0.0003924690304464 0.000784560829931626 0.00206380016045329 0.000715798370713675 0.000952704811137559 0.000822703221110402 0.000659696718892575 0.00101710241753777 0.000649703653459835 0.000359002776579759 0.000392342175640468 0.000579274739661093 0.000618792777332094 0.000233667077935915 0.000448229028568975 0.000927645400867615 0.000752923164579582
"NAPNS" 0.000239355479177838 0.00151405070000263 0.000663918473641457 0.00108549170510417 0.000611310226757645 0.000372167122006562 0.00131284346251661 0.000624346682591232 0.00117181633316544 0.000783653447155138 0.000950707746511707 0.00235827646302736 0.000703985295949255 0.000967468968723333 0.000634960457129369 0.000816821926417134 0.000738285400509465 0.000902032254422032 0.000888902957520457 0.000907225098850795 0.00147432475914752 0.00186587247961668 0.00133128863141573 0.000954973583332096 0.000876593691802926 0.000178298048262228 0.000458843742134337 0.000396819603837188 0.000794304316884394 0.000662663589558042 0.000773312700052648 0.000833324996727301 0.000306725633461053 0.00059890809686694 0.000431161946551954 0.000691444708114024 0.000494127598202708 0.000558404144027304
"BRPT" -7.53869170302676e-05 0.000552115268354612 -0.00040858451117716 8.35546798282205e-05 -0.000170421030960952 -0.000421855503139675 0.000165494736658991 0.000258627542545863 0.000588879420530961 0.00154132570288686 0.000534507677960475 0.000703985295949255 0.00242708373049673 0.0014211123427153 -0.000950852372897253 0.00028148602521661 0.000319479836611987 0.000374120441608267 -0.00028951257933296 0.000453423270878679 0.00051269143660452 0.000960146359071526 0.000333905090734243 0.000304086949947012 -0.000217985294045845 0.000343030784738811 0.000121439506243149 0.000128830335461915 0.000854892752123076 0.000588068393758544 0.000529706483925884 -0.00050684163556113 0.000844093176088262 0.000824516418461967 0.000535126412866466 0.000749187256739054 0.000285280371018604 0.000540631629821799
"BRAPET" -4.33698177550292e-05 0.000850088288361605 -0.000201512638651069 0.00077129187486341 0.000431888886866879 -0.000260891898567382 -0.000103208198889107 -0.000389472451110128 0.000513821519262395 0.00150778440733554 0.000215706212708188 0.000967468968723333 0.0014211123427153 0.00223563266839252 0.00113809616237569 0.00108414050716296 0.00105372040129282 0.000917901959122143 0.00119592863034034 0.000330314321785783 0.00078028065329421 0.0016176272007487 0.000832719069624495 0.000230163659939458 0.00075578420158094 5.29566012352777e-05 -0.000538342436250127 0.000981718652888683 0.000695297066156309 0.000764337104726524 0.000599290439756365 0.000945140493971615 0.000501837233681199 0.00123853096637208 0.0011009802614579 0.000552444943020438 0.00107412701866199 0.000302298404002278
"PTFM" 0.000252023143800094 0.00142815278469253 0.00175838420879524 0.00237533410179752 0.00182867771772411 0.0016357949995772 -0.000302780678791191 -1.06349509424638e-07 7.13798051590609e-05 0.00191132588472484 0.000319397249889408 0.000634960457129369 -0.000950852372897253 0.00113809616237569 0.0137911049250573 0.00301159765198435 0.00143602777194557 -0.000403801636528845 0.00456301557452157 -0.000167755780861119 0.00118006770600821 0.000361550545228953 0.00201491684795505 0.00158327069048483 0.00407042179168026 0.000330448997217747 0.00162358984798716 -0.000275865757507641 0.000379709643556984 0.000895529346531931 0.00122759889286697 0.00471477562970234 0.000265820638370093 0.001379124324536 0.000978096090210267 -0.000761074275395936 0.00191152499613806 0.000548105973510864
"PTAPET" -6.90988996862162e-05 0.00115831178711001 0.000211930162960836 0.00119300272319221 0.000915660194311597 6.82054227069677e-06 0.000128895975689259 -8.37544340454553e-05 0.000531384872328196 0.000945152567291952 0.000239375364273965 0.000816821926417134 0.00028148602521661 0.00108414050716296 0.00301159765198435 0.00254250004745049 0.001769440420201 0.00180405691744272 0.00266962465618193 0.000462575794718791 0.00107374642181661 0.00124409133074696 0.00123798871393381 -0.000144135123004736 0.00133476796631114 -1.19523640292294e-05 0.000190433273270942 -0.000218567520954902 0.000674088187303965 0.000714371948294762 0.000970867351391302 0.00201548923039497 0.000476786387848629 0.000538889438496084 0.000610265558269587 0.000812113747786948 0.000707915901726582 0.000344808607725251
"PTBA" 0.000338188920598075 0.000792277293133466 0.000235495014783126 0.000828784581280099 0.000721887316764218 3.89428531075921e-05 -2.53587713865124e-05 -0.000204954819344121 0.000444336473296004 0.000591495933412749 0.000209403988357616 0.000738285400509465 0.000319479836611987 0.00105372040129282 0.00143602777194557 0.001769440420201 0.00193697160046169 0.00185939179150567 0.00214308799940871 0.000431964724839619 0.000841904479370991 0.00112112945371174 0.00110496423922409 3.06903229444458e-05 0.00120462189002016 0.000121114753235965 0.000320050798594907 0.00165717610812699 0.00065186646142886 0.00101136119829252 0.00116104019470978 0.00187348543886599 0.00034496795978759 0.000551826776914533 0.000746762488979936 0.000904641929426783 0.000672150625774167 0.000369513641271498
"PTEAM" -0.000221359858415156 0.000876317566047607 -5.80275226810823e-05 0.000640944217587871 0.000390259717554388 -0.000216830386713704 -4.84406287442127e-06 -0.000199143692591711 0.000543118285564228 0.000649808662722754 5.96809869106974e-05 0.000902032254422032 0.000374120441608267 0.000917901959122143 -0.000403801636528845 0.00180405691744272 0.00185939179150567 0.003702206349268 0.00283801930501594 0.000371544281769009 0.0010660757908864 0.00136180075593453 0.000982826462551423 -2.21309646718205e-05 0.00112075923698794 0.000185431530391246 0.000197743464013163 0.000827343957859929 0.000799441523485841 0.000498349631433549 0.00163204089298624 0.00197405025932903 0.000359919377204623 0.000230721070150063 0.000500065910358844 0.00172511824401465 0.000219120021215292 0.000343946287572011
"PTZYGO" 0.000228361366747571 0.00178464892363689 0.000386637391296826 0.0019151505246399 0.00113523248294112 0.000405389105430355 0.000199695772930147 0.000831741591035719 0.00111239691702442 0.00119193173967523 0.000646546060917825 0.000888902957520457 -0.00028951257933296 0.00119592863034034 0.00456301557452157 0.00266962465618193 0.00214308799940871 0.00283801930501594 0.00588103069351697 0.000344123455994727 0.00140055023640058 0.00173076237593854 0.00144333727656888 0.000230175020374726 0.00311539602777308 0.000665246972757604 0.00118704159934195 0.000878559523679107 0.000766372705079347 0.000798725827889329 0.00147067478954701 0.00477430872666326 0.000769211166622166 0.000756504224695994 0.000945741835701908 0.000999562299955178 0.00116564248989625 0.000250188288153644
"FMZS" 0.000380020176954728 0.00132586986096143 0.000423832207767929 0.000288927986164198 0.000165316762219927 -4.42841652761695e-05 0.000705021730357349 -0.000699566508176794 0.000650894855992876 0.000448980903248461 0.00110157723748366 0.000907225098850795 0.000453423270878679 0.000330314321785783 -0.000167755780861119 0.000462575794718791 0.000431964724839619 0.000371544281769009 0.000344123455994727 0.00289612832226533 0.00113201760214111 0.00195515081076047 0.000546552847891152 0.00144832893205698 0.000598892421491058 7.87012151669239e-05 0.000314825911737366 0.000391361547095373 0.000651714613916008 0.000517272112919943 -8.275205382045e-05 0.000220813996088761 0.000518277970411584 0.000400952253397814 0.000282116584800284 0.000372046646571734 0.00054107110930765 0.000778955114598106
"FMMT" 0.000574877913777114 0.00150241310479392 0.00097826350811555 0.00221722010996877 0.00138954995307822 0.000728363063012571 0.00155765822946527 0.000205791866572952 0.00070202397033667 0.000768470977515671 0.000847531605709996 0.00147432475914752 0.00051269143660452 0.00078028065329421 0.00118006770600821 0.00107374642181661 0.000841904479370991 0.0010660757908864 0.00140055023640058 0.00113201760214111 0.00296637031828697 0.00165689028843984 0.0032408687667733 0.00124084466980779 0.000862036741834886 0.0010628396878663 0.00107307918088416 0.000177941465689334 0.000802131222156134 0.000604920540778951 0.000858783503799331 0.00103558045795775 8.68520301439165e-05 0.000624135908039269 0.000266086939857148 0.000843490895154497 0.00112779607515205 0.000671623169392065
"ZSZI" 0.00105982210648091 0.0023204253112539 -4.098664800067e-05 0.00255681744806776 0.00220673910336887 7.13538894005015e-05 0.00145712832164012 -0.00447713633710878 0.00348562203971923 0.000931898966826345 0.0003924690304464 0.00186587247961668 0.000960146359071526 0.0016176272007487 0.000361550545228953 0.00124409133074696 0.00112112945371174 0.00136180075593453 0.00173076237593854 0.00195515081076047 0.00165689028843984 0.0129593738320653 0.000923961365816064 -0.00142583390184836 0.00108712087461579 0.0017976465338731 -0.000113287910621761 -0.000346772971424257 0.000684159565688701 0.00119084740981406 0.000431040945161703 0.00125683709486843 0.00102458396439258 0.00050003938662405 0.00133336186229434 0.000586192653820033 0.000880406693859725 -0.000547307176426921
"ZIMT" 0.00130059331714629 0.000703328341651279 0.00129522493538612 0.00238455024844108 0.00210881856051918 0.00142575138972826 0.00103636961880988 -0.00052727302271329 2.41710014228137e-05 0.000634698908230603 0.000784560829931626 0.00133128863141573 0.000333905090734243 0.000832719069624495 0.00201491684795505 0.00123798871393381 0.00110496423922409 0.000982826462551423 0.00144333727656888 0.000546552847891152 0.0032408687667733 0.000923961365816064 0.00727151705994208 0.000609086078137598 0.000852313808419687 -0.000421058736034205 0.00171533498010486 0.000715657151222317 0.00093277689982435 0.000786987800273988 0.00214952928218007 0.00155314116478936 1.41740276622282e-05 0.000723714072206587 0.000379620230815378 0.000751684858913413 0.00113131445653 0.000521150112663067
"ZIZYGO" 0.00101441343663547 8.6760120767054e-05 0.0022085942651617 0.00130699682794498 -0.00120591617847764 0.00190517286944808 0.00231060696482369 0.000708518004418225 -0.000912038804402245 0.000436278316368686 0.00206380016045329 0.000954973583332096 0.000304086949947012 0.000230163659939458 0.00158327069048483 -0.000144135123004736 3.06903229444458e-05 -2.21309646718205e-05 0.000230175020374726 0.00144832893205698 0.00124084466980779 -0.00142583390184836 0.000609086078137598 0.0141625971913388 0.00253797739626836 0.00111169066173666 0.00242616604834211 0.00153932486071328 0.00103428727172312 0.000654857650175532 -0.00341033977288089 -0.000416803216282284 0.000180511886038245 0.000326688615493452 0.00036243332523285 0.00082734984806934 0.00181563378392645 0.000814732664200543
"ZITSP" 0.000289580446774297 0.0015677477601115 0.000936562324333651 0.0015710080076178 0.000458010395094549 0.000876858755436865 0.00068948066417695 0.000786784127080304 0.00077239234377926 0.000763083020307521 0.000715798370713675 0.000876593691802926 -0.000217985294045845 0.00075578420158094 0.00407042179168026 0.00133476796631114 0.00120462189002016 0.00112075923698794 0.00311539602777308 0.000598892421491058 0.000862036741834886 0.00108712087461579 0.000852313808419687 0.00253797739626836 0.0061491917838571 0.000222901716172109 0.0022214576111451 0.000926460561331995 0.000148126882720503 0.00054475710403944 0.000621290570741807 0.00575426009588484 0.000492941242853427 0.00100518157503271 0.000727863486454162 0.000514145590482588 0.000859675554707848 0.000616053429539107
"MTPNS" 0.00149220303195095 0.000435945063747788 0.00150789336674992 0.0022033110633987 0.00208383331706573 0.00149425813941059 0.0011501754844691 0.000698574428328142 0.001068528086714 6.06455460985981e-05 0.000952704811137559 0.000178298048262228 0.000343030784738811 5.29566012352777e-05 0.000330448997217747 -1.19523640292294e-05 0.000121114753235965 0.000185431530391246 0.000665246972757604 7.87012151669239e-05 0.0010628396878663 0.0017976465338731 -0.000421058736034205 0.00111169066173666 0.000222901716172109 0.00887719051754767 -0.000245408784699711 0.000780633634396475 0.000980861706759658 0.000952018305259477 0.000740166856844134 0.000707024472844542 -9.88147246856264e-05 -0.000170970807811761 3.98607983786998e-05 0.000543280041437512 0.00174797645951118 0.000237158988691795
"PNSAPET" 0.00104588270320604 0.000408200750931187 0.000107266246418864 0.00186842633488798 0.00158870235434099 0.0017319887703641 0.00146987437491646 0.000697350210588125 0.000132490550629554 0.00027220721009965 0.000822703221110402 0.000458843742134337 0.000121439506243149 -0.000538342436250127 0.00162358984798716 0.000190433273270942 0.000320050798594907 0.000197743464013163 0.00118704159934195 0.000314825911737366 0.00107307918088416 -0.000113287910621761 0.00171533498010486 0.00242616604834211 0.0022214576111451 -0.000245408784699711 0.00921473715421155 3.20117364634842e-05 -0.000208725994108785 0.000196120674558001 0.000562224130834207 0.00176153634012899 0.000445184730528607 0.000149352220381573 0.000309844666676867 0.000463510570273131 0.000589214501597696 -1.67817891271338e-05
"APETBA" 0.00148361952231928 0.000208957511091422 0.000973043212690131 0.000556108169633778 0.000899899612837225 0.000858963654429033 -0.000588260405124086 0.000584466864632695 0.000236405667110081 -4.48705388780829e-05 0.000659696718892575 0.000396819603837188 0.000128830335461915 0.000981718652888683 -0.000275865757507641 -0.000218567520954902 0.00165717610812699 0.000827343957859929 0.000878559523679107 0.000391361547095373 0.000177941465689334 -0.000346772971424257 0.000715657151222317 0.00153932486071328 0.000926460561331995 0.000780633634396475 3.20117364634842e-05 0.00748211137243393 0.00170589993010079 0.00135220671677356 0.00169602910737458 0.00141481608959803 0.000235778584604759 0.000680571688674397 0.000978173657096696 0.000434394392514114 0.000974882079990608 0.000529578433325431
"APETTS" 0.000489789327194782 0.000773221702380117 0.000502487345211855 0.000779450942610296 0.000894846030352627 0.000414450698332064 -0.000242922592623088 0.00111357101396965 0.000943923353984613 0.00080980013082139 0.00101710241753777 0.000794304316884394 0.000854892752123076 0.000695297066156309 0.000379709643556984 0.000674088187303965 0.00065186646142886 0.000799441523485841 0.000766372705079347 0.000651714613916008 0.000802131222156134 0.000684159565688701 0.00093277689982435 0.00103428727172312 0.000148126882720503 0.000980861706759658 -0.000208725994108785 0.00170589993010079 0.00398072536517722 0.00151167587124466 0.00152539691368631 0.000473534287386593 0.000622141343324081 0.000565821980959243 0.000509551688170342 0.000814108858654319 0.000782383538341267 0.00115240604592547
"BAEAM" 0.000468090163491941 0.000694728970399106 0.000249847017646521 0.000669801918730531 0.000644958864404881 0.000172917741060794 -8.29065540101633e-05 0.000371372118966117 0.000789937652002849 0.000535434300174537 0.000649703653459835 0.000662663589558042 0.000588068393758544 0.000764337104726524 0.000895529346531931 0.000714371948294762 0.00101136119829252 0.000498349631433549 0.000798725827889329 0.000517272112919943 0.000604920540778951 0.00119084740981406 0.000786987800273988 0.000654857650175532 0.00054475710403944 0.000952018305259477 0.000196120674558001 0.00135220671677356 0.00151167587124466 0.00208791483227318 0.000816361214199229 0.000784377794005446 0.000331527422356126 0.000525710486573745 0.000585447628253533 0.000619455807623399 0.000955347314369528 0.000651600799608145
"EAMZYGO" 0.000941259215182394 0.00133788881865188 0.00131064759351601 0.000795148329040083 0.00129438708939716 0.000589859391972503 -0.00222730898356047 0.00073238391150135 0.000848319260211838 0.000239821177810323 0.000359002776579759 0.000773312700052648 0.000529706483925884 0.000599290439756365 0.00122759889286697 0.000970867351391302 0.00116104019470978 0.00163204089298624 0.00147067478954701 -8.275205382045e-05 0.000858783503799331 0.000431040945161703 0.00214952928218007 -0.00341033977288089 0.000621290570741807 0.000740166856844134 0.000562224130834207 0.00169602910737458 0.00152539691368631 0.000816361214199229 0.00595884970827605 0.00189239294313255 0.000552031783310736 0.00099243434047972 0.000585010852034296 0.000739119074847718 -0.000112878543814692 0.000739154009505133
"ZYGOTSP" 9.66529938652219e-05 0.00141626408402518 0.000898888663772485 0.00167765704839846 0.00148053614844368 0.000996132787406538 -5.25074635425134e-05 0.000480233386334529 0.00084408346463653 0.000741575475331576 0.000392342175640468 0.000833324996727301 -0.00050684163556113 0.000945140493971615 0.00471477562970234 0.00201548923039497 0.00187348543886599 0.00197405025932903 0.00477430872666326 0.000220813996088761 0.00103558045795775 0.00125683709486843 0.00155314116478936 -0.000416803216282284 0.00575426009588484 0.000707024472844542 0.00176153634012899 0.00141481608959803 0.000473534287386593 0.000784377794005446 0.00189239294313255 0.00812877976594518 0.000801586317407458 0.000839913415309517 0.000925534924332732 0.000542975050928627 0.000816410153668232 0.000497895638866437
"LDAS" 0.000237743660631635 0.00114274643405872 0.000171693621396822 0.000354977441648114 0.000126880906249399 0.000106707255492301 -0.000481318042223642 0.000391237184382056 0.000685575214613047 0.000572939888970944 0.000579274739661093 0.000306725633461053 0.000844093176088262 0.000501837233681199 0.000265820638370093 0.000476786387848629 0.00034496795978759 0.000359919377204623 0.000769211166622166 0.000518277970411584 8.68520301439165e-05 0.00102458396439258 1.41740276622282e-05 0.000180511886038245 0.000492941242853427 -9.88147246856264e-05 0.000445184730528607 0.000235778584604759 0.000622141343324081 0.000331527422356126 0.000552031783310736 0.000801586317407458 0.00371378991614211 0.000238722403590947 0.00263873928236134 0.00025961649671747 -0.000449936588570085 0.000840301704479216
"BRLD" 0.000575927808645673 0.000763816978046484 0.000144666780378491 0.00044042575414564 0.000209251295804454 9.05941408723216e-05 -0.0014281400944458 0.000304677142093911 0.000435529522149391 0.000690919477188437 0.000618792777332094 0.00059890809686694 0.000824516418461967 0.00123853096637208 0.001379124324536 0.000538889438496084 0.000551826776914533 0.000230721070150063 0.000756504224695994 0.000400952253397814 0.000624135908039269 0.00050003938662405 0.000723714072206587 0.000326688615493452 0.00100518157503271 -0.000170970807811761 0.000149352220381573 0.000680571688674397 0.000565821980959243 0.000525710486573745 0.00099243434047972 0.000839913415309517 0.000238722403590947 0.00415730613488948 0.000163150983819136 0.00048819073081627 0.000902312185696284 0.000579208347624782
"OPILD" 0.000300972741237705 0.000762316369297045 0.000253330595672376 0.000662478511615845 0.00045418197588325 0.000211322629964478 -3.20408887873075e-05 -0.000277656861543181 0.000384040491498309 0.000600517476782467 0.000233667077935915 0.000431161946551954 0.000535126412866466 0.0011009802614579 0.000978096090210267 0.000610265558269587 0.000746762488979936 0.000500065910358844 0.000945741835701908 0.000282116584800284 0.000266086939857148 0.00133336186229434 0.000379620230815378 0.00036243332523285 0.000727863486454162 3.98607983786998e-05 0.000309844666676867 0.000978173657096696 0.000509551688170342 0.000585447628253533 0.000585010852034296 0.000925534924332732 0.00263873928236134 0.000163150983819136 0.00398981266256105 0.000444060131052619 0.00129839746874717 8.63373310582552e-05
"PTAS" 0.000149614464186306 0.000720470352622352 8.92012203285064e-05 0.000517147657510361 7.10319076999493e-05 -0.000177074364083842 0.000279230323844831 0.000259103157624801 0.000373774835651536 0.000664838755189967 0.000448229028568975 0.000691444708114024 0.000749187256739054 0.000552444943020438 -0.000761074275395936 0.000812113747786948 0.000904641929426783 0.00172511824401465 0.000999562299955178 0.000372046646571734 0.000843490895154497 0.000586192653820033 0.000751684858913413 0.00082734984806934 0.000514145590482588 0.000543280041437512 0.000463510570273131 0.000434394392514114 0.000814108858654319 0.000619455807623399 0.000739119074847718 0.000542975050928627 0.00025961649671747 0.00048819073081627 0.000444060131052619 0.00192222702672086 0.000880970490157058 0.000580027283056088
"JPAS" 0.000859163451203667 0.000174080432636749 0.000713063390909387 0.00127412070894981 0.00104056610506654 0.000495471567792662 0.000895352251756617 0.000326880062107735 0.000388695182835693 0.000720699881203765 0.000927645400867615 0.000494127598202708 0.000285280371018604 0.00107412701866199 0.00191152499613806 0.000707915901726582 0.000672150625774167 0.000219120021215292 0.00116564248989625 0.00054107110930765 0.00112779607515205 0.000880406693859725 0.00113131445653 0.00181563378392645 0.000859675554707848 0.00174797645951118 0.000589214501597696 0.000974882079990608 0.000782383538341267 0.000955347314369528 -0.000112878543814692 0.000816410153668232 -0.000449936588570085 0.000902312185696284 0.00129839746874717 0.000880970490157058 0.0043730814590234 0.000496377602870296
"BAOPI" 0.000246797238751507 0.00122654847521011 0.000835102214946486 0.000571146914197579 0.000229240464202552 0.000197442002028397 0.000625222920028328 0.00122858541284493 0.000471605862714747 0.000513847305919858 0.000752923164579582 0.000558404144027304 0.000540631629821799 0.000302298404002278 0.000548105973510864 0.000344808607725251 0.000369513641271498 0.000343946287572011 0.000250188288153644 0.000778955114598106 0.000671623169392065 -0.000547307176426921 0.000521150112663067 0.000814732664200543 0.000616053429539107 0.000237158988691795 -1.67817891271338e-05 0.000529578433325431 0.00115240604592547 0.000651600799608145 0.000739154009505133 0.000497895638866437 0.000840301704479216 0.000579208347624782 8.63373310582552e-05 0.000580027283056088 0.000496377602870296 0.00503290117020085
