"" "ISPM" "ISNSL" "ISPNS" "PMZS" "PMZI" "PMMT" "NSLNA" "NSLZS" "NSLZI" "NABR" "NAFM" "NAPNS" "BRPT" "BRAPET" "PTFM" "PTAPET" "PTBA" "PTEAM" "PTZYGO" "FMZS" "FMMT" "ZSZI" "ZIMT" "ZIZYGO" "ZITSP" "MTPNS" "PNSAPET" "APETBA" "APETTS" "BAEAM" "EAMZYGO" "ZYGOTSP" "LDAS" "BRLD" "OPILD" "PTAS" "JPAS" "BAOPI"
"ISPM" 0.00993031918566654 0.00666655441680631 0.00607827061942885 0.00247943249923318 0.00173199425297699 0.00119685301010581 0.00104153812094862 0.00164810931362597 0.00154484425330989 -0.000928168747579773 0.00186129540147697 0.00261881245521765 -5.33045743284652e-05 0.0013390019783336 0.00291081848968921 0.00183890692418708 0.00171937958966724 0.00101557254331948 0.00196808382249383 -0.000113796180717005 0.00110937917997458 0.00138276516750184 0.00184384550857008 0.00444238831180714 0.00242636567890429 0.00316123039187536 0.000614606549218148 0.00243280519072557 0.00141979882547988 0.00223298280890807 0.00139936562984941 0.00233205119697275 0.00377629865563532 0.00106085164746656 0.00360640894821897 0.000428603158793016 0.000251815372403491 0.000134856737041338
"ISNSL" 0.00666655441680631 0.01758135967684 0.00845462629166409 0.0088940124895387 0.00571090968865975 0.00337049905833323 0.00520892689932558 0.00237040773327468 0.00319064945632545 0.000426187417102787 0.00379363789778584 0.00299866972851259 -0.00138963858509084 0.00205520857540181 0.00390058484759424 0.00605291995562438 0.00567098878446036 0.00724905693225503 0.00930334443408932 0.00186215171378303 0.00429319832715238 0.00452249093769513 0.00824139890430442 0.00708568616317715 0.0106877046560441 0.0101443358331501 0.00728254769444414 0.00509473914332035 0.00292376012566624 0.00568316590067171 0.00793179298531917 0.00744009624696564 0.000409113260082112 0.00112860237952549 0.00280003465910995 0.00457942087812292 0.00200696788659109 0.00146908533451174
"ISPNS" 0.00607827061942885 0.00845462629166409 0.00659009442289542 0.00472182120825524 0.00380065062470698 0.00261723530664374 0.00378753742078382 0.00168232915160444 0.00253963577731742 0.000276494450178886 0.00294766295575234 0.00383782468416308 -7.29011626760202e-05 0.0019788279486767 0.00474795109420617 0.00380340515270383 0.0038266816895685 0.00361618565727426 0.00458244306653203 0.00245342797011036 0.00347253866253146 0.00342623948300358 0.00494673708786263 0.00559356613595806 0.00533479199211908 0.00624993552281445 0.00368302538193121 0.00423466761684125 0.00352797480608039 0.00391893773110503 0.00519905120829305 0.00392846820170448 0.00161849171084307 0.00132460194154689 0.00294519266269711 0.00268226540661337 0.00210798365376841 0.000867598630520617
"PMZS" 0.00247943249923318 0.0088940124895387 0.00472182120825524 0.00933994604105414 0.00633593332703636 0.00290435228456009 0.0103052893591513 0.00435708218117362 0.00363214781256037 0.000714433118854213 0.00172336226528456 0.00415171450274021 -0.000985510232845328 0.00153221334121795 0.0053063249712797 0.00412713917976005 0.00411602314530764 0.00584008263881825 0.00657115152451187 0.00257110198246751 0.0059329367120302 0.00518856033772362 0.00666593488212812 0.00508740764168337 0.00743518008006607 0.00786728008712669 0.00914736182893435 0.00405044684388012 0.00455337382252216 0.00461138197694426 0.00665277357839676 0.00539280625930001 -0.00129097320320588 0.00180060614590833 0.0005938796293304 0.00407433995563172 0.0027015205376362 0.000854799972851469
"PMZI" 0.00173199425297699 0.00571090968865975 0.00380065062470698 0.00633593332703636 0.00620147292643355 0.00269140016309966 0.00649168048775947 0.00377665260416693 0.00442220445271232 0.000754731622243964 0.0020924717784983 0.00392472986239076 -0.000331271508629648 0.00172174753151028 0.00534106076954575 0.00291871327844385 0.00365729499450729 0.00425186951063051 0.00421126462565813 0.0020429273142137 0.00525297612210996 0.00492763472399523 0.00674181021232403 0.0017736706886239 0.00511692958138134 0.00631657960082279 0.00685126431691726 0.00450348006428962 0.0043283215717041 0.00389032378646268 0.00589011987843851 0.00345939377761599 -0.00130751638449669 0.00251332081230266 0.00100484596078756 0.00335661853632093 0.00300326122443906 0.000297557025268326
"PMMT" 0.00119685301010581 0.00337049905833323 0.00261723530664374 0.00290435228456009 0.00269140016309966 0.00252598670338345 0.00313564136507538 0.00131871843861787 0.00182474614116558 0.000658327801556027 0.00152208219736272 0.00241708244371234 0.00033498531305845 0.00122528953004719 0.00280284985257064 0.00208570241872989 0.00227031707578054 0.00230010793448243 0.00186270672985348 0.00181811613848265 0.00248471272585477 0.00250084345527794 0.00419731999133343 0.00263738551826977 0.00265602730256885 0.0020777442507377 0.00282715033350464 0.00272480122421034 0.00202476442127784 0.0025614162770954 0.00371538117813983 0.00142837910811631 -2.62273971059342e-05 0.00135109774024671 0.00107717526792231 0.00222004323353453 0.00202845318038316 0.00080476254934473
"NSLNA" 0.00104153812094862 0.00520892689932558 0.00378753742078382 0.0103052893591513 0.00649168048775947 0.00313564136507538 0.0214591276547995 0.00633267076704103 0.00444372210261802 -0.000905866312276378 0.00014333033864192 0.0065162505303928 -0.00164566099851809 -4.38440750259796e-05 0.00577980936542801 0.00377420915378437 0.00383015789884062 0.00692118688745333 0.00673472778280689 0.00522936600673857 0.00784323391002444 0.00636633419726083 0.00699924458467661 0.00453594506716277 0.00843353657795423 0.00746712370231075 0.00981141494813062 0.00327454165442439 0.00728582113622528 0.00407317798746353 0.00787210362162722 0.0063508734621399 -0.00176180789471149 0.00136484481856055 -0.000761564382383901 0.0047324884452169 0.00295939800242703 0.00108931299511535
"NSLZS" 0.00164810931362597 0.00237040773327468 0.00168232915160444 0.00435708218117362 0.00377665260416693 0.00131871843861787 0.00633267076704103 0.00754844767916844 0.00401498485144573 6.77449417871425e-05 0.00174699677511723 0.00340226497085049 -0.0007136813317284 0.00086007670076587 0.00193125449527361 0.00242686080532388 0.00290827520559726 0.00372774388791897 0.0035382646244753 -0.00166926032387902 0.00392600612004696 0.00101314664384706 0.00403940374139623 0.00107584992419656 0.00346606789750469 0.00320331820931766 0.00466142931244494 0.00314716423021879 0.00281606887013441 0.00300863595033708 0.00148206647155771 0.002433340083445 -0.000851615488868421 0.00113434987969627 -9.72938985659777e-05 0.00250071261329618 0.00253702272878191 0.000344406700185938
"NSLZI" 0.00154484425330989 0.00319064945632545 0.00253963577731742 0.00363214781256037 0.00442220445271232 0.00182474614116558 0.00444372210261802 0.00401498485144573 0.00466463514286921 0.000739030144554015 0.00195100308063985 0.0032809951171392 -0.000422718408297591 0.00123459880877752 0.00420698190471038 0.00276487900330081 0.0035261067413877 0.00410854324636111 0.00412603501443061 0.000504189126040685 0.00390356092295643 0.00441088529280366 0.00505281554499666 -4.93159650837826e-07 0.00460303809289292 0.00500275704068438 0.00464005691908285 0.00375817738895839 0.00344117750557249 0.00306248183705347 0.00440768816732449 0.00307139355162531 -0.00100448878333801 0.00249983395886511 0.00109046239070397 0.00304233688647003 0.00258963691009981 0.000417177690442544
"NABR" -0.000928168747579773 0.000426187417102787 0.000276494450178886 0.000714433118854213 0.000754731622243964 0.000658327801556027 -0.000905866312276378 6.77449417871425e-05 0.000739030144554015 0.00403886427973314 0.00199973536892237 0.00119445136796953 0.00234038417170158 0.00238520523251015 0.00167183602786412 0.00199346546329669 0.0021371142648573 0.00221890333801976 0.00230797317000831 0.00284147765934439 0.00203031906203287 0.000865261635520103 0.00130842152463597 0.00147833129153145 0.000771196153001701 0.00226951305963029 0.00158956380128354 0.00202420680041702 0.000758659987811239 0.00207822427188372 0.0023208741138532 0.000934346302821646 -7.74392057067547e-05 0.00057683618381893 0.00080882326103523 0.00230688548573751 0.00199936623606379 0.000196712865805539
"NAFM" 0.00186129540147697 0.00379363789778584 0.00294766295575234 0.00172336226528456 0.0020924717784983 0.00152208219736272 0.00014333033864192 0.00174699677511723 0.00195100308063985 0.00199973536892237 0.00498764270838581 0.0035823704582795 0.00230382136653896 0.00261402520608862 0.00227453680900979 0.00285357007381621 0.00333392487007265 0.00268153065488236 0.00277484163779965 0.00181912554995354 0.00235427524137743 0.00109771097515374 0.00222348027163118 0.00316533758397195 0.00268218860971703 0.0040523638484899 0.00311675902200476 0.0038055710171934 0.00258290130763454 0.00346624969904496 0.00314840540164982 0.00269161399737038 0.00211252506180099 0.0020025092525218 0.00189523937344915 0.00286169332280112 0.00229592195835967 0.00103463751190197
"NAPNS" 0.00261881245521765 0.00299866972851259 0.00383782468416308 0.00415171450274021 0.00392472986239076 0.00241708244371234 0.0065162505303928 0.00340226497085049 0.0032809951171392 0.00119445136796953 0.0035823704582795 0.00620112647792218 0.00187898268667145 0.00251904746618751 0.00546470860590817 0.00349999823588047 0.00387065166600791 0.00341798006068853 0.00255566291955427 0.00277983780777902 0.00518641277525516 0.0031456944039031 0.00457471806659641 0.00435702778332428 0.00387860546714296 0.00526741052455256 0.00585520461576076 0.00412501284196369 0.00527144531809672 0.00401031473674588 0.00478597273066957 0.00279349691071397 0.00121687968490166 0.00228807256273791 0.00228533688480942 0.00358769754301286 0.00307600808259146 0.000951111088794058
"BRPT" -5.33045743284652e-05 -0.00138963858509084 -7.29011626760202e-05 -0.000985510232845328 -0.000331271508629648 0.00033498531305845 -0.00164566099851809 -0.0007136813317284 -0.000422718408297591 0.00234038417170158 0.00230382136653896 0.00187898268667145 0.00598597607358364 0.0034411052687093 -0.00155998109077243 -0.00149558596992535 -0.000595606011680292 -0.00225179842531501 -0.00386072763228553 0.00144195499175974 0.000683089006133945 -0.00103316154990602 -0.000356644964621738 -0.000131990028076457 -0.0021193290050723 -0.000811561906405563 -0.00121598678929908 0.000644989288000743 -0.000529169918765318 0.00117637247503786 -0.000515609104094059 -0.000525477070432927 0.00392386304195023 0.00115780373086761 0.00323522339376054 0.0006219134037569 0.00175604187556582 0.000941440603431197
"BRAPET" 0.0013390019783336 0.00205520857540181 0.0019788279486767 0.00153221334121795 0.00172174753151028 0.00122528953004719 -4.38440750259796e-05 0.00086007670076587 0.00123459880877752 0.00238520523251015 0.00261402520608862 0.00251904746618751 0.0034411052687093 0.0037255151175277 0.0011790653332481 0.00154663417780654 0.00198995798117587 0.00142134340040458 0.000975897644926166 0.00191163968481155 0.00245358178272188 0.000848809747478326 0.00198730633343233 0.00179395431693562 0.00117970844372026 0.00272256395262104 0.000962586479720111 0.00255024942596874 0.00103747816711202 0.00279225541637038 0.00205584815623257 0.00152833785835349 0.00271189110023201 0.00210251416331327 0.00372106114313798 0.00234691251943355 0.0028237073071083 0.000846995742158596
"PTFM" 0.00291081848968921 0.00390058484759424 0.00474795109420617 0.0053063249712797 0.00534106076954575 0.00280284985257064 0.00577980936542801 0.00193125449527361 0.00420698190471038 0.00167183602786412 0.00227453680900979 0.00546470860590817 -0.00155998109077243 0.0011790653332481 0.0127352027561717 0.00502807140869797 0.00475466109331461 0.00434035252346705 0.0054340474207817 0.00392308102592607 0.00612104338475206 0.00657449992002956 0.00586582321382829 0.00628699802154073 0.00482560667253814 0.00733936198098228 0.00831428939740114 0.00521462230840769 0.00737120780832323 0.00390208852361232 0.00658950892538498 0.00303311194801574 -0.00155696576709225 0.00104232219536418 0.00136922593983277 0.00276542353178597 0.00264891341052317 -0.000226157583410422
"PTAPET" 0.00183890692418708 0.00605291995562438 0.00380340515270383 0.00412713917976005 0.00291871327844385 0.00208570241872989 0.00377420915378437 0.00242686080532388 0.00276487900330081 0.00199346546329669 0.00285357007381621 0.00349999823588047 -0.00149558596992535 0.00154663417780654 0.00502807140869797 0.00697830054843094 0.00617890793799396 0.00756958535919891 0.00884767830975133 0.00230704889222956 0.00437884670317292 0.00337373609843754 0.00512940463176528 0.0056941249240303 0.00729307658796309 0.00727717772244815 0.00613593304255606 0.00425049813232446 0.00406007534709949 0.00405253222056895 0.00666338996248809 0.00481559724141167 -0.00201014147302503 0.00122980627654912 0.000769245124079782 0.00488355963610484 0.00258684937031047 0.00100126723098873
"PTBA" 0.00171937958966724 0.00567098878446036 0.0038266816895685 0.00411602314530764 0.00365729499450729 0.00227031707578054 0.00383015789884062 0.00290827520559726 0.0035261067413877 0.0021371142648573 0.00333392487007265 0.00387065166600791 -0.000595606011680292 0.00198995798117587 0.00475466109331461 0.00617890793799396 0.00620348729307214 0.00720038713795844 0.00788512881093703 0.00249376539627483 0.00468432487242713 0.0037735449170453 0.00578752622983859 0.00456814382391124 0.00716669015952886 0.00726916601315133 0.0062254448970239 0.00506627052281933 0.00409354455211174 0.00427802211260397 0.00669461547422958 0.00497513352423111 -0.00167712060321123 0.00198458883380295 0.0012845327636756 0.00501713098496458 0.0030583171344135 0.00114322603050313
"PTEAM" 0.00101557254331948 0.00724905693225503 0.00361618565727426 0.00584008263881825 0.00425186951063051 0.00230010793448243 0.00692118688745333 0.00372774388791897 0.00410854324636111 0.00221890333801976 0.00268153065488236 0.00341798006068853 -0.00225179842531501 0.00142134340040458 0.00434035252346705 0.00756958535919891 0.00720038713795844 0.0109323501764551 0.0120224532138663 0.00296969882762765 0.0052914260966794 0.00484232112935921 0.00678675913158654 0.00475371064253753 0.00992703628500856 0.00878480190655302 0.00737209755491923 0.00482153563841994 0.00424277892152182 0.00470139937456781 0.00839493129577614 0.00763361008230869 -0.00295271051097148 0.00287649041096658 0.000493524569787488 0.00685752133867126 0.00302140295037531 0.00155036410031984
"PTZYGO" 0.00196808382249383 0.00930334443408932 0.00458244306653203 0.00657115152451187 0.00421126462565813 0.00186270672985348 0.00673472778280689 0.0035382646244753 0.00412603501443061 0.00230797317000831 0.00277484163779965 0.00255566291955427 -0.00386072763228553 0.000975897644926166 0.0054340474207817 0.00884767830975133 0.00788512881093703 0.0120224532138663 0.0164568205141895 0.00362943197758068 0.00526095873881681 0.00558517455517783 0.00516576807843234 0.00702872119907547 0.0118528178723989 0.011402353728268 0.00818706621813645 0.00508414059008204 0.00452312456635964 0.00480289411535644 0.0087602836641368 0.0101484195557382 -0.00307014748525264 0.00193262047599309 -5.36238496701096e-05 0.00645099734775321 0.00229095238716181 0.000522774370693503
"FMZS" -0.000113796180717005 0.00186215171378303 0.00245342797011036 0.00257110198246751 0.0020429273142137 0.00181811613848265 0.00522936600673857 -0.00166926032387902 0.000504189126040685 0.00284147765934439 0.00181912554995354 0.00277983780777902 0.00144195499175974 0.00191163968481155 0.00392308102592607 0.00230704889222956 0.00249376539627483 0.00296969882762765 0.00362943197758068 0.0101062905414863 0.00474063093595919 0.00268954903873676 0.00253827072947945 0.00488128167235159 0.00319149492076738 0.00466760530022215 0.00279719421101937 0.00310315889834008 0.0033871995658582 0.00236744300148223 0.00584910711975662 0.00301263093718296 3.19027732782395e-05 0.00108190628080279 0.000686676867213694 0.00292009116394907 0.00199747380698144 0.000134142692067732
"FMMT" 0.00110937917997458 0.00429319832715238 0.00347253866253146 0.0059329367120302 0.00525297612210996 0.00248471272585477 0.00784323391002444 0.00392600612004696 0.00390356092295643 0.00203031906203287 0.00235427524137743 0.00518641277525516 0.000683089006133945 0.00245358178272188 0.00612104338475206 0.00437884670317292 0.00468432487242713 0.0052914260966794 0.00526095873881681 0.00474063093595919 0.00773514696823484 0.00388638095307175 0.00701434040548186 0.00509274797998265 0.00615680885425967 0.00812243044482863 0.00785973817613936 0.00477927155740389 0.00574526345602945 0.00433928176449058 0.00650146595407978 0.00394575579338948 -0.00174965196386502 0.00134399925466966 0.00102849605117378 0.00417584826577189 0.00368802303492423 0.000282458617942479
"ZSZI" 0.00138276516750184 0.00452249093769513 0.00342623948300358 0.00518856033772362 0.00492763472399523 0.00250084345527794 0.00636633419726083 0.00101314664384706 0.00441088529280366 0.000865261635520103 0.00109771097515374 0.0031456944039031 -0.00103316154990602 0.000848809747478326 0.00657449992002956 0.00337373609843754 0.0037735449170453 0.00484232112935921 0.00558517455517783 0.00268954903873676 0.00388638095307175 0.00883995401449936 0.00486670853907337 0.00115294957412098 0.00691841759666176 0.00646459000441312 0.00647301965515481 0.00382247295138166 0.00461078553427945 0.00309367257043686 0.00751120141811948 0.00464655239742226 -0.00164857290866553 0.00303187991109068 0.000747631183252173 0.0033817680423761 0.00212291392568235 0.00149728021132817
"ZIMT" 0.00184384550857008 0.00824139890430442 0.00494673708786263 0.00666593488212812 0.00674181021232403 0.00419731999133343 0.00699924458467661 0.00403940374139623 0.00505281554499666 0.00130842152463597 0.00222348027163118 0.00457471806659641 -0.000356644964621738 0.00198730633343233 0.00586582321382829 0.00512940463176528 0.00578752622983859 0.00678675913158654 0.00516576807843234 0.00253827072947945 0.00701434040548186 0.00486670853907337 0.0141859564210368 0.00284345189792651 0.007979289560877 0.00680989700557505 0.00816799272386745 0.00533116521240764 0.00528344531904678 0.00520289004457289 0.0100830830004098 0.00350621590124 -0.00392363087874319 0.00113013424285786 0.000916646038084844 0.00522575786994586 0.00411442896840685 0.00205383220023777
"ZIZYGO" 0.00444238831180714 0.00708568616317715 0.00559356613595806 0.00508740764168337 0.0017736706886239 0.00263738551826977 0.00453594506716277 0.00107584992419656 -4.93159650837826e-07 0.00147833129153145 0.00316533758397195 0.00435702778332428 -0.000131990028076457 0.00179395431693562 0.00628699802154073 0.0056941249240303 0.00456814382391124 0.00475371064253753 0.00702872119907547 0.00488128167235159 0.00509274797998265 0.00115294957412098 0.00284345189792651 0.0164757552858868 0.00584013169887903 0.00731285768664148 0.00775945199601528 0.00381340040571903 0.00389313475794382 0.00425430817880981 0.00184429499154727 0.00530669429587599 0.000544776930338571 -0.000613785664420909 0.00100852304918094 0.00295381116986915 0.00158990272965505 0.000158367268659794
"ZITSP" 0.00242636567890429 0.0106877046560441 0.00533479199211908 0.00743518008006607 0.00511692958138134 0.00265602730256885 0.00843353657795423 0.00346606789750469 0.00460303809289292 0.000771196153001701 0.00268218860971703 0.00387860546714296 -0.0021193290050723 0.00117970844372026 0.00482560667253814 0.00729307658796309 0.00716669015952886 0.00992703628500856 0.0118528178723989 0.00319149492076738 0.00615680885425967 0.00691841759666176 0.007979289560877 0.00584013169887903 0.014190904974483 0.0111986658315497 0.0098536628886566 0.00500559058581187 0.00500811392524683 0.00485609493106702 0.0101811200467379 0.00969202356993874 -0.00284940696109336 0.00207016608117985 0.00109314611619839 0.00602939439137795 0.00212412360646793 0.00201954079143976
"MTPNS" 0.00316123039187536 0.0101443358331501 0.00624993552281445 0.00786728008712669 0.00631657960082279 0.0020777442507377 0.00746712370231075 0.00320331820931766 0.00500275704068438 0.00226951305963029 0.0040523638484899 0.00526741052455256 -0.000811561906405563 0.00272256395262104 0.00733936198098228 0.00727717772244815 0.00726916601315133 0.00878480190655302 0.011402353728268 0.00466760530022215 0.00812243044482863 0.00646459000441312 0.00680989700557505 0.00731285768664148 0.0111986658315497 0.0156667121519622 0.0102972183928522 0.00586247820997447 0.00687627942563301 0.00543642728768603 0.00915644970669041 0.00835532282721194 -0.00187974114622124 0.00207681570600522 0.00196693607621702 0.00556722819249745 0.00316449869532407 -0.000161565027523451
"PNSAPET" 0.000614606549218148 0.00728254769444414 0.00368302538193121 0.00914736182893435 0.00685126431691726 0.00282715033350464 0.00981141494813062 0.00466142931244494 0.00464005691908285 0.00158956380128354 0.00311675902200476 0.00585520461576076 -0.00121598678929908 0.000962586479720111 0.00831428939740114 0.00613593304255606 0.0062254448970239 0.00737209755491923 0.00818706621813645 0.00279719421101937 0.00785973817613936 0.00647301965515481 0.00816799272386745 0.00775945199601528 0.0098536628886566 0.0102972183928522 0.0181983207188457 0.00461948394385166 0.00658062689613055 0.00492366351205266 0.00894948513968988 0.00560611905735879 -0.00542696095476087 0.00149306989146199 -0.00238215968659123 0.00524244877397414 0.00173510799321926 0.000823690404251106
"APETBA" 0.00243280519072557 0.00509473914332035 0.00423466761684125 0.00405044684388012 0.00450348006428962 0.00272480122421034 0.00327454165442439 0.00314716423021879 0.00375817738895839 0.00202420680041702 0.0038055710171934 0.00412501284196369 0.000644989288000743 0.00255024942596874 0.00521462230840769 0.00425049813232446 0.00506627052281933 0.00482153563841994 0.00508414059008204 0.00310315889834008 0.00477927155740389 0.00382247295138166 0.00533116521240764 0.00381340040571903 0.00500559058581187 0.00586247820997447 0.00461948394385166 0.00708225313284961 0.00421771845278694 0.00423884502503636 0.00578247751887007 0.00412140049397079 -0.000352684975159271 0.00144804842689401 0.0017425858177758 0.00345915563633552 0.00351301860859944 0.000791501469945125
"APETTS" 0.00141979882547988 0.00292376012566624 0.00352797480608039 0.00455337382252216 0.0043283215717041 0.00202476442127784 0.00728582113622528 0.00281606887013441 0.00344117750557249 0.000758659987811239 0.00258290130763454 0.00527144531809672 -0.000529169918765318 0.00103747816711202 0.00737120780832323 0.00406007534709949 0.00409354455211174 0.00424277892152182 0.00452312456635964 0.0033871995658582 0.00574526345602945 0.00461078553427945 0.00528344531904678 0.00389313475794382 0.00500811392524683 0.00687627942563301 0.00658062689613055 0.00421771845278694 0.00807437283070904 0.00328448779025286 0.00651428201514741 0.00331050299382489 -0.000797637267915334 0.000961405806232055 0.000378460882057106 0.00283430308391602 0.00248581343476125 0.00101431235898978
"BAEAM" 0.00223298280890807 0.00568316590067171 0.00391893773110503 0.00461138197694426 0.00389032378646268 0.0025614162770954 0.00407317798746353 0.00300863595033708 0.00306248183705347 0.00207822427188372 0.00346624969904496 0.00401031473674588 0.00117637247503786 0.00279225541637038 0.00390208852361232 0.00405253222056895 0.00427802211260397 0.00470139937456781 0.00480289411535644 0.00236744300148223 0.00433928176449058 0.00309367257043686 0.00520289004457289 0.00425430817880981 0.00485609493106702 0.00543642728768603 0.00492366351205266 0.00423884502503636 0.00328448779025286 0.00489725468668335 0.00524884877878962 0.00378817783689209 0.000835269615128773 0.00225489474461361 0.00208725360314211 0.00400706478694512 0.00331401755776771 0.000981942492607395
"EAMZYGO" 0.00139936562984941 0.00793179298531917 0.00519905120829305 0.00665277357839676 0.00589011987843851 0.00371538117813983 0.00787210362162722 0.00148206647155771 0.00440768816732449 0.0023208741138532 0.00314840540164982 0.00478597273066957 -0.000515609104094059 0.00205584815623257 0.00658950892538498 0.00666338996248809 0.00669461547422958 0.00839493129577614 0.0087602836641368 0.00584910711975662 0.00650146595407978 0.00751120141811948 0.0100830830004098 0.00184429499154727 0.0101811200467379 0.00915644970669041 0.00894948513968988 0.00578247751887007 0.00651428201514741 0.00524884877878962 0.0156208134731091 0.00593775098497029 -0.00315437397302155 0.00219882590504954 0.000659025598908672 0.00601693243368556 0.00287590624112871 0.00172118427513627
"ZYGOTSP" 0.00233205119697275 0.00744009624696564 0.00392846820170448 0.00539280625930001 0.00345939377761599 0.00142837910811631 0.0063508734621399 0.002433340083445 0.00307139355162531 0.000934346302821646 0.00269161399737038 0.00279349691071397 -0.000525477070432927 0.00152833785835349 0.00303311194801574 0.00481559724141167 0.00497513352423111 0.00763361008230869 0.0101484195557382 0.00301263093718296 0.00394575579338948 0.00464655239742226 0.00350621590124 0.00530669429587599 0.00969202356993874 0.00835532282721194 0.00560611905735879 0.00412140049397079 0.00331050299382489 0.00378817783689209 0.00593775098497029 0.0102237588275 0.000361089916136848 0.00244630439826863 0.0021391077489079 0.00463224194795317 0.00164513056692428 0.00136386261656277
"LDAS" 0.00377629865563532 0.000409113260082112 0.00161849171084307 -0.00129097320320588 -0.00130751638449669 -2.62273971059342e-05 -0.00176180789471149 -0.000851615488868421 -0.00100448878333801 -7.74392057067547e-05 0.00211252506180099 0.00121687968490166 0.00392386304195023 0.00271189110023201 -0.00155696576709225 -0.00201014147302503 -0.00167712060321123 -0.00295271051097148 -0.00307014748525264 3.19027732782395e-05 -0.00174965196386502 -0.00164857290866553 -0.00392363087874319 0.000544776930338571 -0.00284940696109336 -0.00187974114622124 -0.00542696095476087 -0.000352684975159271 -0.000797637267915334 0.000835269615128773 -0.00315437397302155 0.000361089916136848 0.00923459808747613 0.0021987055176277 0.00642462731000975 -0.000857892265514739 0.0007152870856048 0.00102705786008771
"BRLD" 0.00106085164746656 0.00112860237952549 0.00132460194154689 0.00180060614590833 0.00251332081230266 0.00135109774024671 0.00136484481856055 0.00113434987969627 0.00249983395886511 0.00057683618381893 0.0020025092525218 0.00228807256273791 0.00115780373086761 0.00210251416331327 0.00104232219536418 0.00122980627654912 0.00198458883380295 0.00287649041096658 0.00193262047599309 0.00108190628080279 0.00134399925466966 0.00303187991109068 0.00113013424285786 -0.000613785664420909 0.00207016608117985 0.00207681570600522 0.00149306989146199 0.00144804842689401 0.000961405806232055 0.00225489474461361 0.00219882590504954 0.00244630439826863 0.0021987055176277 0.00649318203192161 0.00289718311592008 0.00346593427963872 0.00193436145318219 0.00107112281413336
"OPILD" 0.00360640894821897 0.00280003465910995 0.00294519266269711 0.0005938796293304 0.00100484596078756 0.00107717526792231 -0.000761564382383901 -9.72938985659777e-05 0.00109046239070397 0.00080882326103523 0.00189523937344915 0.00228533688480942 0.00323522339376054 0.00372106114313798 0.00136922593983277 0.000769245124079782 0.0012845327636756 0.000493524569787488 -5.36238496701096e-05 0.000686676867213694 0.00102849605117378 0.000747631183252173 0.000916646038084844 0.00100852304918094 0.00109314611619839 0.00196693607621702 -0.00238215968659123 0.0017425858177758 0.000378460882057106 0.00208725360314211 0.000659025598908672 0.0021391077489079 0.00642462731000975 0.00289718311592008 0.00864756573688922 0.00170188997346158 0.00274437854697031 0.00101271045227362
"PTAS" 0.000428603158793016 0.00457942087812292 0.00268226540661337 0.00407433995563172 0.00335661853632093 0.00222004323353453 0.0047324884452169 0.00250071261329618 0.00304233688647003 0.00230688548573751 0.00286169332280112 0.00358769754301286 0.0006219134037569 0.00234691251943355 0.00276542353178597 0.00488355963610484 0.00501713098496458 0.00685752133867126 0.00645099734775321 0.00292009116394907 0.00417584826577189 0.0033817680423761 0.00522575786994586 0.00295381116986915 0.00602939439137795 0.00556722819249745 0.00524244877397414 0.00345915563633552 0.00283430308391602 0.00400706478694512 0.00601693243368556 0.00463224194795317 -0.000857892265514739 0.00346593427963872 0.00170188997346158 0.00574902380687661 0.00328581687844014 0.00176518635747199
"JPAS" 0.000251815372403491 0.00200696788659109 0.00210798365376841 0.0027015205376362 0.00300326122443906 0.00202845318038316 0.00295939800242703 0.00253702272878191 0.00258963691009981 0.00199936623606379 0.00229592195835967 0.00307600808259146 0.00175604187556582 0.0028237073071083 0.00264891341052317 0.00258684937031047 0.0030583171344135 0.00302140295037531 0.00229095238716181 0.00199747380698144 0.00368802303492423 0.00212291392568235 0.00411442896840685 0.00158990272965505 0.00212412360646793 0.00316449869532407 0.00173510799321926 0.00351301860859944 0.00248581343476125 0.00331401755776771 0.00287590624112871 0.00164513056692428 0.0007152870856048 0.00193436145318219 0.00274437854697031 0.00328581687844014 0.00515999696671277 0.00170865750703598
"BAOPI" 0.000134856737041338 0.00146908533451174 0.000867598630520617 0.000854799972851469 0.000297557025268326 0.00080476254934473 0.00108931299511535 0.000344406700185938 0.000417177690442544 0.000196712865805539 0.00103463751190197 0.000951111088794058 0.000941440603431197 0.000846995742158596 -0.000226157583410422 0.00100126723098873 0.00114322603050313 0.00155036410031984 0.000522774370693503 0.000134142692067732 0.000282458617942479 0.00149728021132817 0.00205383220023777 0.000158367268659794 0.00201954079143976 -0.000161565027523451 0.000823690404251106 0.000791501469945125 0.00101431235898978 0.000981942492607395 0.00172118427513627 0.00136386261656277 0.00102705786008771 0.00107112281413336 0.00101271045227362 0.00176518635747199 0.00170865750703598 0.00536638435812276
