"" "ISPM" "ISNSL" "ISPNS" "PMZS" "PMZI" "PMMT" "NSLNA" "NSLZS" "NSLZI" "NABR" "NAFM" "NAPNS" "BRPT" "BRAPET" "PTFM" "PTAPET" "PTBA" "PTEAM" "PTZYGO" "FMZS" "FMMT" "ZSZI" "ZIMT" "ZIZYGO" "ZITSP" "MTPNS" "PNSAPET" "APETBA" "APETTS" "BAEAM" "EAMZYGO" "ZYGOTSP" "LDAS" "BRLD" "OPILD" "PTAS" "JPAS" "BAOPI"
"ISPM" 0.00777291269221271 0.00601829085096919 0.00443145547948918 0.00435767847057776 0.00188416109835707 8.4046550642049e-05 0.00399898714758806 0.00483229549413527 0.00187769180589475 0.0012590068569256 0.000801379768350109 0.00254933973980774 0.000882803728503674 0.00129164535611171 0.00212033782305578 0.000709737229829191 0.00107442573866268 0.000994069262328138 0.000536064543085291 0.000195722060424374 0.00248841932867561 0.0017596379333896 0.0027522959928155 0.00430576968387671 0.00231227537828436 0.00475833289160788 0.00100178189886217 0.00159173253339304 0.00161929138386802 0.00168649537281965 -0.00162188708640932 0.00085527798296698 0.000662815883625906 0.00313161286431574 0.00118539516864225 0.00226524654880178 0.00065239557119951 0.000718248345509409
"ISNSL" 0.00601829085096919 0.00995420542042961 0.00616324193521136 0.00792015729589357 0.00447380061741653 0.00112989616874971 0.00391822358053639 0.00491826581620922 0.00270164966124457 0.00241751888635183 0.00174637047614683 0.00415598414076954 0.00181189299875487 0.00271835534229188 0.00329711466429923 0.00136082227620271 0.00157694266696758 0.0014261576283678 0.00218158978044954 0.00225218146022768 0.00493415835726791 0.00340800234594049 0.00408693304503206 0.00568577517985593 0.00412538693555688 0.00778573249189783 0.00346964982632673 0.0021368654826618 0.0012206155592091 0.00213494889835209 0.000806336015640803 0.00208803579039263 0.00169729676592425 0.00537862637891786 0.00233363398083742 0.00365498136301576 0.00170536330374859 0.00170346658858574
"ISPNS" 0.00443145547948918 0.00616324193521136 0.00513954437229309 0.00551580096353539 0.00321619364078149 0.000872280022810193 0.00378209042404966 0.0043739348299075 0.00196136215918835 0.00130112337776182 0.00130277712663988 0.00282312237836251 0.00101983943443915 0.00183081602760699 0.00316276860403736 0.000446995817667912 0.000695731268649927 6.4054134865996e-05 0.000672993417645824 0.00118908534320263 0.00314500040077028 0.00200825234307489 0.0027999114066451 0.00379605050504267 0.00279428285469152 0.00614731563522461 0.000104970176711681 0.00167375062566209 0.000368424243475871 0.0014908119167179 0.000764405657362144 0.000901139008277755 0.000732691741629768 0.00233078924913916 0.00191474573005848 0.00155098887806754 0.000836943074855223 0.000939196052399883
"PMZS" 0.00435767847057776 0.00792015729589357 0.00551580096353539 0.00888250156544287 0.00514660664352169 0.00175018888669186 0.00685601730882716 0.00547388687487367 0.00276330992677888 0.00200562669779133 0.00141632015143843 0.00355451581357141 0.00181080642780808 0.00254611303504708 0.00291760704686962 0.000508910208328976 0.000904048497313453 0.000514960317354165 0.00144813436395395 0.00329200097524544 0.00449940727271268 0.00486946831557561 0.00269506500058968 0.00421780041252127 0.00296865218613471 0.0068239721137093 0.00348273621919334 0.00213524678299855 0.00102864916564347 0.00215577143602242 0.00288369153166765 0.00171467954455288 0.00167810533882239 0.00226400055341097 0.00339879924448643 0.00232921709773346 0.00200783248121921 0.00143817700942391
"PMZI" 0.00188416109835707 0.00447380061741653 0.00321619364078149 0.00514660664352169 0.00425963517299075 0.00159847292263989 0.00343667575222743 0.00291915953298066 0.00255477196115688 0.00138387235190296 0.00131838857335882 0.00212876593055365 0.00114610194291969 0.00166613438427703 0.00184632026242689 0.000428730939108988 0.000490721070635877 0.000378768323150949 0.00139195401057001 0.00222741019421695 0.00269975508987256 0.00353261364042726 0.00177143298190222 0.00186397669962751 0.00170648368035996 0.00446088233402629 0.00266205476292203 0.00107920440576723 0.000310724571654769 0.00118032042498999 0.00256232606575288 0.00122515749942525 0.00130031336668793 0.00142017693598724 0.00242661121332211 0.00177244811319465 0.00151616655261751 0.000901649469310119
"PMMT" 8.4046550642049e-05 0.00112989616874971 0.000872280022810193 0.00175018888669186 0.00159847292263989 0.00205365908258945 0.00112111180959511 0.000834312455341238 0.00101314346089262 0.000854369024719309 0.000632475874461862 0.000527158262839354 0.000598474825426375 0.000638241598525384 0.000483220161196295 0.000594123308107837 0.000457196471790684 0.00039211702952822 0.000689000364490575 0.00108069095023921 0.000510771360658906 0.0015379146846622 0.00148921124004411 0.00061772882829543 0.000934292919850927 -0.000177023351000648 0.000998309557502886 0.000891745297110788 0.000373457470373666 0.000861621268462047 0.00251424746000167 0.000699796270738509 0.00061640017239373 -0.000965156905484794 0.000993199645643603 0.000509948661251841 0.000577679703615221 0.000321096897183828
"NSLNA" 0.00399898714758806 0.00391822358053639 0.00378209042404966 0.00685601730882716 0.00343667575222743 0.00112111180959511 0.0151599137246848 0.00777143324368726 0.00205101561902285 -0.00166198951747698 0.000650346753637319 0.00272914321001385 0.000511678162360368 0.000173376306489986 -0.000269788811246645 -0.0015132011894189 -0.000314544104979153 -0.00202949907947663 -0.00201440012511779 0.00284838330948164 0.00172171291657712 0.00320629718117412 -0.00119334967614538 0.000843542455358941 0.000339745031796564 0.00295724447558964 0.000874221938873355 0.00297617341674515 0.00182788581220956 0.00154983661035789 0.00184047702899772 -0.000272121249440619 -0.00120833851160601 -0.00310870331030742 0.00243637982304256 -0.00080817337822758 4.36418778509067e-06 -0.000993840247478639
"NSLZS" 0.00483229549413527 0.00491826581620922 0.0043739348299075 0.00547388687487367 0.00291915953298066 0.000834312455341238 0.00777143324368726 0.00836748518931743 0.00277272527678283 0.000178702172632263 0.0011019113054853 0.00215755175290131 0.00104744960556607 0.0011154642733809 0.00074602151421112 -7.2330774596708e-05 0.000605915833790569 -0.000302235619274115 -0.000170177685075751 -5.96577360431662e-06 0.0030221203970156 0.000986264935983348 0.00184849827945227 0.00268256320466575 0.00110236979165003 0.00531318380630593 0.000883995381115859 0.00194345329981344 0.000986627760008204 0.00185381356453403 0.00108051357580833 0.000782844455102546 0.000518736943823375 0.00100745547777499 0.002850343120227 0.00169465192052452 0.00158503469387634 0.000657988217544731
"NSLZI" 0.00187769180589475 0.00270164966124457 0.00196136215918835 0.00276330992677888 0.00255477196115688 0.00101314346089262 0.00205101561902285 0.00277272527678283 0.00244049065745715 0.00117577192220753 0.00104396609375852 0.00143353373627792 0.00130939695012523 0.00128335080086293 0.000546791827477221 0.000398648366846488 0.00050337484522743 0.000631975079651313 0.00107216896621257 0.000426768238902311 0.00170716911511372 0.00238224541513054 0.00186677222644483 0.000946811024464945 0.000991159745134656 0.00309748140542688 0.00127810345672375 0.000724288643111405 0.000298028166655454 0.000951822600836905 0.00129930885161954 0.00130924612630795 0.000913994089401211 0.00107645004536489 0.00182170384876453 0.00175627135279723 0.00128533652873792 0.000358912761635718
"NABR" 0.0012590068569256 0.00241751888635183 0.00130112337776182 0.00200562669779133 0.00138387235190296 0.000854369024719309 -0.00166198951747698 0.000178702172632263 0.00117577192220753 0.00340471060606252 0.000643300533657062 0.000984513393251983 0.00161070803857435 0.00186240555995978 0.00227320743536771 0.00181665812905729 0.0012876074459088 0.0026532228615449 0.00265141194166149 0.000663432973283986 0.002008813105673 0.00237083366326839 0.00219796045402151 0.00221533947490873 0.00148873125822614 0.00314871332611909 0.00162545123444168 0.000195475507970246 0.000294559442678767 0.000941978819783376 0.00119960870222494 0.00204414254442969 0.00158300681154031 0.00147247885692567 0.00149366026677747 0.00224278160155123 0.00163912838463084 0.00122240514549745
"NAFM" 0.000801379768350109 0.00174637047614683 0.00130277712663988 0.00141632015143843 0.00131838857335882 0.000632475874461862 0.000650346753637319 0.0011019113054853 0.00104396609375852 0.000643300533657062 0.00169955449509802 0.00159262988428006 0.000585205223748411 0.000834623498716036 0.00106377481190002 0.000256588916892204 0.000224408802080991 0.000271921663434056 0.000845816314517799 0.000506663544162347 0.00127335851621636 0.000820962388584913 0.00121815954996984 0.00117985879245096 0.00119594334984868 0.00287499548228791 0.000725491496987469 0.000474500161040346 -4.55983108187808e-05 0.000916609401551311 0.000868898586483495 0.00104896388256523 0.000260933839474322 0.00103583203134406 0.000581154021633086 0.000790855875851348 0.000417971705036665 0.000160781617353949
"NAPNS" 0.00254933973980774 0.00415598414076954 0.00282312237836251 0.00355451581357141 0.00212876593055365 0.000527158262839354 0.00272914321001385 0.00215755175290131 0.00143353373627792 0.000984513393251983 0.00159262988428006 0.00382477152894881 0.00150891841544091 0.00160024163603146 0.000810158767544034 0.000397084324494501 0.000790840483442275 0.000678336155693146 0.000710238320472807 0.00120030175743973 0.00276721001267132 0.00216742476477934 0.00208244546025902 0.00231070208710462 0.00179486479575743 0.00413337666569331 0.000908291768932395 0.00145238320618695 8.04177212016939e-05 0.00139953214855797 0.000982249934844574 0.00144177345727331 0.000249621915407719 0.00089139141660422 0.00101888673447446 0.00141881951649719 5.23410800779568e-05 0.000166659799251149
"BRPT" 0.000882803728503674 0.00181189299875487 0.00101983943443915 0.00181080642780808 0.00114610194291969 0.000598474825426375 0.000511678162360368 0.00104744960556607 0.00130939695012523 0.00161070803857435 0.000585205223748411 0.00150891841544091 0.00355247066281159 0.00171167753228796 -0.00104203545439439 -0.000872378605710815 -0.000252854832409207 -0.000223220063489229 -0.00145146361312995 0.000602263824148875 0.00172629721309442 0.00215489503732369 0.00175428729620191 -0.000233852368277853 0.000596504535091561 0.00195206151319121 -0.000407001829723402 0.000370265923053576 -0.0001839945998713 0.000866462278688703 0.000649231811334114 0.000331039896176172 0.000704171200902177 1.62232923351651e-05 0.00126152461197983 0.000694039757276069 0.00125428956973492 0.000181829912788659
"BRAPET" 0.00129164535611171 0.00271835534229188 0.00183081602760699 0.00254611303504708 0.00166613438427703 0.000638241598525384 0.000173376306489986 0.0011154642733809 0.00128335080086293 0.00186240555995978 0.000834623498716036 0.00160024163603146 0.00171167753228796 0.00224169883625049 0.00199644168458716 0.000756958709745149 0.000688635845414401 0.00100549499007633 0.00143178554856156 0.000566325230855937 0.00207217297881009 0.00213909858922257 0.00244545267322664 0.00217235691547261 0.00156565629240764 0.00331951298813892 0.000506018456672795 0.000858921400402348 0.00017151057701746 0.000959475972259764 5.462707740106e-05 0.00164927574907313 0.00142277854398824 0.00173321496864451 0.00210685894916389 0.00156814031974169 0.00143107022234476 -5.18157773458704e-05
"PTFM" 0.00212033782305578 0.00329711466429923 0.00316276860403736 0.00291760704686962 0.00184632026242689 0.000483220161196295 -0.000269788811246645 0.00074602151421112 0.000546791827477221 0.00227320743536771 0.00106377481190002 0.000810158767544034 -0.00104203545439439 0.00199644168458716 0.00982626270352194 0.00215103168712588 0.000930762742828938 0.000129374726480136 0.00353547356673451 0.00118554469590455 0.00273902162921481 0.0013966317364906 0.00253296919336345 0.00604927352208636 0.00294068931552787 0.00599262460273574 0.000418623378692898 0.00137227930912771 0.00204925097126095 0.00135147777663544 -0.00028241755292996 0.00283767833377476 0.00163620882275445 0.00319132881638602 0.000632685454150439 0.000433278105831174 0.000598555777116776 0.00164650514914702
"PTAPET" 0.000709737229829191 0.00136082227620271 0.000446995817667912 0.000508910208328976 0.000428730939108988 0.000594123308107837 -0.0015132011894189 -7.2330774596708e-05 0.000398648366846488 0.00181665812905729 0.000256588916892204 0.000397084324494501 -0.000872378605710815 0.000756958709745149 0.00215103168712588 0.00401763795879385 0.00270137193946365 0.00408233019438866 0.00472630070128354 -0.00043946594668637 0.000769048641806807 0.00016907628462385 0.00164683935451219 0.00230356097061468 0.000745712094383999 0.00105840295811088 0.00209731878325006 0.000490240592937423 0.00113919900672627 0.000618076272671583 0.000664854162644144 0.00250246018682398 0.00155228917692952 0.00220499523638384 0.000363384955289087 0.00237922504856003 0.000541735978539996 0.000173302621103974
"PTBA" 0.00107442573866268 0.00157694266696758 0.000695731268649927 0.000904048497313453 0.000490721070635877 0.000457196471790684 -0.000314544104979153 0.000605915833790569 0.00050337484522743 0.0012876074459088 0.000224408802080991 0.000790840483442275 -0.000252854832409207 0.000688635845414401 0.000930762742828938 0.00270137193946365 0.00229354787525274 0.00334587999835671 0.0031830578278479 -0.000276749058364594 0.000956754642482558 0.000343287211317338 0.00144758890244652 0.00193448697092397 0.000726841220538134 0.00118612265283176 0.00156269199537612 0.00127666850351362 0.000875432580740594 0.00076243814227534 0.000663194350191152 0.00172890316225177 0.000959194707152336 0.00146684715106851 0.000718429302302258 0.0022379043952825 0.000559653751162326 -0.000150695470821791
"PTEAM" 0.000994069262328138 0.0014261576283678 6.4054134865996e-05 0.000514960317354165 0.000378768323150949 0.00039211702952822 -0.00202949907947663 -0.000302235619274115 0.000631975079651313 0.0026532228615449 0.000271921663434056 0.000678336155693146 -0.000223220063489229 0.00100549499007633 0.000129374726480136 0.00408233019438866 0.00334587999835671 0.0068049953997416 0.00553875205932496 -0.00077604973151339 0.000858538433683033 0.000862382488785488 0.00198674835535028 0.00246826932069156 0.0004184530769196 0.00146994784625404 0.00376744819123221 0.000492037828451464 0.000349502660648115 0.000673079214031347 0.000611130687390475 0.00242220504549315 0.0015922531492741 0.00276418880480103 0.0015355535324816 0.00429982884048087 0.00129105955288318 -0.000320100888571488
"PTZYGO" 0.000536064543085291 0.00218158978044954 0.000672993417645824 0.00144813436395395 0.00139195401057001 0.000689000364490575 -0.00201440012511779 -0.000170177685075751 0.00107216896621257 0.00265141194166149 0.000845816314517799 0.000710238320472807 -0.00145146361312995 0.00143178554856156 0.00353547356673451 0.00472630070128354 0.0031830578278479 0.00553875205932496 0.00777838578969769 -0.000261437932764242 0.00146418183855537 0.0012978938296929 0.00138880528949188 0.00378260253457347 0.00152761142382957 0.00300565472462564 0.00366522495035068 0.000536647595140198 0.000786734363386821 0.000894877863198972 0.000548663534446482 0.00439217472431665 0.00207523657644984 0.0030170110211697 0.00134567964332859 0.00325955375383017 0.00152479134769774 0.000208621218209733
"FMZS" 0.000195722060424374 0.00225218146022768 0.00118908534320263 0.00329200097524544 0.00222741019421695 0.00108069095023921 0.00284838330948164 -5.96577360431662e-06 0.000426768238902311 0.000663432973283986 0.000506663544162347 0.00120030175743973 0.000602263824148875 0.000566325230855937 0.00118554469590455 -0.00043946594668637 -0.000276749058364594 -0.00077604973151339 -0.000261437932764242 0.00502887499534628 0.00205135471272912 0.0025947526246456 -1.65891806468438e-06 0.00168071604294261 0.00142421771995738 0.00140942069303564 0.00275770634410207 0.000554519704950171 0.000318088892124878 0.000729449795581204 0.00260466519675474 -0.000167666146186958 0.000756386759987362 0.000325748124145533 0.00140492679986449 -0.000532658136106902 -0.000279229502880387 0.000366088476965587
"FMMT" 0.00248841932867561 0.00493415835726791 0.00314500040077028 0.00449940727271268 0.00269975508987256 0.000510771360658906 0.00172171291657712 0.0030221203970156 0.00170716911511372 0.002008813105673 0.00127335851621636 0.00276721001267132 0.00172629721309442 0.00207217297881009 0.00273902162921481 0.000769048641806807 0.000956754642482558 0.000858538433683033 0.00146418183855537 0.00205135471272912 0.00483415097291515 0.00236254384362451 0.00300797247584764 0.00434886316212971 0.00201503616431662 0.00614127418056968 0.00240875654184 0.0014901374093941 0.00140388947121294 0.00179066074115895 0.00144211614426192 0.00202760722425963 0.00195606556474697 0.00205691208793788 0.00233284365429215 0.001759968829241 0.00101171150034327 0.00144214397226206
"ZSZI" 0.0017596379333896 0.00340800234594049 0.00200825234307489 0.00486946831557561 0.00353261364042726 0.0015379146846622 0.00320629718117412 0.000986264935983348 0.00238224541513054 0.00237083366326839 0.000820962388584913 0.00216742476477934 0.00215489503732369 0.00213909858922257 0.0013966317364906 0.00016907628462385 0.000343287211317338 0.000862382488785488 0.0012978938296929 0.0025947526246456 0.00236254384362451 0.00642732127031798 0.0020547408768143 0.00157427540360534 0.00151777043053441 0.00323482135252263 0.002955529659072 0.000989811367620171 0.000977217762262344 0.00130156527382664 0.00243689432015821 0.00180797847307463 0.0014379494939605 -0.000353924414284531 0.00259814967041067 0.001350441158904 0.00114545820720756 0.000718012341205946
"ZIMT" 0.0027522959928155 0.00408693304503206 0.0027999114066451 0.00269506500058968 0.00177143298190222 0.00148921124004411 -0.00119334967614538 0.00184849827945227 0.00186677222644483 0.00219796045402151 0.00121815954996984 0.00208244546025902 0.00175428729620191 0.00244545267322664 0.00253296919336345 0.00164683935451219 0.00144758890244652 0.00198674835535028 0.00138880528949188 -1.65891806468438e-06 0.00300797247584764 0.0020547408768143 0.00932469202279399 0.00365933582008917 0.00130160029617091 0.00265897810409609 -0.00058454421573357 0.00170103912324972 0.00251914827179411 0.00149472490876427 0.000262741962057997 0.00214364602273571 0.00162825533206149 0.00253084031659828 0.00196086796137105 0.00252277598564727 0.000248126533393269 0.000169265862953202
"ZIZYGO" 0.00430576968387671 0.00568577517985593 0.00379605050504267 0.00421780041252127 0.00186397669962751 0.00061772882829543 0.000843542455358941 0.00268256320466575 0.000946811024464945 0.00221533947490873 0.00117985879245096 0.00231070208710462 -0.000233852368277853 0.00217235691547261 0.00604927352208636 0.00230356097061468 0.00193448697092397 0.00246826932069156 0.00378260253457347 0.00168071604294261 0.00434886316212971 0.00157427540360534 0.00365933582008917 0.00972674662049652 0.00346614011368478 0.00696015941203368 0.00550517103704661 0.00168609039412818 0.00168133065621378 0.00243897403393807 8.52111737849216e-05 0.00248319351958247 0.00233994446471598 0.00452180079188595 0.00286393284766915 0.00233742380597467 0.000934380033878121 0.00209687053491801
"ZITSP" 0.00231227537828436 0.00412538693555688 0.00279428285469152 0.00296865218613471 0.00170648368035996 0.000934292919850927 0.000339745031796564 0.00110236979165003 0.000991159745134656 0.00148873125822614 0.00119594334984868 0.00179486479575743 0.000596504535091561 0.00156565629240764 0.00294068931552787 0.000745712094383999 0.000726841220538134 0.0004184530769196 0.00152761142382957 0.00142421771995738 0.00201503616431662 0.00151777043053441 0.00130160029617091 0.00346614011368478 0.00493406490531364 0.00389420545723788 0.00100877944146511 0.00124547583362852 0.000791228491284859 0.000844662153191917 0.000504270349009212 0.00117066364604201 0.00150484687355105 0.00356160251888994 0.00083170080910243 0.0019883219337899 0.000992688922824116 0.00060073967144424
"MTPNS" 0.00475833289160788 0.00778573249189783 0.00614731563522461 0.0068239721137093 0.00446088233402629 -0.000177023351000648 0.00295724447558964 0.00531318380630593 0.00309748140542688 0.00314871332611909 0.00287499548228791 0.00413337666569331 0.00195206151319121 0.00331951298813892 0.00599262460273574 0.00105840295811088 0.00118612265283176 0.00146994784625404 0.00300565472462564 0.00140942069303564 0.00614127418056968 0.00323482135252263 0.00265897810409609 0.00696015941203368 0.00389420545723788 0.0135609497350932 0.00316726376744004 0.00161762438061914 0.000364446609202437 0.00259224670626468 0.00105910271670128 0.00273525027945353 0.00167612531662527 0.00474048969098488 0.00348861587516754 0.00308249562615187 0.00261547856109881 0.00231823380595996
"PNSAPET" 0.00100178189886217 0.00346964982632673 0.000104970176711681 0.00348273621919334 0.00266205476292203 0.000998309557502886 0.000874221938873355 0.000883995381115859 0.00127810345672375 0.00162545123444168 0.000725491496987469 0.000908291768932395 -0.000407001829723402 0.000506018456672795 0.000418623378692898 0.00209731878325006 0.00156269199537612 0.00376744819123221 0.00366522495035068 0.00275770634410207 0.00240875654184 0.002955529659072 -0.00058454421573357 0.00550517103704661 0.00100877944146511 0.00316726376744004 0.0172778723761482 -0.00196226244888057 -0.000932398925444066 0.00199417975927199 0.00468114875097514 0.000190743904609056 0.00342365766075552 0.00577578183584168 0.00301956219413936 0.00466563816538703 0.00294006231712539 0.00378689393113971
"APETBA" 0.00159173253339304 0.0021368654826618 0.00167375062566209 0.00213524678299855 0.00107920440576723 0.000891745297110788 0.00297617341674515 0.00194345329981344 0.000724288643111405 0.000195475507970246 0.000474500161040346 0.00145238320618695 0.000370265923053576 0.000858921400402348 0.00137227930912771 0.000490240592937423 0.00127666850351362 0.000492037828451464 0.000536647595140198 0.000554519704950171 0.0014901374093941 0.000989811367620171 0.00170103912324972 0.00168609039412818 0.00124547583362852 0.00161762438061914 -0.00196226244888057 0.00421616348643004 0.00307054349043421 0.00134031491978858 0.000693819145553407 0.00141129154557286 -0.000599980650835096 -0.00150665848813505 0.000581471811978879 0.000439780404720593 8.84338690552634e-05 -0.000747801699271998
"APETTS" 0.00161929138386802 0.0012206155592091 0.000368424243475871 0.00102864916564347 0.000310724571654769 0.000373457470373666 0.00182788581220956 0.000986627760008204 0.000298028166655454 0.000294559442678767 -4.55983108187808e-05 8.04177212016939e-05 -0.0001839945998713 0.00017151057701746 0.00204925097126095 0.00113919900672627 0.000875432580740594 0.000349502660648115 0.000786734363386821 0.000318088892124878 0.00140388947121294 0.000977217762262344 0.00251914827179411 0.00168133065621378 0.000791228491284859 0.000364446609202437 -0.000932398925444066 0.00307054349043421 0.00878532420773633 0.00142835053079985 -0.000527798069292365 0.00202762736799003 0.00053497713566092 -0.000702802880527309 -0.0015012645632485 -0.00042258998349314 -0.000697599840868777 0.000779331028482428
"BAEAM" 0.00168649537281965 0.00213494889835209 0.0014908119167179 0.00215577143602242 0.00118032042498999 0.000861621268462047 0.00154983661035789 0.00185381356453403 0.000951822600836905 0.000941978819783376 0.000916609401551311 0.00139953214855797 0.000866462278688703 0.000959475972259764 0.00135147777663544 0.000618076272671583 0.00076243814227534 0.000673079214031347 0.000894877863198972 0.000729449795581204 0.00179066074115895 0.00130156527382664 0.00149472490876427 0.00243897403393807 0.000844662153191917 0.00259224670626468 0.00199417975927199 0.00134031491978858 0.00142835053079985 0.00224687567917572 0.00138530668575224 0.00125972283417039 0.000547247305651596 -0.000118273261292008 0.00109902060804909 0.000469141233220531 0.000537912690495507 0.00108346282438625
"EAMZYGO" -0.00162188708640932 0.000806336015640803 0.000764405657362144 0.00288369153166765 0.00256232606575288 0.00251424746000167 0.00184047702899772 0.00108051357580833 0.00129930885161954 0.00119960870222494 0.000868898586483495 0.000982249934844574 0.000649231811334114 5.462707740106e-05 -0.00028241755292996 0.000664854162644144 0.000663194350191152 0.000611130687390475 0.000548663534446482 0.00260466519675474 0.00144211614426192 0.00243689432015821 0.000262741962057997 8.52111737849216e-05 0.000504270349009212 0.00105910271670128 0.00468114875097514 0.000693819145553407 -0.000527798069292365 0.00138530668575224 0.0085766371884042 5.48694084857005e-05 0.000284664088210689 -0.00181098967935168 0.00103876574926351 0.00102616019028124 0.00143777561523195 0.00158784189473792
"ZYGOTSP" 0.00085527798296698 0.00208803579039263 0.000901139008277755 0.00171467954455288 0.00122515749942525 0.000699796270738509 -0.000272121249440619 0.000782844455102546 0.00130924612630795 0.00204414254442969 0.00104896388256523 0.00144177345727331 0.000331039896176172 0.00164927574907313 0.00283767833377476 0.00250246018682398 0.00172890316225177 0.00242220504549315 0.00439217472431665 -0.000167666146186958 0.00202760722425963 0.00180797847307463 0.00214364602273571 0.00248319351958247 0.00117066364604201 0.00273525027945353 0.000190743904609056 0.00141129154557286 0.00202762736799003 0.00125972283417039 5.48694084857005e-05 0.00452320058827701 0.0016111916419458 0.000240982012880746 0.00104184681375764 0.00135915677954771 0.000727647562796307 0.000489025178687297
"LDAS" 0.000662815883625906 0.00169729676592425 0.000732691741629768 0.00167810533882239 0.00130031336668793 0.00061640017239373 -0.00120833851160601 0.000518736943823375 0.000913994089401211 0.00158300681154031 0.000260933839474322 0.000249621915407719 0.000704171200902177 0.00142277854398824 0.00163620882275445 0.00155228917692952 0.000959194707152336 0.0015922531492741 0.00207523657644984 0.000756386759987362 0.00195606556474697 0.0014379494939605 0.00162825533206149 0.00233994446471598 0.00150484687355105 0.00167612531662527 0.00342365766075552 -0.000599980650835096 0.00053497713566092 0.000547247305651596 0.000284664088210689 0.0016111916419458 0.0049654787871899 0.00336958527400423 0.0033166181078202 0.00242390293076275 0.00129326373233761 0.00075139544654445
"BRLD" 0.00313161286431574 0.00537862637891786 0.00233078924913916 0.00226400055341097 0.00142017693598724 -0.000965156905484794 -0.00310870331030742 0.00100745547777499 0.00107645004536489 0.00147247885692567 0.00103583203134406 0.00089139141660422 1.62232923351651e-05 0.00173321496864451 0.00319132881638602 0.00220499523638384 0.00146684715106851 0.00276418880480103 0.0030170110211697 0.000325748124145533 0.00205691208793788 -0.000353924414284531 0.00253084031659828 0.00452180079188595 0.00356160251888994 0.00474048969098488 0.00577578183584168 -0.00150665848813505 -0.000702802880527309 -0.000118273261292008 -0.00181098967935168 0.000240982012880746 0.00336958527400423 0.0149619985728032 0.00145649398784765 0.00611314780861603 0.00252259659177216 -0.000188179018365729
"OPILD" 0.00118539516864225 0.00233363398083742 0.00191474573005848 0.00339879924448643 0.00242661121332211 0.000993199645643603 0.00243637982304256 0.002850343120227 0.00182170384876453 0.00149366026677747 0.000581154021633086 0.00101888673447446 0.00126152461197983 0.00210685894916389 0.000632685454150439 0.000363384955289087 0.000718429302302258 0.0015355535324816 0.00134567964332859 0.00140492679986449 0.00233284365429215 0.00259814967041067 0.00196086796137105 0.00286393284766915 0.00083170080910243 0.00348861587516754 0.00301956219413936 0.000581471811978879 -0.0015012645632485 0.00109902060804909 0.00103876574926351 0.00104184681375764 0.0033166181078202 0.00145649398784765 0.00718629288113594 0.00275795470596203 0.00243099649463981 -0.000544485008054975
"PTAS" 0.00226524654880178 0.00365498136301576 0.00155098887806754 0.00232921709773346 0.00177244811319465 0.000509948661251841 -0.00080817337822758 0.00169465192052452 0.00175627135279723 0.00224278160155123 0.000790855875851348 0.00141881951649719 0.000694039757276069 0.00156814031974169 0.000433278105831174 0.00237922504856003 0.0022379043952825 0.00429982884048087 0.00325955375383017 -0.000532658136106902 0.001759968829241 0.001350441158904 0.00252277598564727 0.00233742380597467 0.0019883219337899 0.00308249562615187 0.00466563816538703 0.000439780404720593 -0.00042258998349314 0.000469141233220531 0.00102616019028124 0.00135915677954771 0.00242390293076275 0.00611314780861603 0.00275795470596203 0.00641055486533499 0.00293261692226015 0.000124140402327993
"JPAS" 0.00065239557119951 0.00170536330374859 0.000836943074855223 0.00200783248121921 0.00151616655261751 0.000577679703615221 4.36418778509067e-06 0.00158503469387634 0.00128533652873792 0.00163912838463084 0.000417971705036665 5.23410800779568e-05 0.00125428956973492 0.00143107022234476 0.000598555777116776 0.000541735978539996 0.000559653751162326 0.00129105955288318 0.00152479134769774 -0.000279229502880387 0.00101171150034327 0.00114545820720756 0.000248126533393269 0.000934380033878121 0.000992688922824116 0.00261547856109881 0.00294006231712539 8.84338690552634e-05 -0.000697599840868777 0.000537912690495507 0.00143777561523195 0.000727647562796307 0.00129326373233761 0.00252259659177216 0.00243099649463981 0.00293261692226015 0.00456725971607528 0.000441413726972474
"BAOPI" 0.000718248345509409 0.00170346658858574 0.000939196052399883 0.00143817700942391 0.000901649469310119 0.000321096897183828 -0.000993840247478639 0.000657988217544731 0.000358912761635718 0.00122240514549745 0.000160781617353949 0.000166659799251149 0.000181829912788659 -5.18157773458704e-05 0.00164650514914702 0.000173302621103974 -0.000150695470821791 -0.000320100888571488 0.000208621218209733 0.000366088476965587 0.00144214397226206 0.000718012341205946 0.000169265862953202 0.00209687053491801 0.00060073967144424 0.00231823380595996 0.00378689393113971 -0.000747801699271998 0.000779331028482428 0.00108346282438625 0.00158784189473792 0.000489025178687297 0.00075139544654445 -0.000188179018365729 -0.000544485008054975 0.000124140402327993 0.000441413726972474 0.00517268965846964
