"" "ISPM" "ISNSL" "ISPNS" "PMZS" "PMZI" "PMMT" "NSLNA" "NSLZS" "NSLZI" "NABR" "NAFM" "NAPNS" "BRPT" "BRAPET" "PTFM" "PTAPET" "PTBA" "PTEAM" "PTZYGO" "FMZS" "FMMT" "ZSZI" "ZIMT" "ZIZYGO" "ZITSP" "MTPNS" "PNSAPET" "APETBA" "APETTS" "BAEAM" "EAMZYGO" "ZYGOTSP" "LDAS" "BRLD" "OPILD" "PTAS" "JPAS" "BAOPI"
"ISPM" 0.00954759955457408 0.00657733599313567 0.00627599047119599 0.00651660385273748 0.00452986225359709 0.00327237510644856 0.00616024989470081 0.00606169727550457 0.00374535130566736 0.00205797519912096 0.00215393547129884 0.00387961810657878 0.000578471702286417 0.00133178966394991 0.00532903819235042 0.00128619832593222 0.00144686090648825 0.00282953627880343 0.00461242278018529 -2.29765756624181e-05 0.00443096548787748 0.00407314815989307 0.00194584281869132 0.00396367255970965 0.00367513972712152 0.00520885027230843 0.00411520313254411 0.00300062672588328 0.00254936390626837 0.00319239254193698 0.00455228182235861 0.0040473485760609 0.00194087761592901 -0.00250097521296131 0.000387758679056521 0.000380468475622421 0.00146521449602363 -0.000172632851340379
"ISNSL" 0.00657733599313567 0.0105370996018174 0.00634035162014583 0.00864689523793653 0.0053833891615517 0.00305116003411718 0.00590795383792443 0.0051398487806706 0.00392417433099482 0.00235350436974555 0.00279735939273773 0.00534161507927579 0.00108255064467402 0.00241380976190333 0.00724403835346034 0.00291356090889748 0.0024405577243696 0.002796821318652 0.00550063627448072 0.00172991182058536 0.00609002383591483 0.00456003440454079 0.00250640780911415 0.0057951801242965 0.00703514615019716 0.00849755773501391 0.00596905375260678 0.00248756381428035 0.00176766644899349 0.00375571572865668 0.00578812789722136 0.00506577387077541 0.00102659661796154 0.00169058879269116 0.00115957927572129 0.00159793191609363 0.00204332992211858 0.0018516896854669
"ISPNS" 0.00627599047119599 0.00634035162014583 0.00598417700920946 0.00651649733634226 0.00447099194071045 0.00298076931583602 0.00546391144876005 0.0056933285261047 0.00352561227933794 0.00186122952076591 0.00256966478468699 0.00369560684738895 0.000329059643602651 0.00177209654274862 0.00543701629580886 0.00206359740324431 0.00195005426561255 0.00267425456223113 0.0049759975010933 0.000586094792298798 0.00424887844575713 0.00349042267566881 0.00192613140487275 0.00442574560769722 0.00460102814945807 0.00640743414643394 0.00328596995797288 0.00274816972163917 0.0016709113107632 0.00308492314085525 0.00476409012836637 0.0042062074362904 0.0013455873959119 0.00034969813444263 0.000631312699287159 0.000993085404204545 0.00160005929324836 0.000458235932657805
"PMZS" 0.00651660385273748 0.00864689523793653 0.00651649733634226 0.0100855097891905 0.00579531697439285 0.00312801760130161 0.00801120298569334 0.00691206901346489 0.00376841345849915 0.00235763218976898 0.00304436641586959 0.00438376882959729 0.000450755996581127 0.00196416099282977 0.00737453587178818 0.00241646647185255 0.0024235886146508 0.00299989233513461 0.00575074660952089 0.000468613315613134 0.00574394305528913 0.00487843398664191 0.00260991357233978 0.00621180337910009 0.00654218392760958 0.00891007176993048 0.00593643129939173 0.00317480320550604 0.0024219901310935 0.00380558479233458 0.0058771631880514 0.00548770273073172 0.000991578251211988 0.000238093822219721 0.00106464906864824 0.000656018531650395 0.00221788875555146 0.00126792277725413
"PMZI" 0.00452986225359709 0.0053833891615517 0.00447099194071045 0.00579531697439285 0.00455219149522851 0.0025276157244903 0.0043547829239789 0.00483430015600663 0.00336301804372606 0.00158160198019637 0.00226527170240449 0.00313756015516955 0.000200183248540031 0.00142531669209312 0.00433139915225215 0.00149895488064047 0.00166262075964109 0.00228087980678071 0.00420393609703009 0.000677643177645328 0.00396453286949333 0.00307937855401327 0.00147509640787029 0.00334866667335439 0.0039146149002874 0.0055202604604771 0.00402540120485666 0.00253197905648824 0.00182622653425139 0.0026303521943218 0.00353339167818805 0.00405366276497072 0.00134779390144039 1.47957784446199e-05 0.000741380969896422 0.000593399956022556 0.00144228648010058 0.000729656776454468
"PMMT" 0.00327237510644856 0.00305116003411718 0.00298076931583602 0.00312801760130161 0.0025276157244903 0.00253225515363207 0.00211215481203178 0.00281990597640496 0.00199824211532093 0.000836003273046363 0.00195740373156455 0.00201749026902314 0.000246426098295653 0.00125866089326045 0.00309624782513912 0.00112601111385371 0.00130970555725204 0.00150906888093428 0.0027394195010975 0.000365900104228453 0.00222729402121168 0.00189122162819281 0.00244855678716704 0.0020767240250526 0.00187115754925441 0.00206804660610926 0.00208393623023735 0.00209265042294985 0.00113943234978786 0.00200734435623215 0.00264145047576409 0.00232857656261971 0.000868188568714179 0.000814531424554499 0.000568596383547669 0.000549884392944127 0.00100669176490482 0.000639596948146986
"NSLNA" 0.00616024989470081 0.00590795383792443 0.00546391144876005 0.00801120298569334 0.0043547829239789 0.00211215481203178 0.0126676734212485 0.00605044090211881 0.0032723419937879 0.000580883212622998 0.0014581087973146 0.00382051233940721 -0.000279572479768238 0.000578085476393147 0.00551647758219751 0.001459048792574 0.00152199440068965 0.00200593274391886 0.00377301910022212 0.002368460095284 0.00448263348651932 0.0047626015871494 0.000499074936117447 0.00487497918993134 0.00548986804273469 0.00797864577302805 0.00385989386739097 0.00315057381952704 0.00336971133529641 0.00243524561159416 0.00453287985295295 0.00416016164631024 0.00128002466423473 -0.00123927619852694 -0.000792988360582445 5.81649863122047e-05 0.000243740273735091 0.000671681070638465
"NSLZS" 0.00606169727550457 0.0051398487806706 0.0056933285261047 0.00691206901346489 0.00483430015600663 0.00281990597640496 0.00605044090211881 0.00904057345888308 0.00454153585986984 0.00167559496532482 0.00339660869073173 0.00342609653922951 9.3726729419579e-05 0.00146604854044052 0.0039419209402124 0.00140065514539035 0.00198449191608915 0.00320321582494242 0.00519685310736532 -0.00268938741259835 0.00326751740009925 0.00237070271343955 0.00158548604714441 0.00400449755226952 0.00385240176586387 0.00544153505521592 0.00301071187224218 0.00317236966278472 0.00146020213528387 0.00325917734937238 0.00371650978425914 0.00448439942509729 0.00173402552267648 -0.00080627819965893 0.00115033073704819 0.000664587219260107 0.00190843767826226 6.45081891092045e-05
"NSLZI" 0.00374535130566736 0.00392417433099482 0.00352561227933794 0.00376841345849915 0.00336301804372606 0.00199824211532093 0.0032723419937879 0.00454153585986984 0.00357279559968018 0.000841255540799735 0.00215932047055879 0.00264614917163691 4.29067729984311e-05 0.00113316991784852 0.002828235179726 0.0010176036754311 0.00130608383963835 0.0020610832592358 0.00355399972651742 -2.41305336140228e-05 0.00278616416988822 0.00285291046436185 0.000856803484367802 0.00258350502277019 0.00309322109106861 0.00408116461773791 0.00239166633023632 0.00223543491615211 0.00107875298407501 0.00219499714785278 0.00223391941161506 0.00291287852003404 0.00127852287216849 0.000592179191984174 0.00028672832514492 0.000780871377336716 0.000843141954459574 0.000821069425033073
"NABR" 0.00205797519912096 0.00235350436974555 0.00186122952076591 0.00235763218976898 0.00158160198019637 0.000836003273046363 0.000580883212622998 0.00167559496532482 0.000841255540799735 0.00191969721001529 0.000854284547673549 0.00118057422043224 0.000912899224676975 0.00102146202471734 0.00217166480453483 0.000563472223928702 0.000708595720211326 0.000733701484666401 0.0015787767962357 -2.02987821998823e-05 0.0016887364118232 0.000724558123332585 0.00112768993323628 0.00122778063955121 0.00189748159980363 0.00218886800407255 0.00220892549423928 0.000940280792588483 0.000234722177239899 0.0011623011049428 0.00182143725626698 0.00154022352374034 0.000962492441012688 -0.000561869590708115 0.000704593603993708 5.37468741929871e-05 0.000660592415190345 0.000337729212182803
"NAFM" 0.00215393547129884 0.00279735939273773 0.00256966478468699 0.00304436641586959 0.00226527170240449 0.00195740373156455 0.0014581087973146 0.00339660869073173 0.00215932047055879 0.000854284547673549 0.00363337336981867 0.00251069612871037 0.000827648049058674 0.00163874438404942 0.00277630454103955 0.00125761528690254 0.00175156100074043 0.00159449702041143 0.00287872605700444 5.49955990895444e-05 0.00205387379189918 0.00132027556230062 0.00250456062354511 0.00232369658489792 0.00229405929706944 0.00274103456065848 0.0020270509479069 0.00229715496731661 0.00096790863118483 0.00240272040920653 0.00269090357774525 0.00214298236739021 0.00137500664029349 0.00218229893084144 0.00124360795880537 0.000854365078222913 0.00122715624151169 0.00107082678576144
"NAPNS" 0.00387961810657878 0.00534161507927579 0.00369560684738895 0.00438376882959729 0.00313756015516955 0.00201749026902314 0.00382051233940721 0.00342609653922951 0.00264614917163691 0.00118057422043224 0.00251069612871037 0.00489223657032004 0.000997585277103691 0.00238191975668749 0.00486713821130621 0.00200103922071108 0.00168094780863603 0.00139911015106391 0.00345481423420672 0.000349804824059776 0.00378966845025572 0.00254413609828368 0.00174530886228386 0.00323282381526296 0.00346852609917813 0.00441939366745835 0.00236584148610005 0.00265271922067492 0.00156214708328972 0.00260460858727653 0.00351844150003846 0.00368188827666385 0.00131722141611942 0.00152426533845832 0.00106660879110928 0.000808211075681644 0.0019096362878342 0.000886773432437315
"BRPT" 0.000578471702286417 0.00108255064467402 0.000329059643602651 0.000450755996581127 0.000200183248540031 0.000246426098295653 -0.000279572479768238 9.3726729419579e-05 4.29067729984311e-05 0.000912899224676975 0.000827648049058674 0.000997585277103691 0.00218168488969385 0.000712075210709913 0.000344430844067135 -0.000947731460100201 -0.000230151286961341 -0.000557793843788563 -0.00130364942597924 -0.000105835907762065 0.000311521506305913 -0.000358201026139971 0.00151577217522987 0.000376051599501986 0.000660705267692225 8.88407007513124e-05 0.000621193745392214 0.000286417459474793 0.000542864781627245 0.00029596216515481 0.000537753014556375 -0.00011301282123249 0.00114478197733928 0.00104972618116599 0.000631094515608208 0.000236940066040965 -0.000678723241351119 0.000650568177003637
"BRAPET" 0.00133178966394991 0.00241380976190333 0.00177209654274862 0.00196416099282977 0.00142531669209312 0.00125866089326045 0.000578085476393147 0.00146604854044052 0.00113316991784852 0.00102146202471734 0.00163874438404942 0.00238191975668749 0.000712075210709913 0.00221822023605034 0.00329964159471041 0.00186847266132685 0.00140519818537525 0.000816187566394096 0.00268463503981179 2.12147050783343e-05 0.00205983635735027 0.00091232357586668 0.00209875940651138 0.00168755940967336 0.00212990284455029 0.00223927560699893 0.000676550152925001 0.00165610788091614 0.00069892575512437 0.00176478026910689 0.00178908197602743 0.00217933143736137 0.000779498846486828 0.00151197244837628 0.00161335839638457 0.00023761419130539 0.00145522237337861 0.000637190572006441
"PTFM" 0.00532903819235042 0.00724403835346034 0.00543701629580886 0.00737453587178818 0.00433139915225215 0.00309624782513912 0.00551647758219751 0.0039419209402124 0.002828235179726 0.00217166480453483 0.00277630454103955 0.00486713821130621 0.000344430844067135 0.00329964159471041 0.01156807028038 0.00350830843616227 0.00217783780849166 0.000497966817521585 0.00539948076524903 0.00117551332099203 0.00564858479479057 0.0046181105648012 0.00342179027172687 0.00573766802677496 0.00594946539830898 0.00733625031030385 0.00488038872932025 0.00264646598994344 0.00221642685143131 0.0036803198421613 0.00545697084875668 0.00519589413287014 -0.000249958580207723 0.00288193631942017 0.00142853629470234 -0.000184694850111512 0.00406730749156006 0.00195301046167901
"PTAPET" 0.00128619832593222 0.00291356090889748 0.00206359740324431 0.00241646647185255 0.00149895488064047 0.00112601111385371 0.001459048792574 0.00140065514539035 0.0010176036754311 0.000563472223928702 0.00125761528690254 0.00200103922071108 -0.000947731460100201 0.00186847266132685 0.00350830843616227 0.0040221948203271 0.00247568815621318 0.00225540876103466 0.00498992079148074 0.000560554076329912 0.00226233539999632 0.00105735178334187 0.00142345483601737 0.00169295299886019 0.00271660730266338 0.00323713894063994 0.000389121701674097 0.00134910895570326 0.000561939386683422 0.00187306898868868 0.00258649505599292 0.00286176379609238 0.000145582808591847 0.000337063299967594 0.00114098802737644 0.000301241739463565 0.0019110195080328 0.000226704894847543
"PTBA" 0.00144686090648825 0.0024405577243696 0.00195005426561255 0.0024235886146508 0.00166262075964109 0.00130970555725204 0.00152199440068965 0.00198449191608915 0.00130608383963835 0.000708595720211326 0.00175156100074043 0.00168094780863603 -0.000230151286961341 0.00140519818537525 0.00217783780849166 0.00247568815621318 0.00223862056440759 0.0023182081618674 0.00380070809758918 0.00078512901787124 0.00208382432305737 0.00100934040778784 0.00156723707854092 0.00175150648772691 0.00243658214511989 0.00292337764404674 0.00118186634078093 0.00222729714105231 0.001250615282151 0.00203173774412493 0.00255322571396159 0.00240710095488211 0.00101370451550704 0.000350089168315991 0.00128088409870881 0.000598255854677477 0.000993333677177121 0.000199496080722455
"PTEAM" 0.00282953627880343 0.002796821318652 0.00267425456223113 0.00299989233513461 0.00228087980678071 0.00150906888093428 0.00200593274391886 0.00320321582494242 0.0020610832592358 0.000733701484666401 0.00159449702041143 0.00139911015106391 -0.000557793843788563 0.000816187566394096 0.000497966817521585 0.00225540876103466 0.0023182081618674 0.00448960215688821 0.00507416902216746 0.000448854135055223 0.00224009485238156 0.00168750262796297 0.00131064751446127 0.00183289455917131 0.0026257268932077 0.00303795574020151 0.000958076527700091 0.0022811637923676 0.000980053825062448 0.00200993007677798 0.00280851862512792 0.0026550702813794 0.00180665384775828 -0.00119814412805192 0.000486529140184341 0.00131734467715325 0.000411056733896613 -6.70863318786817e-05
"PTZYGO" 0.00461242278018529 0.00550063627448072 0.0049759975010933 0.00575074660952089 0.00420393609703009 0.0027394195010975 0.00377301910022212 0.00519685310736532 0.00355399972651742 0.0015787767962357 0.00287872605700444 0.00345481423420672 -0.00130364942597924 0.00268463503981179 0.00539948076524903 0.00498992079148074 0.00380070809758918 0.00507416902216746 0.00950264200604232 0.000787292166743021 0.00479318132153058 0.00338596822638395 0.00242643250016707 0.00399907833269639 0.00532655345769402 0.00684884779457546 0.00211221506367614 0.00358201729528878 0.00131595116213282 0.00392257303388563 0.0045689852967545 0.0057430824418545 0.00182482217889522 -0.000200710811530992 0.00169408150939002 0.00122713582984451 0.00272884255352234 0.000972389314908647
"FMZS" -2.29765756624181e-05 0.00172991182058536 0.000586094792298798 0.000468613315613134 0.000677643177645328 0.000365900104228453 0.002368460095284 -0.00268938741259835 -2.41305336140228e-05 -2.02987821998823e-05 5.49955990895444e-05 0.000349804824059776 -0.000105835907762065 2.12147050783343e-05 0.00117551332099203 0.000560554076329912 0.00078512901787124 0.000448854135055223 0.000787292166743021 0.00916164957219799 0.00314487715631794 0.00175272279906311 -0.000384192824834205 0.00102957455929615 0.00217933808664747 0.00420278297034367 0.00258700915088207 0.000939881738331038 0.00168375559334349 0.000704979740407612 0.0023645374894187 0.000623295212377865 0.000999445550405153 0.00167977079278474 0.000192016371781506 0.000742079040004817 -0.00121154632567601 0.00108271602626918
"FMMT" 0.00443096548787748 0.00609002383591483 0.00424887844575713 0.00574394305528913 0.00396453286949333 0.00222729402121168 0.00448263348651932 0.00326751740009925 0.00278616416988822 0.0016887364118232 0.00205387379189918 0.00378966845025572 0.000311521506305913 0.00205983635735027 0.00564858479479057 0.00226233539999632 0.00208382432305737 0.00224009485238156 0.00479318132153058 0.00314487715631794 0.00580395122851239 0.00383706010005773 0.00215776967576957 0.00407629926779894 0.00489153692852914 0.00745840751999667 0.00403936329742636 0.00275032964019379 0.00235345457859157 0.00312264821313485 0.00436507799843781 0.00442415694420887 0.000756398564807183 0.000888718100894095 0.00114620460503887 0.000839235561927852 0.00199439383589429 0.00110625271284847
"ZSZI" 0.00407314815989307 0.00456003440454079 0.00349042267566881 0.00487843398664191 0.00307937855401327 0.00189122162819281 0.0047626015871494 0.00237070271343955 0.00285291046436185 0.000724558123332585 0.00132027556230062 0.00254413609828368 -0.000358201026139971 0.00091232357586668 0.0046181105648012 0.00105735178334187 0.00100934040778784 0.00168750262796297 0.00338596822638395 0.00175272279906311 0.00383706010005773 0.00619664450093713 0.000726739982288259 0.00362230161434752 0.00404814849364492 0.0052041613202532 0.00340510162672506 0.00215628051594569 0.0010253456948288 0.00195367161993746 0.00269163738324801 0.00243807215526032 7.66802186206253e-05 0.000398275207899161 -0.00112975518124622 0.000425332356723947 0.000693396764228998 0.00153833761395535
"ZIMT" 0.00194584281869132 0.00250640780911415 0.00192613140487275 0.00260991357233978 0.00147509640787029 0.00244855678716704 0.000499074936117447 0.00158548604714441 0.000856803484367802 0.00112768993323628 0.00250456062354511 0.00174530886228386 0.00151577217522987 0.00209875940651138 0.00342179027172687 0.00142345483601737 0.00156723707854092 0.00131064751446127 0.00242643250016707 -0.000384192824834205 0.00215776967576957 0.000726739982288259 0.00679233119730323 0.00128788521611792 0.00265454286494569 0.00159198083377169 0.00110008640945342 0.00143224411919524 0.00169155111098915 0.002258157776239 0.00355849991760631 0.00219411429086133 0.000722638419391263 0.00240179502277835 0.0011500761315418 0.000631107549357051 0.000881017442374797 0.00195409506703807
"ZIZYGO" 0.00396367255970965 0.0057951801242965 0.00442574560769722 0.00621180337910009 0.00334866667335439 0.0020767240250526 0.00487497918993134 0.00400449755226952 0.00258350502277019 0.00122778063955121 0.00232369658489792 0.00323282381526296 0.000376051599501986 0.00168755940967336 0.00573766802677496 0.00169295299886019 0.00175150648772691 0.00183289455917131 0.00399907833269639 0.00102957455929615 0.00407629926779894 0.00362230161434752 0.00128788521611792 0.00646049624761816 0.00488782212980936 0.00721076664815339 0.00322191430630774 0.00280001597812748 0.00188072241676144 0.00303040076647894 0.00340230204519582 0.00344058955610974 0.00051029980291706 0.00265506099195458 0.00110562751448418 0.00129381931454715 0.00201692813245562 0.00101797867086398
"ZITSP" 0.00367513972712152 0.00703514615019716 0.00460102814945807 0.00654218392760958 0.0039146149002874 0.00187115754925441 0.00548986804273469 0.00385240176586387 0.00309322109106861 0.00189748159980363 0.00229405929706944 0.00346852609917813 0.000660705267692225 0.00212990284455029 0.00594946539830898 0.00271660730266338 0.00243658214511989 0.0026257268932077 0.00532655345769402 0.00217933808664747 0.00489153692852914 0.00404814849364492 0.00265454286494569 0.00488782212980936 0.00936910484831752 0.00850194506542068 0.00486071875630719 0.00248160498257344 0.00212181388321208 0.00273194708051518 0.00506419489269247 0.00429516699231766 0.00139283813976658 0.00221830362850824 0.00118108001108541 0.00110918199542574 0.00171538974232068 0.0020942831604255
"MTPNS" 0.00520885027230843 0.00849755773501391 0.00640743414643394 0.00891007176993048 0.0055202604604771 0.00206804660610926 0.00797864577302805 0.00544153505521592 0.00408116461773791 0.00218886800407255 0.00274103456065848 0.00441939366745835 8.88407007513124e-05 0.00223927560699893 0.00733625031030385 0.00323713894063994 0.00292337764404674 0.00303795574020151 0.00684884779457546 0.00420278297034367 0.00745840751999667 0.0052041613202532 0.00159198083377169 0.00721076664815339 0.00850194506542068 0.0142782368064939 0.00504347536976558 0.00336082103197851 0.00346434281275666 0.00415094294266791 0.00604116992170108 0.00583568895593486 0.00101445145561524 0.00204386790112799 0.00111737945343196 0.00129115554600444 0.00178391033676997 0.00153829109177238
"PNSAPET" 0.00411520313254411 0.00596905375260678 0.00328596995797288 0.00593643129939173 0.00402540120485666 0.00208393623023735 0.00385989386739097 0.00301071187224218 0.00239166633023632 0.00220892549423928 0.0020270509479069 0.00236584148610005 0.000621193745392214 0.000676550152925001 0.00488038872932025 0.000389121701674097 0.00118186634078093 0.000958076527700091 0.00211221506367614 0.00258700915088207 0.00403936329742636 0.00340510162672506 0.00110008640945342 0.00322191430630774 0.00486071875630719 0.00504347536976558 0.00902065660536891 0.00171479533571623 0.00161181266458165 0.00221412362990045 0.00400606359794913 0.00259241086025717 0.000740145389403093 -0.000875802983292535 0.000396349312265913 -0.000315966650604384 0.00113167735051534 0.00152318231759456
"APETBA" 0.00300062672588328 0.00248756381428035 0.00274816972163917 0.00317480320550604 0.00253197905648824 0.00209265042294985 0.00315057381952704 0.00317236966278472 0.00223543491615211 0.000940280792588483 0.00229715496731661 0.00265271922067492 0.000286417459474793 0.00165610788091614 0.00264646598994344 0.00134910895570326 0.00222729714105231 0.0022811637923676 0.00358201729528878 0.000939881738331038 0.00275032964019379 0.00215628051594569 0.00143224411919524 0.00280001597812748 0.00248160498257344 0.00336082103197851 0.00171479533571623 0.00506424411608438 0.00291965353348241 0.0030128421103077 0.00263814950155296 0.00291591117121407 0.00231978825811999 -0.000238283896775792 0.00193256545168899 0.000673658894277765 0.000870673711204414 -0.000284444316739737
"APETTS" 0.00254936390626837 0.00176766644899349 0.0016709113107632 0.0024219901310935 0.00182622653425139 0.00113943234978786 0.00336971133529641 0.00146020213528387 0.00107875298407501 0.000234722177239899 0.00096790863118483 0.00156214708328972 0.000542864781627245 0.00069892575512437 0.00221642685143131 0.000561939386683422 0.001250615282151 0.000980053825062448 0.00131595116213282 0.00168375559334349 0.00235345457859157 0.0010253456948288 0.00169155111098915 0.00188072241676144 0.00212181388321208 0.00346434281275666 0.00161181266458165 0.00291965353348241 0.00632313761120392 0.00218922575126104 0.00196581848571593 0.00220839605135388 0.00157159320574326 0.00021109350030979 0.00153006040661536 4.05883203571045e-05 0.000459652203753616 -0.000726481701443444
"BAEAM" 0.00319239254193698 0.00375571572865668 0.00308492314085525 0.00380558479233458 0.0026303521943218 0.00200734435623215 0.00243524561159416 0.00325917734937238 0.00219499714785278 0.0011623011049428 0.00240272040920653 0.00260460858727653 0.00029596216515481 0.00176478026910689 0.0036803198421613 0.00187306898868868 0.00203173774412493 0.00200993007677798 0.00392257303388563 0.000704979740407612 0.00312264821313485 0.00195367161993746 0.002258157776239 0.00303040076647894 0.00273194708051518 0.00415094294266791 0.00221412362990045 0.0030128421103077 0.00218922575126104 0.00319663232289048 0.00285756172649326 0.00317853353690676 0.00117661194562177 0.000804206901103238 0.00162108151872802 0.000776670997508542 0.00144297210426773 0.000452821471139687
"EAMZYGO" 0.00455228182235861 0.00578812789722136 0.00476409012836637 0.0058771631880514 0.00353339167818805 0.00264145047576409 0.00453287985295295 0.00371650978425914 0.00223391941161506 0.00182143725626698 0.00269090357774525 0.00351844150003846 0.000537753014556375 0.00178908197602743 0.00545697084875668 0.00258649505599292 0.00255322571396159 0.00280851862512792 0.0045689852967545 0.0023645374894187 0.00436507799843781 0.00269163738324801 0.00355849991760631 0.00340230204519582 0.00506419489269247 0.00604116992170108 0.00400606359794913 0.00263814950155296 0.00196581848571593 0.00285756172649326 0.00733207804717286 0.0039081049919312 0.00155093716266321 0.000783627635368355 0.00103300164056848 0.00091727855043988 0.00116222280461786 0.000883383444329198
"ZYGOTSP" 0.0040473485760609 0.00506577387077541 0.0042062074362904 0.00548770273073172 0.00405366276497072 0.00232857656261971 0.00416016164631024 0.00448439942509729 0.00291287852003404 0.00154022352374034 0.00214298236739021 0.00368188827666385 -0.00011301282123249 0.00217933143736137 0.00519589413287014 0.00286176379609238 0.00240710095488211 0.0026550702813794 0.0057430824418545 0.000623295212377865 0.00442415694420887 0.00243807215526032 0.00219411429086133 0.00344058955610974 0.00429516699231766 0.00583568895593486 0.00259241086025717 0.00291591117121407 0.00220839605135388 0.00317853353690676 0.0039081049919312 0.00563923112315112 0.00160163654068261 0.000855963856342378 0.00156981679042537 0.000595005322175516 0.00223864786549364 0.000691654854665773
"LDAS" 0.00194087761592901 0.00102659661796154 0.0013455873959119 0.000991578251211988 0.00134779390144039 0.000868188568714179 0.00128002466423473 0.00173402552267648 0.00127852287216849 0.000962492441012688 0.00137500664029349 0.00131722141611942 0.00114478197733928 0.000779498846486828 -0.000249958580207723 0.000145582808591847 0.00101370451550704 0.00180665384775828 0.00182482217889522 0.000999445550405153 0.000756398564807183 7.66802186206253e-05 0.000722638419391263 0.00051029980291706 0.00139283813976658 0.00101445145561524 0.000740145389403093 0.00231978825811999 0.00157159320574326 0.00117661194562177 0.00155093716266321 0.00160163654068261 0.00396243996177945 -0.000168943700660801 0.00120577098164219 0.000508272279066878 -0.00113202691129734 0.000338179736011647
"BRLD" -0.00250097521296131 0.00169058879269116 0.00034969813444263 0.000238093822219721 1.47957784446199e-05 0.000814531424554499 -0.00123927619852694 -0.00080627819965893 0.000592179191984174 -0.000561869590708115 0.00218229893084144 0.00152426533845832 0.00104972618116599 0.00151197244837628 0.00288193631942017 0.000337063299967594 0.000350089168315991 -0.00119814412805192 -0.000200710811530992 0.00167977079278474 0.000888718100894095 0.000398275207899161 0.00240179502277835 0.00265506099195458 0.00221830362850824 0.00204386790112799 -0.000875802983292535 -0.000238283896775792 0.00021109350030979 0.000804206901103238 0.000783627635368355 0.000855963856342378 -0.000168943700660801 0.0120391786762059 0.000441561796579101 0.00232563836580928 0.00115109445620148 0.00202758511271728
"OPILD" 0.000387758679056521 0.00115957927572129 0.000631312699287159 0.00106464906864824 0.000741380969896422 0.000568596383547669 -0.000792988360582445 0.00115033073704819 0.00028672832514492 0.000704593603993708 0.00124360795880537 0.00106660879110928 0.000631094515608208 0.00161335839638457 0.00142853629470234 0.00114098802737644 0.00128088409870881 0.000486529140184341 0.00169408150939002 0.000192016371781506 0.00114620460503887 -0.00112975518124622 0.0011500761315418 0.00110562751448418 0.00118108001108541 0.00111737945343196 0.000396349312265913 0.00193256545168899 0.00153006040661536 0.00162108151872802 0.00103300164056848 0.00156981679042537 0.00120577098164219 0.000441561796579101 0.00395389410805241 0.00012450956947719 0.0013491968049155 -0.000565749202783578
"PTAS" 0.000380468475622421 0.00159793191609363 0.000993085404204545 0.000656018531650395 0.000593399956022556 0.000549884392944127 5.81649863122047e-05 0.000664587219260107 0.000780871377336716 5.37468741929871e-05 0.000854365078222913 0.000808211075681644 0.000236940066040965 0.00023761419130539 -0.000184694850111512 0.000301241739463565 0.000598255854677477 0.00131734467715325 0.00122713582984451 0.000742079040004817 0.000839235561927852 0.000425332356723947 0.000631107549357051 0.00129381931454715 0.00110918199542574 0.00129115554600444 -0.000315966650604384 0.000673658894277765 4.05883203571045e-05 0.000776670997508542 0.00091727855043988 0.000595005322175516 0.000508272279066878 0.00232563836580928 0.00012450956947719 0.00192271864519516 0.000158310154977562 0.000467787620286447
"JPAS" 0.00146521449602363 0.00204332992211858 0.00160005929324836 0.00221788875555146 0.00144228648010058 0.00100669176490482 0.000243740273735091 0.00190843767826226 0.000843141954459574 0.000660592415190345 0.00122715624151169 0.0019096362878342 -0.000678723241351119 0.00145522237337861 0.00406730749156006 0.0019110195080328 0.000993333677177121 0.000411056733896613 0.00272884255352234 -0.00121154632567601 0.00199439383589429 0.000693396764228998 0.000881017442374797 0.00201692813245562 0.00171538974232068 0.00178391033676997 0.00113167735051534 0.000870673711204414 0.000459652203753616 0.00144297210426773 0.00116222280461786 0.00223864786549364 -0.00113202691129734 0.00115109445620148 0.0013491968049155 0.000158310154977562 0.00447363245257489 3.5027678226002e-05
"BAOPI" -0.000172632851340379 0.0018516896854669 0.000458235932657805 0.00126792277725413 0.000729656776454468 0.000639596948146986 0.000671681070638465 6.45081891092045e-05 0.000821069425033073 0.000337729212182803 0.00107082678576144 0.000886773432437315 0.000650568177003637 0.000637190572006441 0.00195301046167901 0.000226704894847543 0.000199496080722455 -6.70863318786817e-05 0.000972389314908647 0.00108271602626918 0.00110625271284847 0.00153833761395535 0.00195409506703807 0.00101797867086398 0.0020942831604255 0.00153829109177238 0.00152318231759456 -0.000284444316739737 -0.000726481701443444 0.000452821471139687 0.000883383444329198 0.000691654854665773 0.000338179736011647 0.00202758511271728 -0.000565749202783578 0.000467787620286447 3.5027678226002e-05 0.00358672914518841
