"" "ISPM" "ISNSL" "ISPNS" "PMZS" "PMZI" "PMMT" "NSLNA" "NSLZS" "NSLZI" "NABR" "NAFM" "NAPNS" "BRPT" "BRAPET" "PTFM" "PTAPET" "PTBA" "PTEAM" "PTZYGO" "FMZS" "FMMT" "ZSZI" "ZIMT" "ZIZYGO" "ZITSP" "MTPNS" "PNSAPET" "APETBA" "APETTS" "BAEAM" "EAMZYGO" "ZYGOTSP" "LDAS" "BRLD" "OPILD" "PTAS" "JPAS" "BAOPI"
"ISPM" 0.00869927260857671 0.00742955733388514 0.00719861834579026 0.00674600212189165 0.00518831443672791 0.00450502995174823 0.00553203782891242 0.00667546919365612 0.00450152953054322 0.00348792656304041 0.00400718264462279 0.00492809988893215 0.0026066382832589 0.00333031094668685 0.00655757784330133 0.00317808338020164 0.00293592586115858 0.00374040428364319 0.00484981174893346 0.00245600648452444 0.00551964008161786 0.00422914477916814 0.00473841335101852 0.00498635897500503 0.00392006535994656 0.00632499850198847 0.00446113701330028 0.00362836668548504 0.00350873693836563 0.00445881326772649 0.00461463649381743 0.00432239445376947 0.00385007796153437 0.00245545716905177 0.00385453259785179 0.00314761429046874 0.00446840008404167 0.00132667101881386
"ISNSL" 0.00742955733388514 0.0158914672317523 0.0107995936240364 0.0135471507874736 0.00988038756220682 0.00713994899541627 0.00683465110677029 0.00721791388035903 0.00640963113183935 0.00485022871103165 0.00546234801299392 0.00757749823509004 0.00282204690919337 0.00471801705001521 0.00974589442438798 0.00557717140449251 0.0046970142716479 0.00637382517577052 0.00850387995247486 0.00376745569856787 0.00881627920487716 0.00820032738786911 0.00781645721198034 0.00732881033922713 0.00783560075592643 0.0113108802103593 0.00589798033406964 0.00533632675523873 0.00624685238081656 0.00563698301638487 0.0083082291268191 0.00800561714144156 0.00537202791094514 0.00517838340299102 0.00547609205128146 0.00505672761452926 0.00609998537931339 0.00163425828803804
"ISPNS" 0.00719861834579026 0.0107995936240364 0.00999367579392167 0.0118382230088168 0.00901424145118021 0.00697588356346139 0.00807150360379453 0.0085625831954853 0.00634466776954669 0.00482303474079734 0.005261440208033 0.00749193736171663 0.00286906887858317 0.00469979801784886 0.00958539271673814 0.00501753570406154 0.00455736267836815 0.00573528222078415 0.00783765746071867 0.00368433706886927 0.00809635046513928 0.00764188695204498 0.00689546823743203 0.00763807615530542 0.00724710224704073 0.0100214816986777 0.00600727794576488 0.00564983935238283 0.00547119204246063 0.00586693844679466 0.00733654788651387 0.00711118311502635 0.00559825035721281 0.00438518572312834 0.00555545796514874 0.00461690854184466 0.00639225634931817 0.00201617503417842
"PMZS" 0.00674600212189165 0.0135471507874736 0.0118382230088168 0.0189454129393554 0.0123892324169192 0.00898832128250407 0.0147893938906009 0.0124537994262134 0.00817189995564766 0.00598654030926267 0.00589900630411813 0.00931892903217306 0.00274599211809368 0.00565012276813519 0.0112189112248016 0.00615098808721169 0.00569150932284926 0.00785392058536166 0.0108804748205991 0.00537066699713873 0.0111069988557219 0.0119106025965046 0.00982198967544734 0.0100104907511641 0.010694063091538 0.0130577633131193 0.00851217374439154 0.00752425504033359 0.0081595988731156 0.00723926202889255 0.0095707358344631 0.0102541343546777 0.00655168844645257 0.00630300337312829 0.00670697266184221 0.00602201797737536 0.00819858151126398 0.00216102538926512
"PMZI" 0.00518831443672791 0.00988038756220682 0.00901424145118021 0.0123892324169192 0.0113433989896109 0.00716407731733256 0.00855122254125673 0.00938538715874563 0.00783836359975686 0.00454098592849002 0.00537307125716712 0.00696129629301834 0.0025777656279283 0.00440239232777797 0.00866020037102684 0.00423518885279422 0.00392303011691049 0.00557249101423613 0.00773255555602057 0.00336568314375908 0.00761545728926805 0.00865297731152571 0.00662105421015484 0.00577754033576219 0.00672635672442513 0.00947378715198278 0.00735540487584132 0.0051129832317821 0.00634347453031791 0.00531264525131214 0.0060057243897664 0.00694160836300687 0.00502667978483164 0.00500558430691083 0.00501930284356668 0.00461031122752643 0.00626542436049067 0.00255819495544642
"PMMT" 0.00450502995174823 0.00713994899541627 0.00697588356346139 0.00898832128250407 0.00716407731733256 0.00693331372028913 0.00592634317247958 0.00694222365359747 0.00523799543777166 0.00338543792125702 0.00443276168025609 0.00574499287370281 0.00204798231399422 0.0037179888958593 0.00636563095934824 0.00400670228644425 0.00378054849334563 0.00500300700499707 0.00636749255804822 0.00249125144332575 0.00558755253621687 0.00628906773309701 0.00632062510860662 0.00631306514165521 0.00579492530312319 0.00583904647363921 0.00595598106430749 0.00429263251483307 0.00419887978806977 0.00460318474203152 0.00552075310125606 0.0056774871182349 0.00417442975469916 0.00402125037155813 0.00433112372032344 0.00413631472501666 0.00523858165206746 0.00244015850002672
"NSLNA" 0.00553203782891242 0.00683465110677029 0.00807150360379453 0.0147893938906009 0.00855122254125673 0.00592634317247958 0.0239662030758722 0.0130536999906329 0.00684991504558442 0.00306455756136703 0.00351332095554818 0.00831125644914662 0.00189978191255435 0.00315965845667486 0.00696734085364135 0.0030832597982788 0.00346273547147632 0.00555185726943964 0.00753544014046174 0.00771765958110544 0.0100370727237907 0.00926094610217137 0.00940030405809282 0.00759409228850084 0.00847924036362777 0.00928858912328677 0.00704575460477006 0.00551179106058001 0.00608338424125454 0.00500801924822238 0.0061374796514525 0.007354827589969 0.0039293521367132 0.00291341055463482 0.00377646974458088 0.00395946839051051 0.00566542670672759 0.000939388707094974
"NSLZS" 0.00667546919365612 0.00721791388035903 0.0085625831954853 0.0124537994262134 0.00938538715874563 0.00694222365359747 0.0130536999906329 0.0148005284817469 0.00799750520112534 0.00474225981737574 0.00545815392953619 0.0070381633399647 0.00303422242790154 0.00421819703662846 0.0070993267841341 0.00353067071766513 0.00375825901115119 0.00574117606818231 0.00746742654194448 0.00266087598023147 0.00773332176405187 0.00653431390877227 0.00608992605754738 0.00717092944505504 0.00728968673510539 0.00814948524401722 0.00763114633032554 0.00553906831853374 0.00660127561241724 0.00577489111789493 0.00573066715781669 0.00646098126346455 0.00521283897761892 0.00408360171336693 0.00418385153329441 0.00470313534090121 0.00644164438141324 0.00310824704126967
"NSLZI" 0.00450152953054322 0.00640963113183935 0.00634466776954669 0.00817189995564766 0.00783836359975686 0.00523799543777166 0.00684991504558442 0.00799750520112534 0.00671681122936321 0.00361095554316257 0.00451703440270042 0.00523127729465894 0.00243740966533987 0.00340144344932152 0.00580265057342745 0.00307181242043826 0.00311322293277196 0.00428787678938427 0.00594699863619262 0.00252075217308866 0.00544460873922067 0.00666549634764294 0.00524715728872611 0.00387025633282546 0.00507916184688354 0.00632406058062614 0.00505732561241505 0.00415964419181879 0.00477428857933318 0.00417430886793659 0.00396939139427925 0.00514475353895103 0.0038795334463767 0.00349942286808775 0.00388386148783849 0.00357873840430121 0.00466144525675651 0.00166949035255153
"NABR" 0.00348792656304041 0.00485022871103165 0.00482303474079734 0.00598654030926267 0.00454098592849002 0.00338543792125702 0.00306455756136703 0.00474225981737574 0.00361095554316257 0.00507863692204958 0.0030308365244111 0.00389701248982683 0.00310222442203647 0.00330986046988116 0.00541609934334782 0.0033022237699052 0.00301454033517026 0.00371658780671266 0.00456391644548812 0.00201748049815193 0.00452088783839785 0.0046789917579082 0.00389835954333845 0.00334671586715704 0.00408585007304255 0.00505257737437918 0.00313172939587592 0.0035346813806736 0.00352459022364407 0.00316570630850337 0.0044717913770782 0.00410476810099047 0.00342079198353748 0.00108122078723004 0.00350577505034649 0.00299260599304926 0.00390863496519962 0.00115795664951072
"NAFM" 0.00400718264462279 0.00546234801299392 0.005261440208033 0.00589900630411813 0.00537307125716712 0.00443276168025609 0.00351332095554818 0.00545815392953619 0.00451703440270042 0.0030308365244111 0.0052901466015562 0.00514253702338516 0.00240893947530568 0.00321521240208533 0.00518766516877085 0.00299014566732482 0.00280186960717438 0.00344891542674086 0.00463049446404782 0.00175565069204665 0.00402505805119479 0.00451101786959639 0.00381335355855406 0.00421088274171923 0.0037473442736466 0.00522204716565707 0.00398809097928573 0.00342219191015211 0.00384174998294032 0.00393084354347046 0.00378589521088853 0.00415516091582869 0.00383838805016179 0.00389244927576149 0.00371473834797973 0.00318895217724653 0.00439869096427947 0.0022446345220433
"NAPNS" 0.00492809988893215 0.00757749823509004 0.00749193736171663 0.00931892903217306 0.00696129629301834 0.00574499287370281 0.00831125644914662 0.0070381633399647 0.00523127729465894 0.00389701248982683 0.00514253702338516 0.0083848186028429 0.00271041844298629 0.00415725774108059 0.00790842457008837 0.00421942690694877 0.00392576615443263 0.00514411907878419 0.00651662631393239 0.00342614315091915 0.0074649053188538 0.00643147766831417 0.00667484365096726 0.0066455748990106 0.00599100490341729 0.00766471361588304 0.00502869588098778 0.00464433383282454 0.00468325431821935 0.0051283574482215 0.00599044480622984 0.00577464828521241 0.00476448907086091 0.00345803183847273 0.00489179566707527 0.00427183024398473 0.00550444408302913 0.00233660685030378
"BRPT" 0.0026066382832589 0.00282204690919337 0.00286906887858317 0.00274599211809368 0.0025777656279283 0.00204798231399422 0.00189978191255435 0.00303422242790154 0.00243740966533987 0.00310222442203647 0.00240893947530568 0.00271041844298629 0.00427849944428683 0.00244220558560723 0.00190625105037892 0.000151191603119657 0.000894992391045332 0.00105098916786251 -6.54757000324803e-06 0.00080795695235861 0.00246269489068553 0.00203526688122622 0.00252030761697967 0.00144552323545206 0.00113408065357514 0.00285132022123465 0.00174931899141621 0.00209645902045472 0.00173410469219884 0.00208046909625931 0.00233745314549934 0.000789719822712566 0.00242783877738255 0.000497386692617594 0.00248082819094647 0.0016716900965072 0.00232868123542474 0.00104345317046409
"BRAPET" 0.00333031094668685 0.00471801705001521 0.00469979801784886 0.00565012276813519 0.00440239232777797 0.0037179888958593 0.00315965845667486 0.00421819703662846 0.00340144344932152 0.00330986046988116 0.00321521240208533 0.00415725774108059 0.00244220558560723 0.00380135190604931 0.00486286626280987 0.00344000601579744 0.00304761241415422 0.00357731592665463 0.00448668009472552 0.00186800207287428 0.00410703502405067 0.00434839682578441 0.00376039075416628 0.00388308510950931 0.00396926628641795 0.0048069272746384 0.00303451944423039 0.0034945788865322 0.00337477975613629 0.00363245443978485 0.00391845716502586 0.00385912629022209 0.00348628672109013 0.00290881243115372 0.00415024849220595 0.00293257340030972 0.00422363043900671 0.00119514893174217
"PTFM" 0.00655757784330133 0.00974589442438798 0.00958539271673814 0.0112189112248016 0.00866020037102684 0.00636563095934824 0.00696734085364135 0.0070993267841341 0.00580265057342745 0.00541609934334782 0.00518766516877085 0.00790842457008837 0.00190625105037892 0.00486286626280987 0.0164802202711218 0.00569066229584154 0.00447095701799135 0.00422320302740388 0.0078509606893685 0.00411739535937153 0.00880627240366087 0.00773719761272323 0.0067721598957848 0.00844898293932513 0.00730669057402601 0.010766010701413 0.00712857331638967 0.00621692790766945 0.00529442064521436 0.00648757795631408 0.00848814065385489 0.00692224382731375 0.00521951105712377 0.0048963881785569 0.00560353877464325 0.00334002747897634 0.00707779410023073 0.00129875771209662
"PTAPET" 0.00317808338020164 0.00557717140449251 0.00501753570406154 0.00615098808721169 0.00423518885279422 0.00400670228644425 0.0030832597982788 0.00353067071766513 0.00307181242043826 0.0033022237699052 0.00299014566732482 0.00421942690694877 0.000151191603119657 0.00344000601579744 0.00569066229584154 0.00728373243605685 0.00534120626635887 0.00624008271955389 0.00892249292535848 0.00240437958972645 0.00434271200596413 0.00535159654688083 0.00426228588205326 0.00446336198394204 0.00575704092893046 0.0048847379879619 0.00263678927975768 0.00314615550036559 0.00350843254676698 0.00354867538625642 0.00409972630020611 0.00658588851211518 0.00369805993863205 0.00274468534064621 0.00398421459638013 0.00380106449966885 0.00431458119912125 0.0015588723448083
"PTBA" 0.00293592586115858 0.0046970142716479 0.00455736267836815 0.00569150932284926 0.00392303011691049 0.00378054849334563 0.00346273547147632 0.00375825901115119 0.00311322293277196 0.00301454033517026 0.00280186960717438 0.00392576615443263 0.000894992391045332 0.00304761241415422 0.00447095701799135 0.00534120626635887 0.0046523599029583 0.00526663310793465 0.00686505400530037 0.00223321105631616 0.00400881531949511 0.00499930816133784 0.00427500759452219 0.00414073378073326 0.00504680571476849 0.00439380810828427 0.0028110043478339 0.00388230560044724 0.00297702723214503 0.0035040952652858 0.00387278814312419 0.00538392741586208 0.00341957267409591 0.00261241956899977 0.00367594577044966 0.00352787677823511 0.00415225711605876 0.000931101856658321
"PTEAM" 0.00374040428364319 0.00637382517577052 0.00573528222078415 0.00785392058536166 0.00557249101423613 0.00500300700499707 0.00555185726943964 0.00574117606818231 0.00428787678938427 0.00371658780671266 0.00344891542674086 0.00514411907878419 0.00105098916786251 0.00357731592665463 0.00422320302740388 0.00624008271955389 0.00526663310793465 0.00887788431879325 0.0100588759905353 0.00247987025758614 0.00563257628802456 0.00627617498971222 0.00596474471200427 0.00592703484980463 0.00644895106181114 0.00548771156461268 0.00455303680869652 0.00356731633579035 0.00468227119890033 0.00365612843556701 0.00487625575792072 0.00774575450781309 0.00435181019609077 0.00403821555824183 0.00391267365955132 0.00567572557488436 0.00465039250524551 0.00218208080819778
"PTZYGO" 0.00484981174893346 0.00850387995247486 0.00783765746071867 0.0108804748205991 0.00773255555602057 0.00636749255804822 0.00753544014046174 0.00746742654194448 0.00594699863619262 0.00456391644548812 0.00463049446404782 0.00651662631393239 -6.54757000324803e-06 0.00448668009472552 0.0078509606893685 0.00892249292535848 0.00686505400530037 0.0100588759905353 0.0152353029188135 0.00354498323436756 0.00731460090670793 0.00913150840135291 0.00746066823743237 0.0079223796113158 0.00943688073398024 0.00801523192634842 0.00549317363850514 0.00477228235641793 0.00585906453521317 0.00512236885930313 0.00623655397627131 0.011952274457593 0.00599100924042837 0.00501492808152763 0.00539581589353543 0.00599913223038391 0.00580077966091806 0.00255578941492436
"FMZS" 0.00245600648452444 0.00376745569856787 0.00368433706886927 0.00537066699713873 0.00336568314375908 0.00249125144332575 0.00771765958110544 0.00266087598023147 0.00252075217308866 0.00201748049815193 0.00175565069204665 0.00342614315091915 0.00080795695235861 0.00186800207287428 0.00411739535937153 0.00240437958972645 0.00223321105631616 0.00247987025758614 0.00354498323436756 0.00735722490854578 0.00552896953845144 0.00469504461264047 0.00490567265885143 0.00333158815784267 0.00421522719465694 0.00500998372435898 0.0029536823719517 0.00323992929319112 0.0035041125087076 0.00247047403179084 0.00406090167206826 0.00321696137348656 0.00149315352468541 0.00209310458368128 0.00209877758525251 0.00194054140679765 0.00302311945907813 -0.00116237783744865
"FMMT" 0.00551964008161786 0.00881627920487716 0.00809635046513928 0.0111069988557219 0.00761545728926805 0.00558755253621687 0.0100370727237907 0.00773332176405187 0.00544460873922067 0.00452088783839785 0.00402505805119479 0.0074649053188538 0.00246269489068553 0.00410703502405067 0.00880627240366087 0.00434271200596413 0.00400881531949511 0.00563257628802456 0.00731460090670793 0.00552896953845144 0.0101482678977622 0.00735278642481965 0.00846318505644331 0.0072879009779549 0.00746017548223676 0.0104867449647764 0.00587900822014871 0.00536393052263463 0.00622867452522757 0.00533636037694856 0.00770793595150867 0.00668393355846961 0.0041041431428535 0.00322504850669972 0.00473727938058936 0.00428721489646153 0.00601809132908225 0.000298199742560534
"ZSZI" 0.00422914477916814 0.00820032738786911 0.00764188695204498 0.0119106025965046 0.00865297731152571 0.00628906773309701 0.00926094610217137 0.00653431390877227 0.00666549634764294 0.0046789917579082 0.00451101786959639 0.00643147766831417 0.00203526688122622 0.00434839682578441 0.00773719761272323 0.00535159654688083 0.00499930816133784 0.00627617498971222 0.00913150840135291 0.00469504461264047 0.00735278642481965 0.011896853397484 0.00777006663811478 0.00563322684308375 0.00772427001899797 0.00881373814035328 0.00525824160656964 0.0058882793063688 0.00549956192906663 0.00516593392493235 0.0065187153369793 0.00825352160589371 0.00497672484116096 0.00451617553909544 0.00603301908136592 0.00462972852056247 0.00559767412067496 0.000592743874624737
"ZIMT" 0.00473841335101852 0.00781645721198034 0.00689546823743203 0.00982198967544734 0.00662105421015484 0.00632062510860662 0.00940030405809282 0.00608992605754738 0.00524715728872611 0.00389835954333845 0.00381335355855406 0.00667484365096726 0.00252030761697967 0.00376039075416628 0.0067721598957848 0.00426228588205326 0.00427500759452219 0.00596474471200427 0.00746066823743237 0.00490567265885143 0.00846318505644331 0.00777006663811478 0.0140810407652621 0.00582741355478072 0.00657076861915273 0.00643037229399519 0.00525386544083784 0.00471676025280123 0.00502295397396154 0.00506050189982779 0.00742568768809402 0.00689092453464911 0.00358155214907642 0.00348870082166103 0.00433819103052712 0.00447282006301621 0.00507528247892031 -5.81376061123402e-05
"ZIZYGO" 0.00498635897500503 0.00732881033922713 0.00763807615530542 0.0100104907511641 0.00577754033576219 0.00631306514165521 0.00759409228850084 0.00717092944505504 0.00387025633282546 0.00334671586715704 0.00421088274171923 0.0066455748990106 0.00144552323545206 0.00388308510950931 0.00844898293932513 0.00446336198394204 0.00414073378073326 0.00592703484980463 0.0079223796113158 0.00333158815784267 0.0072879009779549 0.00563322684308375 0.00582741355478072 0.0129553104976895 0.00691033825213209 0.00864419921058623 0.00663814532877705 0.00542099514773071 0.00502185276473142 0.00587253683535285 0.00478110676461938 0.00777706176610585 0.00439403292031064 0.00459631672962134 0.00434052240571158 0.00452064928392802 0.00636138394966097 0.00207276107359118
"ZITSP" 0.00392006535994656 0.00783560075592643 0.00724710224704073 0.010694063091538 0.00672635672442513 0.00579492530312319 0.00847924036362777 0.00728968673510539 0.00507916184688354 0.00408585007304255 0.0037473442736466 0.00599100490341729 0.00113408065357514 0.00396926628641795 0.00730669057402601 0.00575704092893046 0.00504680571476849 0.00644895106181114 0.00943688073398024 0.00421522719465694 0.00746017548223676 0.00772427001899797 0.00657076861915273 0.00691033825213209 0.0113576702554489 0.0087384540197307 0.00556788192519954 0.00541892444026692 0.00559775999178778 0.00483742975003348 0.00782857929895879 0.00810612090567906 0.00437246050838107 0.00354147796049196 0.00497228430002565 0.00440216658254793 0.00605886146454525 0.000662222250533371
"MTPNS" 0.00632499850198847 0.0113108802103593 0.0100214816986777 0.0130577633131193 0.00947378715198278 0.00583904647363921 0.00928858912328677 0.00814948524401722 0.00632406058062614 0.00505257737437918 0.00522204716565707 0.00766471361588304 0.00285132022123465 0.0048069272746384 0.010766010701413 0.0048847379879619 0.00439380810828427 0.00548771156461268 0.00801523192634842 0.00500998372435898 0.0104867449647764 0.00881373814035328 0.00643037229399519 0.00864419921058623 0.0087384540197307 0.0158085503630661 0.00620271576619475 0.00650623036815071 0.00785648535716054 0.00624104053004353 0.0090224151684047 0.00822788901755405 0.00560445622158293 0.00466831793384088 0.00585641733557109 0.00447708211741142 0.00730580566279683 0.000870843362030404
"PNSAPET" 0.00446113701330028 0.00589798033406964 0.00600727794576488 0.00851217374439154 0.00735540487584132 0.00595598106430749 0.00704575460477006 0.00763114633032554 0.00505732561241505 0.00313172939587592 0.00398809097928573 0.00502869588098778 0.00174931899141621 0.00303451944423039 0.00712857331638967 0.00263678927975768 0.0028110043478339 0.00455303680869652 0.00549317363850514 0.0029536823719517 0.00587900822014871 0.00525824160656964 0.00525386544083784 0.00663814532877705 0.00556788192519954 0.00620271576619475 0.0136069243172913 0.0032021083618992 0.00261443775778774 0.00425473565377546 0.00760553807950704 0.00518210797610897 0.00368786819178081 0.00384294256039909 0.00309254337587668 0.00417409600190613 0.00565821608252841 0.00250100671007668
"APETBA" 0.00362836668548504 0.00533632675523873 0.00564983935238283 0.00752425504033359 0.0051129832317821 0.00429263251483307 0.00551179106058001 0.00553906831853374 0.00415964419181879 0.0035346813806736 0.00342219191015211 0.00464433383282454 0.00209645902045472 0.0034945788865322 0.00621692790766945 0.00314615550036559 0.00388230560044724 0.00356731633579035 0.00477228235641793 0.00323992929319112 0.00536393052263463 0.0058882793063688 0.00471676025280123 0.00542099514773071 0.00541892444026692 0.00650623036815071 0.0032021083618992 0.00742375518140963 0.00458574513471562 0.00481496576371017 0.00532554193108753 0.00478207884988623 0.00387801011136809 0.00323254185700102 0.00410209251551422 0.00299239228260025 0.00542630228689835 -0.000267347942324774
"APETTS" 0.00350873693836563 0.00624685238081656 0.00547119204246063 0.0081595988731156 0.00634347453031791 0.00419887978806977 0.00608338424125454 0.00660127561241724 0.00477428857933318 0.00352459022364407 0.00384174998294032 0.00468325431821935 0.00173410469219884 0.00337477975613629 0.00529442064521436 0.00350843254676698 0.00297702723214503 0.00468227119890033 0.00585906453521317 0.0035041125087076 0.00622867452522757 0.00549956192906663 0.00502295397396154 0.00502185276473142 0.00559775999178778 0.00785648535716054 0.00261443775778774 0.00458574513471562 0.0115709098603502 0.00440443499195291 0.00511281637505486 0.00514121392769019 0.00304100091697162 0.00415992878673056 0.00309169727668913 0.0037006042965148 0.00509982584940522 0.00169722364900144
"BAEAM" 0.00445881326772649 0.00563698301638487 0.00586693844679466 0.00723926202889255 0.00531264525131214 0.00460318474203152 0.00500801924822238 0.00577489111789493 0.00417430886793659 0.00316570630850337 0.00393084354347046 0.0051283574482215 0.00208046909625931 0.00363245443978485 0.00648757795631408 0.00354867538625642 0.0035040952652858 0.00365612843556701 0.00512236885930313 0.00247047403179084 0.00533636037694856 0.00516593392493235 0.00506050189982779 0.00587253683535285 0.00483742975003348 0.00624104053004353 0.00425473565377546 0.00481496576371017 0.00440443499195291 0.00564154538871214 0.0047115687779352 0.00467710640388768 0.00380685162395213 0.00365041488189953 0.00439233648653352 0.00316009799217104 0.00530442276382874 0.00108415430322353
"EAMZYGO" 0.00461463649381743 0.0083082291268191 0.00733654788651387 0.0095707358344631 0.0060057243897664 0.00552075310125606 0.0061374796514525 0.00573066715781669 0.00396939139427925 0.0044717913770782 0.00378589521088853 0.00599044480622984 0.00233745314549934 0.00391845716502586 0.00848814065385489 0.00409972630020611 0.00387278814312419 0.00487625575792072 0.00623655397627131 0.00406090167206826 0.00770793595150867 0.0065187153369793 0.00742568768809402 0.00478110676461938 0.00782857929895879 0.0090224151684047 0.00760553807950704 0.00532554193108753 0.00511281637505486 0.0047115687779352 0.0151515183204909 0.006014310270418 0.00462235291385364 0.0034806540305943 0.00453373477161308 0.00367328249900873 0.00567334004120902 0.00126677932322183
"ZYGOTSP" 0.00432239445376947 0.00800561714144156 0.00711118311502635 0.0102541343546777 0.00694160836300687 0.0056774871182349 0.007354827589969 0.00646098126346455 0.00514475353895103 0.00410476810099047 0.00415516091582869 0.00577464828521241 0.000789719822712566 0.00385912629022209 0.00692224382731375 0.00658588851211518 0.00538392741586208 0.00774575450781309 0.011952274457593 0.00321696137348656 0.00668393355846961 0.00825352160589371 0.00689092453464911 0.00777706176610585 0.00810612090567906 0.00822788901755405 0.00518210797610897 0.00478207884988623 0.00514121392769019 0.00467710640388768 0.006014310270418 0.0121424102472038 0.00540264121454253 0.0044336167281268 0.00485965988416224 0.00505994095598087 0.00570961617848517 0.00200601887497331
"LDAS" 0.00385007796153437 0.00537202791094514 0.00559825035721281 0.00655168844645257 0.00502667978483164 0.00417442975469916 0.0039293521367132 0.00521283897761892 0.0038795334463767 0.00342079198353748 0.00383838805016179 0.00476448907086091 0.00242783877738255 0.00348628672109013 0.00521951105712377 0.00369805993863205 0.00341957267409591 0.00435181019609077 0.00599100924042837 0.00149315352468541 0.0041041431428535 0.00497672484116096 0.00358155214907642 0.00439403292031064 0.00437246050838107 0.00560445622158293 0.00368786819178081 0.00387801011136809 0.00304100091697162 0.00380685162395213 0.00462235291385364 0.00540264121454253 0.00877104585185907 0.00263152537719116 0.00584924271120739 0.00287196431815727 0.00259725633678018 0.003043118171106
"BRLD" 0.00245545716905177 0.00517838340299102 0.00438518572312834 0.00630300337312829 0.00500558430691083 0.00402125037155813 0.00291341055463482 0.00408360171336693 0.00349942286808775 0.00108122078723004 0.00389244927576149 0.00345803183847273 0.000497386692617594 0.00290881243115372 0.0048963881785569 0.00274468534064621 0.00261241956899977 0.00403821555824183 0.00501492808152763 0.00209310458368128 0.00322504850669972 0.00451617553909544 0.00348870082166103 0.00459631672962134 0.00354147796049196 0.00466831793384088 0.00384294256039909 0.00323254185700102 0.00415992878673056 0.00365041488189953 0.0034806540305943 0.0044336167281268 0.00263152537719116 0.0109501952312866 0.00140337663310172 0.00380958154777574 0.00364435770983994 0.00175727766538899
"OPILD" 0.00385453259785179 0.00547609205128146 0.00555545796514874 0.00670697266184221 0.00501930284356668 0.00433112372032344 0.00377646974458088 0.00418385153329441 0.00388386148783849 0.00350577505034649 0.00371473834797973 0.00489179566707527 0.00248082819094647 0.00415024849220595 0.00560353877464325 0.00398421459638013 0.00367594577044966 0.00391267365955132 0.00539581589353543 0.00209877758525251 0.00473727938058936 0.00603301908136592 0.00433819103052712 0.00434052240571158 0.00497228430002565 0.00585641733557109 0.00309254337587668 0.00410209251551422 0.00309169727668913 0.00439233648653352 0.00453373477161308 0.00485965988416224 0.00584924271120739 0.00140337663310172 0.00910700369040632 0.00296877489932231 0.00500424340420197 -0.000361639622645237
"PTAS" 0.00314761429046874 0.00505672761452926 0.00461690854184466 0.00602201797737536 0.00461031122752643 0.00413631472501666 0.00395946839051051 0.00470313534090121 0.00357873840430121 0.00299260599304926 0.00318895217724653 0.00427183024398473 0.0016716900965072 0.00293257340030972 0.00334002747897634 0.00380106449966885 0.00352787677823511 0.00567572557488436 0.00599913223038391 0.00194054140679765 0.00428721489646153 0.00462972852056247 0.00447282006301621 0.00452064928392802 0.00440216658254793 0.00447708211741142 0.00417409600190613 0.00299239228260025 0.0037006042965148 0.00316009799217104 0.00367328249900873 0.00505994095598087 0.00287196431815727 0.00380958154777574 0.00296877489932231 0.004749553340319 0.00425391448458883 0.00192905085351406
"JPAS" 0.00446840008404167 0.00609998537931339 0.00639225634931817 0.00819858151126398 0.00626542436049067 0.00523858165206746 0.00566542670672759 0.00644164438141324 0.00466144525675651 0.00390863496519962 0.00439869096427947 0.00550444408302913 0.00232868123542474 0.00422363043900671 0.00707779410023073 0.00431458119912125 0.00415225711605876 0.00465039250524551 0.00580077966091806 0.00302311945907813 0.00601809132908225 0.00559767412067496 0.00507528247892031 0.00636138394966097 0.00605886146454525 0.00730580566279683 0.00565821608252841 0.00542630228689835 0.00509982584940522 0.00530442276382874 0.00567334004120902 0.00570961617848517 0.00259725633678018 0.00364435770983994 0.00500424340420197 0.00425391448458883 0.0102817912838738 0.00136016248263965
"BAOPI" 0.00132667101881386 0.00163425828803804 0.00201617503417842 0.00216102538926512 0.00255819495544642 0.00244015850002672 0.000939388707094974 0.00310824704126967 0.00166949035255153 0.00115795664951072 0.0022446345220433 0.00233660685030378 0.00104345317046409 0.00119514893174217 0.00129875771209662 0.0015588723448083 0.000931101856658321 0.00218208080819778 0.00255578941492436 -0.00116237783744865 0.000298199742560534 0.000592743874624737 -5.81376061123402e-05 0.00207276107359118 0.000662222250533371 0.000870843362030404 0.00250100671007668 -0.000267347942324774 0.00169722364900144 0.00108415430322353 0.00126677932322183 0.00200601887497331 0.003043118171106 0.00175727766538899 -0.000361639622645237 0.00192905085351406 0.00136016248263965 0.00815785053332703
