"" "ISPM" "ISNSL" "ISPNS" "PMZS" "PMZI" "PMMT" "NSLNA" "NSLZS" "NSLZI" "NABR" "NAFM" "NAPNS" "BRPT" "BRAPET" "PTFM" "PTAPET" "PTBA" "PTEAM" "PTZYGO" "FMZS" "FMMT" "ZSZI" "ZIMT" "ZIZYGO" "ZITSP" "MTPNS" "PNSAPET" "APETBA" "APETTS" "BAEAM" "EAMZYGO" "ZYGOTSP" "LDAS" "BRLD" "OPILD" "PTAS" "JPAS" "BAOPI"
"ISPM" 0.0047581687924197 0.00439915270111232 0.00341058917980941 0.00409907965646201 0.0026881840664544 0.0021878232081723 0.00359531279096248 0.0024601588478554 0.0021257271759482 0.00123704189057701 0.00195646304730582 0.00201679731501833 0.00140022903301608 0.00178350724969727 0.0041326682135014 0.000969655955796143 0.00112938589809466 0.000795843004542251 0.00177401110485625 0.000332276517807449 0.00163760692882653 0.00177859236401773 0.000879079089043326 0.00396046794608127 0.00195060251165131 0.00291118567564306 0.00378759968100493 0.001964050646166 0.00148173833681702 0.00198394267279824 0.00121976871229614 0.00286804994988763 1.94610186282833e-05 0.000593590058178466 0.00183317302448799 0.000630782461134235 0.0028329265082773 -0.00113140678739089
"ISNSL" 0.00439915270111232 0.00859793931579132 0.00539085065071355 0.00747869061256267 0.00476423636649958 0.00388064342422793 0.0028148455009454 0.00333043213745864 0.00288889363999451 0.00182463983300027 0.00329741515383781 0.00302773426123458 0.00178306360440577 0.00218276759094976 0.00537533930697567 0.00113822423971958 0.00151892978697218 0.0010317310598191 0.00224695968908586 0.0015613961223468 0.00221515875546507 0.00172765429305642 0.00218669407304929 0.00650000389512297 0.00317031918331797 0.00399191021922799 0.00555405332904404 0.00282992141489147 0.00291663201571872 0.00299066847024483 0.00294208149221589 0.00408584082003787 -3.33935937303895e-06 0.000409518720315454 0.00194067389675816 0.000780383150503231 0.00282233902706985 0.00123850043527394
"ISPNS" 0.00341058917980941 0.00539085065071355 0.00559317626620518 0.00613517656837789 0.004349442783109 0.00375439936022325 0.00410150270765698 0.00363974165617701 0.0027225902482899 0.0016094360102097 0.00323178615372143 0.00343816333751707 0.00181681405549923 0.00202052965308117 0.00472300967878668 0.00128731485074594 0.0016708903716204 0.000871768876014905 0.00190199813754473 0.00133026129581478 0.00192521084507772 0.00155115100515223 0.00209290404672355 0.0050983006330846 0.00316229765103458 0.00307261530049742 0.00291431394606613 0.00284632310668133 0.00219142891148778 0.002392109504724 0.00327916860966813 0.00380964441371009 -9.43477044264953e-05 0.000912934839465143 0.00144515687289903 0.000835599591235467 0.00220074204772103 0.00055900952028753
"PMZS" 0.00409907965646201 0.00747869061256267 0.00613517656837789 0.0116252703234926 0.00772205401991681 0.00575599284939036 0.00677105986289821 0.0062029005975847 0.00455317343394476 0.00239907238262524 0.00514414364090416 0.00434101412477396 0.00222810528610392 0.00288186134910244 0.00768121864206692 0.00167596153223295 0.00226164577448459 0.00135926764127134 0.00261646007513745 0.00203302410292151 0.00389860314982849 0.00321624122874454 0.00314876248470111 0.00929140955458469 0.00470300488654791 0.0062267925788935 0.00892205831619899 0.00508166864869231 0.00574855246173431 0.00440096900766185 0.00556212271373507 0.00492472976637526 -0.00095569066072021 0.000350887480246373 0.00136842620634169 0.00105496548920617 0.00455843081860387 0.00323269045874651
"PMZI" 0.0026881840664544 0.00476423636649958 0.004349442783109 0.00772205401991681 0.00667900519918129 0.00450568987537135 0.00574673603792945 0.00404323259430492 0.00408431770979781 0.00167382801162815 0.00358103413280461 0.00287275083658435 0.00184139191872158 0.00239485127265808 0.00560068967809371 0.00127582392431655 0.0016583578775923 0.00102118393557751 0.00206892534652228 0.00172676882849831 0.00264241223138297 0.00415316810690945 0.00176319391626587 0.00567443340751388 0.00364564115380697 0.00488267683316083 0.00703688894826178 0.00372820016610439 0.00356406037384839 0.00301972464972148 0.00378677439494513 0.00438566140731957 -0.000362276627841649 0.000211744304510409 0.000968408166816779 0.000647271996919387 0.00216763540451122 0.00385904438593371
"PMMT" 0.0021878232081723 0.00388064342422793 0.00375439936022325 0.00575599284939036 0.00450568987537135 0.00425981215861038 0.00374602790163683 0.0034054455931011 0.00286844168765381 0.0013956722579315 0.00314787708472032 0.00259888810250034 0.00176236535135508 0.00191665505422675 0.00446389694731277 0.00138902926474215 0.00160157165143316 0.00104847740891868 0.00176816572131503 0.00172210167426398 0.00233921949733363 0.0024618300194484 0.00285612181371347 0.00503487961484619 0.00374605733605222 0.00325774844404732 0.00584994215058834 0.00296984568972112 0.00315567880072968 0.00223041794839226 0.00452260053758539 0.00399664413929174 -0.000582704072329272 0.00022349475937876 0.00103491877644223 0.000929272198255445 0.00250690803656065 0.00169624745659068
"NSLNA" 0.00359531279096248 0.0028148455009454 0.00410150270765698 0.00677105986289821 0.00574673603792945 0.00374602790163683 0.0276674575416018 0.00363050927629148 0.00350477448996389 -0.00273490137751202 0.00233300373182908 0.00455895291989823 0.000522071742945903 0.00127826038645572 0.00543917409179152 0.000404527890273125 0.00106764516360174 0.000901871170261264 0.00237723017189762 0.000489288549052151 0.000613186660895026 0.00288603738085705 -6.54732630872401e-05 0.00548720511276123 0.00284892679171643 0.00329838749924555 0.00452804509353004 0.00397595298996962 0.00227224940150649 0.00201575057935187 -0.000152305474983581 0.00453473887402409 0.00156432280658813 0.00147608901296841 0.00297786461057181 0.000743513664389114 0.00425600105846745 -0.0021330995368571
"NSLZS" 0.0024601588478554 0.00333043213745864 0.00363974165617701 0.0062029005975847 0.00404323259430492 0.0034054455931011 0.00363050927629148 0.00642943566671969 0.00318251773158833 0.00167633866722468 0.00373367079229856 0.00330658230035367 0.0017198776590921 0.00169623482148645 0.00517538641825699 0.00166947543096436 0.00170312020307039 0.00106795553938165 0.00197322964715814 -0.000248336226762783 0.00243075627261435 0.000457088317041159 0.00223403043325386 0.0053702853354139 0.00344477602298195 0.00328106250749185 0.00480706544022084 0.00287121830164924 0.00436450563238507 0.00265583591056697 0.00460216310168371 0.00338516184298209 -0.00105529015137139 0.000869915587131484 0.000761067509160394 0.00142661938129324 0.00375319119278365 0.00112588878551206
"NSLZI" 0.0021257271759482 0.00288889363999451 0.0027225902482899 0.00455317343394476 0.00408431770979781 0.00286844168765381 0.00350477448996389 0.00318251773158833 0.00321035371468676 0.00130183598695342 0.00248283945550426 0.00241482374789812 0.00138705919149367 0.00164653893092883 0.00385721023169166 0.00123398579959762 0.00133495208829318 0.000982290697820058 0.00176351708657518 0.000927004729462729 0.00202409572739905 0.00333446453933421 0.00139820032590301 0.00334828553036992 0.00267343461338663 0.00303625410627181 0.00482772595146192 0.00238631221728883 0.00300556452746039 0.00210210382393232 0.00318905354086356 0.00329297651837234 -0.000315289960275703 2.18842554559666e-05 0.0007039157666194 0.000892533193652452 0.00163572418132203 0.00283039946396132
"NABR" 0.00123704189057701 0.00182463983300027 0.0016094360102097 0.00239907238262524 0.00167382801162815 0.0013956722579315 -0.00273490137751202 0.00167633866722468 0.00130183598695342 0.00234096734371081 0.00162406872838924 0.00105815357066283 0.00159485979403411 0.00137871299066283 0.00193678947367238 0.00130199974937397 0.00119849506651165 0.000959126942043785 0.0011196902843151 0.00125394539971507 0.0016964140770435 0.00102658352841571 0.0012577933327291 0.00240655747780518 0.00175111569127014 0.0019742022697204 0.00281232644507545 0.00114527967844963 0.00221326593714069 0.00134937044840004 0.00274592188417006 0.00150458647842511 -0.00075603835894432 -0.000144990864852798 -0.000126374559770475 0.000755581553239481 0.00124288865086451 0.00139731407492778
"NAFM" 0.00195646304730582 0.00329741515383781 0.00323178615372143 0.00514414364090416 0.00358103413280461 0.00314787708472032 0.00233300373182908 0.00373367079229856 0.00248283945550426 0.00162406872838924 0.00345465595436973 0.00289041596535303 0.00156474382874861 0.00165860710274753 0.00420856017802256 0.00145293465084755 0.0015651279139553 0.000919645930972355 0.00195411678448067 0.00174793854675442 0.00233859554861428 0.00147352645617437 0.00243807409923731 0.00508236819857482 0.00322520819204656 0.00282621170570293 0.00450899959985906 0.00263964984141431 0.0033691349683226 0.00226149327093204 0.00386047222991977 0.00364071824054555 -0.000969176786358165 0.000321496047302648 0.00044648383060637 0.000963373997141731 0.00246956716219374 0.00183607465925816
"NAPNS" 0.00201679731501833 0.00302773426123458 0.00343816333751707 0.00434101412477396 0.00287275083658435 0.00259888810250034 0.00455895291989823 0.00330658230035367 0.00241482374789812 0.00105815357066283 0.00289041596535303 0.00503060175548507 0.00117952052805251 0.00127599949597034 0.00365159898817224 0.00158044044841965 0.00168969307122664 0.00131925816600494 0.0020735200267684 0.00100925426601574 0.00221003638833452 0.0013085853826012 0.00325736569675695 0.00404937845893687 0.00248497887123079 0.000595117722901341 0.00271244102712429 0.00195477632799 0.00311627228764871 0.00232035350601591 0.00330573210545324 0.00277392951882454 -0.000286370746400797 9.14623783364058e-05 0.000658875385245908 0.0013899456949745 0.00156167311309815 0.00215416795012056
"BRPT" 0.00140022903301608 0.00178306360440577 0.00181681405549923 0.00222810528610392 0.00184139191872158 0.00176236535135508 0.000522071742945903 0.0017198776590921 0.00138705919149367 0.00159485979403411 0.00156474382874861 0.00117952052805251 0.00193906659882427 0.0014910329710401 0.00166084637580732 0.00135006797332498 0.00119045969715878 0.000892433848977621 0.000957924333734781 0.00102455881838855 0.00139357780655607 0.00113718538237523 0.00129623122614373 0.00218040888080253 0.00183716240682079 0.00178254777403488 0.00280201174073345 0.00112243372592103 0.00207441739441249 0.00109693034171398 0.00278266297564313 0.00189782054981844 -0.00038558052395123 0.000178298740866241 0.00051758900111028 0.000742747495272097 0.00182730824607487 -0.000109342017808151
"BRAPET" 0.00178350724969727 0.00218276759094976 0.00202052965308117 0.00288186134910244 0.00239485127265808 0.00191665505422675 0.00127826038645572 0.00169623482148645 0.00164653893092883 0.00137871299066283 0.00165860710274753 0.00127599949597034 0.0014910329710401 0.00178895497168214 0.00251762722032637 0.00132683917247847 0.00124405706451718 0.000973662409612271 0.00136600244805891 0.001199382789273 0.00155029871291755 0.00164259108859517 0.000968862953214568 0.00261758202554041 0.00203546150460311 0.00260434821973413 0.00321929955419064 0.00168485805106656 0.00216698072779424 0.00140118949045861 0.00249684563348747 0.00227249770085782 -0.000165146002497918 0.00037325892713295 0.000971786571733946 0.000649966499966868 0.00210524140732298 0.000453910942543857
"PTFM" 0.0041326682135014 0.00537533930697567 0.00472300967878668 0.00768121864206692 0.00560068967809371 0.00446389694731277 0.00543917409179152 0.00517538641825699 0.00385721023169166 0.00193678947367238 0.00420856017802256 0.00365159898817224 0.00166084637580732 0.00251762722032637 0.0109742903889431 0.00122241406564862 0.00132462529874217 -0.000439959615603791 0.00141859426266513 0.00137631070110444 0.00334510562848594 0.00300999168575742 0.00206529758865745 0.00683797373244383 0.0049547888434658 0.0056925603855527 0.00788665604200535 0.00424759595418075 0.00526534671689274 0.00360416921142127 0.00598634836108248 0.00453898523598044 -0.00161307691911851 0.00172663256697515 0.000956228058009627 0.00039523808364031 0.0040694718115121 0.000436417090610463
"PTAPET" 0.000969655955796143 0.00113822423971958 0.00128731485074594 0.00167596153223295 0.00127582392431655 0.00138902926474215 0.000404527890273125 0.00166947543096436 0.00123398579959762 0.00130199974937397 0.00145293465084755 0.00158044044841965 0.00135006797332498 0.00132683917247847 0.00122241406564862 0.00265131014394486 0.00178493448028684 0.00191387575278171 0.002386461602461 0.000803048418178626 0.00157426762981888 0.0012653207184138 0.00151686398214001 0.00234810853302308 0.00194315275693306 0.00163907886445973 0.00303913669858141 0.000153210664221829 0.00281680484983308 0.00115282321125305 0.00235638706109753 0.0020997004783347 -0.000502295903152826 -0.000200899543079746 0.000650449274559282 0.00160312169338435 0.00215606382129249 0.00052163514194245
"PTBA" 0.00112938589809466 0.00151892978697218 0.0016708903716204 0.00226164577448459 0.0016583578775923 0.00160157165143316 0.00106764516360174 0.00170312020307039 0.00133495208829318 0.00119849506651165 0.0015651279139553 0.00168969307122664 0.00119045969715878 0.00124405706451718 0.00132462529874217 0.00178493448028684 0.00168274282514051 0.00176276540544931 0.00213757062303783 0.000934606855012633 0.0014747243973771 0.00103069130978461 0.00181606358858176 0.00271502821572212 0.00187305439629047 0.00155661734355425 0.00257673647771899 0.00139793341869294 0.0020444106277836 0.00137797772239581 0.00200660245786549 0.00223289923218631 -0.000156272319695701 -0.000265556176182136 0.000736845869380116 0.00130515186801601 0.00166253651579145 0.000998954197563307
"PTEAM" 0.000795843004542251 0.0010317310598191 0.000871768876014905 0.00135926764127134 0.00102118393557751 0.00104847740891868 0.000901871170261264 0.00106795553938165 0.000982290697820058 0.000959126942043785 0.000919645930972355 0.00131925816600494 0.000892433848977621 0.000973662409612271 -0.000439959615603791 0.00191387575278171 0.00176276540544931 0.00315115002703981 0.00302018424823539 0.000315077170671476 0.00112557331251022 0.000949787333210893 0.00140897457862604 0.00219665853862691 0.0013438025346928 0.0012467541858604 0.00247088125082513 0.00051591226276731 0.00125538897449035 0.000847948956058359 0.00120345672268745 0.00169014301157763 0.000388769783984104 -0.00090486281581212 0.00113099366150254 0.0019234246379788 0.00185378720144423 0.00150141758390286
"PTZYGO" 0.00177401110485625 0.00224695968908586 0.00190199813754473 0.00261646007513745 0.00206892534652228 0.00176816572131503 0.00237723017189762 0.00197322964715814 0.00176351708657518 0.0011196902843151 0.00195411678448067 0.0020735200267684 0.000957924333734781 0.00136600244805891 0.00141859426266513 0.002386461602461 0.00213757062303783 0.00302018424823539 0.0046269265601013 0.00113238906206765 0.00165377988431747 0.00187088958189134 0.00165369889381869 0.00399259232262144 0.00245642069847201 0.0020170449507239 0.00330244961175162 0.00131818064848987 0.00165913059491406 0.00135046382826044 0.000743463680533853 0.0040013612591057 0.000181373563348015 -0.000868942062803304 0.00111904758271168 0.00187094702235918 0.00176962632615239 0.0026236785571222
"FMZS" 0.000332276517807449 0.0015613961223468 0.00133026129581478 0.00203302410292151 0.00172676882849831 0.00172210167426398 0.000489288549052151 -0.000248336226762783 0.000927004729462729 0.00125394539971507 0.00174793854675442 0.00100925426601574 0.00102455881838855 0.001199382789273 0.00137631070110444 0.000803048418178626 0.000934606855012633 0.000315077170671476 0.00113238906206765 0.00473428670263309 0.00194054232927998 0.00173520618250823 0.00136608251989752 0.00254522147363503 0.002220366097349 0.00187781623669198 0.00242449127241661 0.00189708862958004 0.00150532416639289 0.000979071779076413 0.00254336919608895 0.00265364337740527 -0.000441250568181862 -0.000197286705374938 -0.00039482392168665 0.000312386265856611 0.000752302246337901 0.0028322489879193
"FMMT" 0.00163760692882653 0.00221515875546507 0.00192521084507772 0.00389860314982849 0.00264241223138297 0.00233921949733363 0.000613186660895026 0.00243075627261435 0.00202409572739905 0.0016964140770435 0.00233859554861428 0.00221003638833452 0.00139357780655607 0.00155029871291755 0.00334510562848594 0.00157426762981888 0.0014747243973771 0.00112557331251022 0.00165377988431747 0.00194054232927998 0.00307596478195648 0.00225756652879377 0.00247395273244316 0.00404912601228182 0.0027145978100012 0.00273974477180365 0.00462048112575561 0.00210280973443797 0.00331024461935895 0.00210569179855249 0.00355614169083928 0.00256079218857053 -0.000899716082891797 -0.000599712330963057 0.00024751499077542 0.00118572803325251 0.00232221629585758 0.00272786924629827
"ZSZI" 0.00177859236401773 0.00172765429305642 0.00155115100515223 0.00321624122874454 0.00415316810690945 0.0024618300194484 0.00288603738085705 0.000457088317041159 0.00333446453933421 0.00102658352841571 0.00147352645617437 0.0013085853826012 0.00113718538237523 0.00164259108859517 0.00300999168575742 0.0012653207184138 0.00103069130978461 0.000949787333210893 0.00187088958189134 0.00173520618250823 0.00225756652879377 0.00728674169962451 0.000360628605212204 0.0016482897487282 0.00230671231524938 0.00329353392708889 0.00546344122885528 0.0016715674130965 0.00257865766601793 0.00148576078025606 0.00214988211532033 0.00348285238075247 -0.000110162149309558 -0.00114701055962861 0.000661610652856084 0.000581992747639386 0.000182229314661608 0.00388279270858439
"ZIMT" 0.000879079089043326 0.00218669407304929 0.00209290404672355 0.00314876248470111 0.00176319391626587 0.00285612181371347 -6.54732630872401e-05 0.00223403043325386 0.00139820032590301 0.0012577933327291 0.00243807409923731 0.00325736569675695 0.00129623122614373 0.000968862953214568 0.00206529758865745 0.00151686398214001 0.00181606358858176 0.00140897457862604 0.00165369889381869 0.00136608251989752 0.00247395273244316 0.000360628605212204 0.00738457525718116 0.00376498411342237 0.00308245425426119 -0.00148704615157369 0.00377640533787583 0.0021082683518326 0.00214611679619458 0.00207806977922452 0.00419066939607122 0.00329641293658072 -0.000797894141890117 -0.000994324132771741 -0.000225595840913328 0.00134129046406156 0.00074143596086722 0.00363398149919493
"ZIZYGO" 0.00396046794608127 0.00650000389512297 0.0050983006330846 0.00929140955458469 0.00567443340751388 0.00503487961484619 0.00548720511276123 0.0053702853354139 0.00334828553036992 0.00240655747780518 0.00508236819857482 0.00404937845893687 0.00218040888080253 0.00261758202554041 0.00683797373244383 0.00234810853302308 0.00271502821572212 0.00219665853862691 0.00399259232262144 0.00254522147363503 0.00404912601228182 0.0016482897487282 0.00376498411342237 0.0134971882009579 0.00493461933551163 0.00651956178945922 0.00929065540442633 0.00435534304995265 0.00461407620507984 0.0043890776109138 0.00199360541159602 0.00448704688301199 -0.00102607900217825 -0.000696185676609304 0.00144588361024887 0.00173371139432957 0.00479508420697349 0.00267635329362453
"ZITSP" 0.00195060251165131 0.00317031918331797 0.00316229765103458 0.00470300488654791 0.00364564115380697 0.00374605733605222 0.00284892679171643 0.00344477602298195 0.00267343461338663 0.00175111569127014 0.00322520819204656 0.00248497887123079 0.00183716240682079 0.00203546150460311 0.0049547888434658 0.00194315275693306 0.00187305439629047 0.0013438025346928 0.00245642069847201 0.002220366097349 0.0027145978100012 0.00230671231524938 0.00308245425426119 0.00493461933551163 0.0050151787301307 0.00329258362752627 0.00537716289013193 0.00304455439022056 0.00382762743085342 0.00217727569582385 0.00501572596928922 0.005132000575917 -0.00111052682543128 2.03580642569004e-05 0.000909393621815303 0.00151493290696405 0.00345506109781618 0.00130348120729681
"MTPNS" 0.00291118567564306 0.00399191021922799 0.00307261530049742 0.0062267925788935 0.00488267683316083 0.00325774844404732 0.00329838749924555 0.00328106250749185 0.00303625410627181 0.0019742022697204 0.00282621170570293 0.000595117722901341 0.00178254777403488 0.00260434821973413 0.0056925603855527 0.00163907886445973 0.00155661734355425 0.0012467541858604 0.0020170449507239 0.00187781623669198 0.00273974477180365 0.00329353392708889 -0.00148704615157369 0.00651956178945922 0.00329258362752627 0.00978347122232334 0.00716964967538132 0.00332158765097996 0.00455823352535983 0.00279917730064972 0.00330256670820068 0.00299938428931361 -0.000944544259686283 0.000456932442034557 0.00152393045862072 0.000658457152390994 0.00516180119135009 -0.000165734712565097
"PNSAPET" 0.00378759968100493 0.00555405332904404 0.00291431394606613 0.00892205831619899 0.00703688894826178 0.00584994215058834 0.00452804509353004 0.00480706544022084 0.00482772595146192 0.00281232644507545 0.00450899959985906 0.00271244102712429 0.00280201174073345 0.00321929955419064 0.00788665604200535 0.00303913669858141 0.00257673647771899 0.00247088125082513 0.00330244961175162 0.00242449127241661 0.00462048112575561 0.00546344122885528 0.00377640533787583 0.00929065540442633 0.00537716289013193 0.00716964967538132 0.0170071741303727 0.00281779520305059 0.00656922819713169 0.00437229775661891 0.00702081988380034 0.00487033768189791 -0.00181473870986859 -8.54330613641754e-05 0.00124129749562249 0.00163817109498422 0.0048985706265223 0.00391192408949541
"APETBA" 0.001964050646166 0.00282992141489147 0.00284632310668133 0.00508166864869231 0.00372820016610439 0.00296984568972112 0.00397595298996962 0.00287121830164924 0.00238631221728883 0.00114527967844963 0.00263964984141431 0.00195477632799 0.00112243372592103 0.00168485805106656 0.00424759595418075 0.000153210664221829 0.00139793341869294 0.00051591226276731 0.00131818064848987 0.00189708862958004 0.00210280973443797 0.0016715674130965 0.0021082683518326 0.00435534304995265 0.00304455439022056 0.00332158765097996 0.00281779520305059 0.00602643977143104 0.00302811794350412 0.00232221546090758 0.00301945648682512 0.00357707649528015 -0.000108380161129423 -0.0003707426171982 0.000860927302381411 0.000459078132937096 0.00184886595760913 0.00171886504755529
"APETTS" 0.00148173833681702 0.00291663201571872 0.00219142891148778 0.00574855246173431 0.00356406037384839 0.00315567880072968 0.00227224940150649 0.00436450563238507 0.00300556452746039 0.00221326593714069 0.0033691349683226 0.00311627228764871 0.00207441739441249 0.00216698072779424 0.00526534671689274 0.00281680484983308 0.0020444106277836 0.00125538897449035 0.00165913059491406 0.00150532416639289 0.00331024461935895 0.00257865766601793 0.00214611679619458 0.00461407620507984 0.00382762743085342 0.00455823352535983 0.00656922819713169 0.00302811794350412 0.00994044588039611 0.00289853426658643 0.00722144485189798 0.00246605101696413 -0.00195714715032224 1.30115926694403e-05 0.00020573804566908 0.00186929174401057 0.0046390205683691 0.00131870790024526
"BAEAM" 0.00198394267279824 0.00299066847024483 0.002392109504724 0.00440096900766185 0.00301972464972148 0.00223041794839226 0.00201575057935187 0.00265583591056697 0.00210210382393232 0.00134937044840004 0.00226149327093204 0.00232035350601591 0.00109693034171398 0.00140118949045861 0.00360416921142127 0.00115282321125305 0.00137797772239581 0.000847948956058359 0.00135046382826044 0.000979071779076413 0.00210569179855249 0.00148576078025606 0.00207806977922452 0.0043890776109138 0.00217727569582385 0.00279917730064972 0.00437229775661891 0.00232221546090758 0.00289853426658643 0.00293325382327844 0.00221528479923482 0.00224370205713668 -0.000389462782772986 -4.88070755832645e-05 0.000380716866163097 0.000766271153132622 0.00190042390246405 0.00224842153265051
"EAMZYGO" 0.00121976871229614 0.00294208149221589 0.00327916860966813 0.00556212271373507 0.00378677439494513 0.00452260053758539 -0.000152305474983581 0.00460216310168371 0.00318905354086356 0.00274592188417006 0.00386047222991977 0.00330573210545324 0.00278266297564313 0.00249684563348747 0.00598634836108248 0.00235638706109753 0.00200660245786549 0.00120345672268745 0.000743463680533853 0.00254336919608895 0.00355614169083928 0.00214988211532033 0.00419066939607122 0.00199360541159602 0.00501572596928922 0.00330256670820068 0.00702081988380034 0.00301945648682512 0.00722144485189798 0.00221528479923482 0.0133300193154025 0.00367267768477704 -0.00221612564433298 0.00106834375699033 0.000133278847080712 0.00155206109202102 0.00442861022454776 0.00178643926087026
"ZYGOTSP" 0.00286804994988763 0.00408584082003787 0.00380964441371009 0.00492472976637526 0.00438566140731957 0.00399664413929174 0.00453473887402409 0.00338516184298209 0.00329297651837234 0.00150458647842511 0.00364071824054555 0.00277392951882454 0.00189782054981844 0.00227249770085782 0.00453898523598044 0.0020997004783347 0.00223289923218631 0.00169014301157763 0.0040013612591057 0.00265364337740527 0.00256079218857053 0.00348285238075247 0.00329641293658072 0.00448704688301199 0.005132000575917 0.00299938428931361 0.00487033768189791 0.00357707649528015 0.00246605101696413 0.00224370205713668 0.00367267768477704 0.00930915509820729 -0.000897128934367382 -0.000304919711927127 0.000841041082080257 0.00128276759961754 0.00237584752757234 0.00280446097730424
"LDAS" 1.94610186282833e-05 -3.33935937303895e-06 -9.43477044264953e-05 -0.00095569066072021 -0.000362276627841649 -0.000582704072329272 0.00156432280658813 -0.00105529015137139 -0.000315289960275703 -0.00075603835894432 -0.000969176786358165 -0.000286370746400797 -0.00038558052395123 -0.000165146002497918 -0.00161307691911851 -0.000502295903152826 -0.000156272319695701 0.000388769783984104 0.000181373563348015 -0.000441250568181862 -0.000899716082891797 -0.000110162149309558 -0.000797894141890117 -0.00102607900217825 -0.00111052682543128 -0.000944544259686283 -0.00181473870986859 -0.000108380161129423 -0.00195714715032224 -0.000389462782772986 -0.00221612564433298 -0.000897128934367382 0.00245454999637922 -4.37487720606945e-05 0.00153994499292072 -0.00026182400113806 -0.00180390292144662 0.000917038446285627
"BRLD" 0.000593590058178466 0.000409518720315454 0.000912934839465143 0.000350887480246373 0.000211744304510409 0.00022349475937876 0.00147608901296841 0.000869915587131484 2.18842554559666e-05 -0.000144990864852798 0.000321496047302648 9.14623783364058e-05 0.000178298740866241 0.00037325892713295 0.00172663256697515 -0.000200899543079746 -0.000265556176182136 -0.00090486281581212 -0.000868942062803304 -0.000197286705374938 -0.000599712330963057 -0.00114701055962861 -0.000994324132771741 -0.000696185676609304 2.03580642569004e-05 0.000456932442034557 -8.54330613641754e-05 -0.0003707426171982 1.30115926694403e-05 -4.88070755832645e-05 0.00106834375699033 -0.000304919711927127 -4.37487720606945e-05 0.00454299631716079 0.000271833115039456 -0.000401107700850186 0.00211471972766856 -0.00598962332372822
"OPILD" 0.00183317302448799 0.00194067389675816 0.00144515687289903 0.00136842620634169 0.000968408166816779 0.00103491877644223 0.00297786461057181 0.000761067509160394 0.0007039157666194 -0.000126374559770475 0.00044648383060637 0.000658875385245908 0.00051758900111028 0.000971786571733946 0.000956228058009627 0.000650449274559282 0.000736845869380116 0.00113099366150254 0.00111904758271168 -0.00039482392168665 0.00024751499077542 0.000661610652856084 -0.000225595840913328 0.00144588361024887 0.000909393621815303 0.00152393045862072 0.00124129749562249 0.000860927302381411 0.00020573804566908 0.000380716866163097 0.000133278847080712 0.000841041082080257 0.00153994499292072 0.000271833115039456 0.00406657761716825 0.000654789850874381 0.00211865055994902 -0.00363708281587866
"PTAS" 0.000630782461134235 0.000780383150503231 0.000835599591235467 0.00105496548920617 0.000647271996919387 0.000929272198255445 0.000743513664389114 0.00142661938129324 0.000892533193652452 0.000755581553239481 0.000963373997141731 0.0013899456949745 0.000742747495272097 0.000649966499966868 0.00039523808364031 0.00160312169338435 0.00130515186801601 0.0019234246379788 0.00187094702235918 0.000312386265856611 0.00118572803325251 0.000581992747639386 0.00134129046406156 0.00173371139432957 0.00151493290696405 0.000658457152390994 0.00163817109498422 0.000459078132937096 0.00186929174401057 0.000766271153132622 0.00155206109202102 0.00128276759961754 -0.00026182400113806 -0.000401107700850186 0.000654789850874381 0.0021044664202689 0.00236230193436003 0.000213441624633771
"JPAS" 0.0028329265082773 0.00282233902706985 0.00220074204772103 0.00455843081860387 0.00216763540451122 0.00250690803656065 0.00425600105846745 0.00375319119278365 0.00163572418132203 0.00124288865086451 0.00246956716219374 0.00156167311309815 0.00182730824607487 0.00210524140732298 0.0040694718115121 0.00215606382129249 0.00166253651579145 0.00185378720144423 0.00176962632615239 0.000752302246337901 0.00232221629585758 0.000182229314661608 0.00074143596086722 0.00479508420697349 0.00345506109781618 0.00516180119135009 0.0048985706265223 0.00184886595760913 0.0046390205683691 0.00190042390246405 0.00442861022454776 0.00237584752757234 -0.00180390292144662 0.00211471972766856 0.00211865055994902 0.00236230193436003 0.0110838314695466 -0.00904298537123339
"BAOPI" -0.00113140678739089 0.00123850043527394 0.00055900952028753 0.00323269045874651 0.00385904438593371 0.00169624745659068 -0.0021330995368571 0.00112588878551206 0.00283039946396132 0.00139731407492778 0.00183607465925816 0.00215416795012056 -0.000109342017808151 0.000453910942543857 0.000436417090610463 0.00052163514194245 0.000998954197563307 0.00150141758390286 0.0026236785571222 0.0028322489879193 0.00272786924629827 0.00388279270858439 0.00363398149919493 0.00267635329362453 0.00130348120729681 -0.000165734712565097 0.00391192408949541 0.00171886504755529 0.00131870790024526 0.00224842153265051 0.00178643926087026 0.00280446097730424 0.000917038446285627 -0.00598962332372822 -0.00363708281587866 0.000213441624633771 -0.00904298537123339 0.0290818992868384
