"" "ISPM" "ISNSL" "ISPNS" "PMZS" "PMZI" "PMMT" "NSLNA" "NSLZS" "NSLZI" "NABR" "NAFM" "NAPNS" "BRPT" "BRAPET" "PTFM" "PTAPET" "PTBA" "PTEAM" "PTZYGO" "FMZS" "FMMT" "ZSZI" "ZIMT" "ZIZYGO" "ZITSP" "MTPNS" "PNSAPET" "APETBA" "APETTS" "BAEAM" "EAMZYGO" "ZYGOTSP" "LDAS" "BRLD" "OPILD" "PTAS" "JPAS" "BAOPI"
"ISPM" 0.00665578147297199 0.00486805364111772 0.00362740943696771 0.00315091563856479 0.00247377844167226 0.00214555625828058 0.00169097765458868 0.00288280056415164 0.00158170319826575 0.000938343445374141 0.00132322482524803 0.00194779223756748 0.000437077956463582 0.000675600361985859 0.00189374199682279 0.000655868847770481 0.00080030128736209 0.00125776983608606 0.00145986716830978 -0.000282631261111461 0.00185201678727683 0.000967186601499218 0.00182629879390584 0.00111742446206493 0.00175360221373397 0.00286768993792189 0.0032005108836273 0.00087529306889397 0.000736982328705925 0.00160459095740716 0.0017299944965595 0.00149581139106906 0.000609094826144369 0.000566214264101236 0.00078133188550203 0.000779349404433308 0.000830819225735576 0.00103602892872585
"ISNSL" 0.00486805364111772 0.00992356434515688 0.0051117590911329 0.00714902982904317 0.00546759286383193 0.00294548025517741 0.00265705376858432 0.0029828845787105 0.00195718801620065 0.000586352606831163 0.00120096200197118 0.00277445553574402 0.000234900885728728 0.00050323939234775 0.00115601464162774 0.000355139888330014 0.000782270415308317 0.00162506252787215 0.00147954964799952 1.3209171294848e-05 0.00330413621680456 0.00146544515519338 0.00309252919310177 0.000579736372260068 0.00228875406934418 0.0049012251484659 0.00317242620233642 0.00207321043744307 0.00261415419108403 0.00204907337711724 0.00239086894826383 0.00149558191747294 -9.76012107077554e-05 0.000331971456138937 -0.000414233665098467 0.00106380991139903 0.0014040534069442 0.00168301880698277
"ISPNS" 0.00362740943696771 0.0051117590911329 0.00511221939517183 0.0040651331281819 0.00323595202301012 0.00224355834267106 0.00224296910799402 0.00266121028786067 0.0015962060039529 0.000140280625371675 0.00131228883588721 0.00258939415497516 0.000304784794652609 0.000492664626855303 0.00131237273004222 0.000254559491015816 0.000897738368877334 0.00139013376677152 0.00104006217029978 -0.000195198391838948 0.0023265492985687 0.00148216324665901 0.00212109697151158 0.00214512690759313 0.00209562168139979 0.0050651955005177 -8.03961878353867e-05 0.00181778458254153 0.00152460338093889 0.00165084936977545 0.00154151305694951 0.00151844538996701 0.000212459469616275 0.000773731786918793 0.000428350201676182 0.00127528385658128 0.000826646656663001 0.000837521837701914
"PMZS" 0.00315091563856479 0.00714902982904317 0.0040651331281819 0.00878780023588484 0.00650681154301182 0.00299900386509086 0.00721532386450671 0.00467419826953925 0.00262197133767783 0.00110641342352981 0.00192060703489515 0.003059748964328 0.000431146293402151 0.00113998780356784 0.00154485203101584 0.0011261892394294 0.00108344503803909 0.00201005688712074 0.00223775304389907 0.000593142254596619 0.0042928699513469 0.00341111625312838 0.00495650683012921 0.00173231664015979 0.00290907326494914 0.00497735852995768 0.00387880932979713 0.00280585597187437 0.00248696958312444 0.00245440247759607 0.00240836014441924 0.00210773484564818 -0.000344795730077418 0.000253724709712297 -0.000150325322310161 0.00127562546642938 0.00190190987551147 0.00177859758957227
"PMZI" 0.00247377844167226 0.00546759286383193 0.00323595202301012 0.00650681154301182 0.00678207207299682 0.00262671511795299 0.00496486486709628 0.0045347150628251 0.00253047563021789 0.000813591003858883 0.00170833037204873 0.00225879751185687 0.000521210489650284 0.000931614601793502 0.00113826517082779 0.00100942342658265 0.000768017589104074 0.00110719934453116 0.000773024498162431 0.000264553475156923 0.00298357612390482 0.00136876440732273 0.00416558835971144 -0.000541814421227716 0.000770543283280763 0.00392487159428174 0.00376669243848778 0.00191141434979839 0.0020288069186399 0.00171788835085538 0.00161331810881844 0.000666673009031007 0.00011618086192114 0.00036717787350927 -2.14752630755498e-05 0.000668100530978434 0.0010502637850902 0.00147384222025318
"PMMT" 0.00214555625828058 0.00294548025517741 0.00224355834267106 0.00299900386509086 0.00262671511795299 0.00250192827710012 0.0011064296903193 0.0020033011844452 0.0015393554413645 0.000670438043171662 0.000991956931286084 0.00103025505177385 -4.11896916600943e-05 0.000465898837943463 0.000967831283493366 0.000715996606163602 0.000675197508976164 0.0016700224646969 0.00119866174356054 0.000235471853794696 0.0016290009978793 0.00180346059900478 0.00191159945306284 0.00104211479148512 0.00160312326651592 0.00180061726694178 0.00170749913395295 0.000945076404944946 0.0013627603106941 0.000936305586405427 0.00129057070079439 0.000870389627275928 3.64050552869567e-05 0.000462910381776005 0.000190403927954164 0.000967426769453756 0.00111261167536181 0.00110658372999346
"NSLNA" 0.00169097765458868 0.00265705376858432 0.00224296910799402 0.00721532386450671 0.00496486486709628 0.0011064296903193 0.0252741263529767 0.00455991933038029 0.00188807554154405 -0.00145507536838955 0.00282372240599954 0.00756306070196531 0.00125839531081455 0.000972995013178963 -0.00156781844571636 -3.91627345055015e-05 0.000480622055211367 0.000999340541378856 -0.00011054838109866 0.00520173640663845 0.0054266967972282 0.00301712219788608 0.00653236099963449 0.00325158687394222 0.0029112581838975 0.00480984848023426 0.00445094258505452 0.00337006989725249 0.00124333299207823 0.00250797062808445 0.00294970261397414 0.00219784170214718 -0.00142696003906855 -0.00155592576013957 -0.00046576289140912 0.00171976565506308 0.00146094229107001 0.00144247818804543
"NSLZS" 0.00288280056415164 0.0029828845787105 0.00266121028786067 0.00467419826953925 0.0045347150628251 0.0020033011844452 0.00455991933038029 0.0108449831614285 0.00330932246107916 0.00198468611797241 0.00325644406343788 0.00170099487147578 0.00119910177985321 0.00111426005553144 0.00150439837979392 0.000984959751031714 0.000684001820181509 0.00163144898980241 0.00176239383532667 -0.00182465317346305 0.002448745094072 -0.0011227903766515 0.00217156985203941 0.00246659048643401 0.00277268853338391 0.00316852987999836 0.00341830533067556 0.00121335695993087 0.00261808437985058 0.00126260758704629 0.000480450810609472 0.0022527209716906 0.000281305676276334 0.000582331435806111 -0.000126105833158957 0.00056239166341368 0.00108531638953876 0.00125213345807203
"NSLZI" 0.00158170319826575 0.00195718801620065 0.0015962060039529 0.00262197133767783 0.00253047563021789 0.0015393554413645 0.00188807554154405 0.00330932246107916 0.00299562864777716 0.00116737971336871 0.00156816931475281 0.00129811229160691 0.000475910994967436 0.000588263803134641 0.00111781629397432 0.000849488237311464 0.000518764171534495 0.00121829337865259 0.0018735967873519 0.000525775196893428 0.00182589151321771 0.00338095241349068 0.00155206974763519 0.000921594521597109 0.00254055725106035 0.00213314874428652 0.00159882294013767 0.000631469173581426 0.00226879366669664 0.00104447563417576 0.00120401811322108 0.00192451834268996 0.000516699461830597 0.000186932161689786 -6.12144747893673e-05 0.000536266388038836 0.00104541015368632 0.00108394415767179
"NABR" 0.000938343445374141 0.000586352606831163 0.000140280625371675 0.00110641342352981 0.000813591003858883 0.000670438043171662 -0.00145507536838955 0.00198468611797241 0.00116737971336871 0.00329112514937708 0.00109818052959325 -0.000192359623605395 0.00124400541329519 0.00122077397572459 0.00174447084799291 0.00124129592052945 0.000576815441298111 0.000874975633147838 0.00176105498015333 -2.16460115517952e-05 0.000725965071183968 0.00106495704526729 0.000246777078774486 0.00102062511693544 0.00168594926314151 0.000553888825642102 0.00106783759191706 0.000327777301666237 0.000928167941990189 0.000764996881150059 -0.000162935030557377 0.00147929985711227 0.000875951359188709 -0.00067928376666113 0.000464624320852203 0.000193776773139413 0.000971319488720473 0.000902470589795538
"NAFM" 0.00132322482524803 0.00120096200197118 0.00131228883588721 0.00192060703489515 0.00170833037204873 0.000991956931286084 0.00282372240599954 0.00325644406343788 0.00156816931475281 0.00109818052959325 0.00282678641007667 0.00148863840949176 0.000849791411555167 0.00070923164268104 0.000128947296075321 0.000626172524001504 0.000591051932332822 0.00123359300773083 0.00120916434302893 0.0011112706044808 0.00121354335376306 0.000894335776994824 0.00112761340559466 0.00201952848219068 0.0016893103728186 0.00188034718670915 0.00132322559011777 0.000795586389231868 0.00209463982433613 0.000929228109413472 0.00064578786001378 0.00188033423858138 0.00064268616407229 0.000103189797479238 0.000294596134848719 0.000571096091256157 0.00070568982752543 0.0010042415294123
"NAPNS" 0.00194779223756748 0.00277445553574402 0.00258939415497516 0.003059748964328 0.00225879751185687 0.00103025505177385 0.00756306070196531 0.00170099487147578 0.00129811229160691 -0.000192359623605395 0.00148863840949176 0.0047416227395546 0.00067897060718221 0.00069961269010997 -2.1567732751535e-05 0.000221922680625274 0.000762245694745545 0.00148393107030188 0.000182882971928023 0.00153091671545765 0.00281553660368489 0.00179084671422498 0.00260401320494733 0.00199171588805879 0.00173472432815614 0.00335322246581348 0.000795704967103134 0.00173698801273248 0.00200017050873767 0.00160935933258405 0.00157142378655107 0.00157102637755982 0.000380692261263616 -0.00012687838263043 0.00039390396689741 0.00128942407404486 0.000874226747827783 0.00102358951399258
"BRPT" 0.000437077956463582 0.000234900885728728 0.000304784794652609 0.000431146293402151 0.000521210489650284 -4.11896916600943e-05 0.00125839531081455 0.00119910177985321 0.000475910994967436 0.00124400541329519 0.000849791411555167 0.00067897060718221 0.00300412983867811 0.0012508670561138 -0.00129938078461086 -0.00104552645597296 -0.000191847671543414 -0.000264599049649451 -0.00176067884714933 2.39236543387822e-05 0.000315383264532084 -0.000327375082853755 -6.92099595839533e-05 0.000479530601903719 -0.000136299635869375 0.00147191983060333 8.39262251095373e-05 0.000324029622097702 0.000620883860699398 0.000404446057864478 -0.000113252121924763 0.000264793684459175 0.00104207156459547 -0.000189530906879777 0.00055759490770398 0.00104436107866794 0.000336800001810801 0.000788396771328832
"BRAPET" 0.000675600361985859 0.00050323939234775 0.000492664626855303 0.00113998780356784 0.000931614601793502 0.000465898837943463 0.000972995013178963 0.00111426005553144 0.000588263803134641 0.00122077397572459 0.00070923164268104 0.00069961269010997 0.0012508670561138 0.00169100504098098 0.000555738233764897 0.00111631228824496 0.000774317857132809 0.000881509884453302 0.000695788386568501 0.0002861247778548 0.000952883170855095 0.000502292972519976 0.00115083509636548 0.000806826130562235 0.000795981751194174 0.00100955265959179 0.000322515526712083 0.00094845797407968 0.000949942985975743 0.000817004604359588 0.000206769091542487 0.000934139939592648 0.000895186229906207 0.000729056350314534 0.000979101080012069 0.000453038415219799 0.00089120779698598 0.000405677942959977
"PTFM" 0.00189374199682279 0.00115601464162774 0.00131237273004222 0.00154485203101584 0.00113826517082779 0.000967831283493366 -0.00156781844571636 0.00150439837979392 0.00111781629397432 0.00174447084799291 0.000128947296075321 -2.1567732751535e-05 -0.00129938078461086 0.000555738233764897 0.0103059825181254 0.00291940150730802 0.000390716024138471 -0.0019460814644237 0.00417246457320033 -0.00102679308680902 0.00165547684743521 0.00183163933365341 0.00193163035838132 0.000538897938212209 0.00301734170258908 0.00221548514818611 0.00122711450108929 0.000475892943078005 0.00020950373548452 0.00131688041422077 0.0015242045360715 0.00112704676649745 0.000749185834351267 -0.00033639354273382 0.00157408419933909 -0.00341823511948343 0.00116925801059763 -2.08003065010777e-05
"PTAPET" 0.000655868847770481 0.000355139888330014 0.000254559491015816 0.0011261892394294 0.00100942342658265 0.000715996606163602 -3.91627345055015e-05 0.000984959751031714 0.000849488237311464 0.00124129592052945 0.000626172524001504 0.000221922680625274 -0.00104552645597296 0.00111631228824496 0.00291940150730802 0.00437591312112533 0.00183292655024172 0.0019735640539479 0.00422305867808348 0.000569436930244279 0.0011687778000509 0.001630784771159 0.00163397290823525 0.000389726467618552 0.00176336380447678 0.000430874712832218 0.00119069589887448 -6.60403081905998e-05 0.00278711541523155 0.000833893254455839 0.000468199227033176 0.0017507389763872 0.000681953686686398 0.00117990198396828 0.00104116188769134 -0.000451982286387325 0.00100815279337809 -8.62793346960719e-05
"PTBA" 0.00080030128736209 0.000782270415308317 0.000897738368877334 0.00108344503803909 0.000768017589104074 0.000675197508976164 0.000480622055211367 0.000684001820181509 0.000518764171534495 0.000576815441298111 0.000591051932332822 0.000762245694745545 -0.000191847671543414 0.000774317857132809 0.000390716024138471 0.00183292655024172 0.00172811653613022 0.00231404738333127 0.00199068749939111 0.000494830394280539 0.00109718919512685 0.000939906377577235 0.00126049191565379 0.00154372557569943 0.00136776033139797 0.0013998355455818 0.000904406032441153 0.00142961816171368 0.00134178447527964 0.00106237988086821 0.000335565951852095 0.00140849961947142 0.000406197673700598 0.00114751698754778 0.00079081915324118 0.00100289052871232 0.000775976377062949 -0.00036589891043064
"PTEAM" 0.00125776983608606 0.00162506252787215 0.00139013376677152 0.00201005688712074 0.00110719934453116 0.0016700224646969 0.000999340541378856 0.00163144898980241 0.00121829337865259 0.000874975633147838 0.00123359300773083 0.00148393107030188 -0.000264599049649451 0.000881509884453302 -0.0019460814644237 0.0019735640539479 0.00231404738333127 0.00714144740475671 0.00349753157206082 0.000697200402646243 0.00177691597506324 0.00201357075216252 0.00191653481078662 0.00288125646673096 0.00201143505750226 0.00116616303668877 0.00214246863293561 0.00151979546869897 0.00309226631524757 0.000702172284433076 0.00157442485005201 0.00313522679895288 0.000641552414752357 0.0017170756732201 0.000218767348237213 0.0032548396964126 0.00109076549724077 0.000472964709270396
"PTZYGO" 0.00145986716830978 0.00147954964799952 0.00104006217029978 0.00223775304389907 0.000773024498162431 0.00119866174356054 -0.00011054838109866 0.00176239383532667 0.0018735967873519 0.00176105498015333 0.00120916434302893 0.000182882971928023 -0.00176067884714933 0.000695788386568501 0.00417246457320033 0.00422305867808348 0.00199068749939111 0.00349753157206082 0.00835615097217238 0.000943142351740305 0.0020762772897687 0.00390439031525698 0.00203483881187849 0.00173520588359618 0.00452179917727506 0.00129177761650708 0.00146389878706121 0.000623707977113791 0.00257678111729485 0.00126538055062866 0.00193165457360968 0.00524195441970315 0.000276946864559242 0.00126568035323356 0.000154285933351331 -0.000285803686119564 0.00137963548591414 -9.29943837745543e-05
"FMZS" -0.000282631261111461 1.3209171294848e-05 -0.000195198391838948 0.000593142254596619 0.000264553475156923 0.000235471853794696 0.00520173640663845 -0.00182465317346305 0.000525775196893428 -2.16460115517952e-05 0.0011112706044808 0.00153091671545765 2.39236543387822e-05 0.0002861247778548 -0.00102679308680902 0.000569436930244279 0.000494830394280539 0.000697200402646243 0.000943142351740305 0.00668037630717381 0.00223012825688193 0.00226477167085513 0.00238906403237773 0.00153964929944159 0.00140682441600183 0.000625344518172074 0.00135686851607156 0.0013208577249174 0.000720394064889059 0.000726647549437637 0.00145215704219322 0.00115024413132834 -0.000415216175035973 -6.29945778019772e-05 -0.00089136901961841 0.000185929230435324 0.000865737574437935 0.000971325478562995
"FMMT" 0.00185201678727683 0.00330413621680456 0.0023265492985687 0.0042928699513469 0.00298357612390482 0.0016290009978793 0.0054266967972282 0.002448745094072 0.00182589151321771 0.000725965071183968 0.00121354335376306 0.00281553660368489 0.000315383264532084 0.000952883170855095 0.00165547684743521 0.0011687778000509 0.00109718919512685 0.00177691597506324 0.0020762772897687 0.00223012825688193 0.00426144402473152 0.00279455894403842 0.0049865459761377 0.00216827310507912 0.00274181770084692 0.00398630733833138 0.00225245201259264 0.00234898809156606 0.00166170180744131 0.00201285547543115 0.00232601856567975 0.00201431319759764 0.000281949258899979 0.000147766278675515 0.000148586812805569 0.000668973643953634 0.00153064196590706 0.00080786569721081
"ZSZI" 0.000967186601499218 0.00146544515519338 0.00148216324665901 0.00341111625312838 0.00136876440732273 0.00180346059900478 0.00301712219788608 -0.0011227903766515 0.00338095241349068 0.00106495704526729 0.000894335776994824 0.00179084671422498 -0.000327375082853755 0.000502292972519976 0.00183163933365341 0.001630784771159 0.000939906377577235 0.00201357075216252 0.00390439031525698 0.00226477167085513 0.00279455894403842 0.0106022728092909 0.00148845397723195 0.00186912605170069 0.00450437559184824 0.00246594306665685 0.000757199754578789 0.000822827651181437 0.00342933980344858 0.00187130718601244 0.0025384784147165 0.00293095899048477 0.000362288823027438 -0.00022647280423769 0.000356869546563082 0.00102719949732211 0.0023327263118121 0.00101683826134639
"ZIMT" 0.00182629879390584 0.00309252919310177 0.00212109697151158 0.00495650683012921 0.00416558835971144 0.00191159945306284 0.00653236099963449 0.00217156985203941 0.00155206974763519 0.000246777078774486 0.00112761340559466 0.00260401320494733 -6.92099595839533e-05 0.00115083509636548 0.00193163035838132 0.00163397290823525 0.00126049191565379 0.00191653481078662 0.00203483881187849 0.00238906403237773 0.0049865459761377 0.00148845397723195 0.010840393135733 0.000975267539067296 0.00145019665946405 0.00357916040945793 0.00288575334558842 0.00298102337561067 0.00022969927084183 0.00211752833906681 0.00322733803719071 0.0014017823602693 5.22095387049524e-05 0.000930112120055941 6.0688278645799e-05 0.00045563918469776 0.00121765714764753 0.000599050359695086
"ZIZYGO" 0.00111742446206493 0.000579736372260068 0.00214512690759313 0.00173231664015979 -0.000541814421227716 0.00104211479148512 0.00325158687394222 0.00246659048643401 0.000921594521597109 0.00102062511693544 0.00201952848219068 0.00199171588805879 0.000479530601903719 0.000806826130562235 0.000538897938212209 0.000389726467618552 0.00154372557569943 0.00288125646673096 0.00173520588359618 0.00153964929944159 0.00216827310507912 0.00186912605170069 0.000975267539067296 0.0111524654670074 0.00428657724242173 0.00393626563075432 0.00101899593138805 0.00253173463951869 0.00137888204278138 0.00195121049233811 -0.00185575652940345 0.00369892223986295 0.000184457405631873 -0.000677637882378225 0.00115585660848626 0.0018642103815653 0.00133061990369586 9.25003407447854e-05
"ZITSP" 0.00175360221373397 0.00228875406934418 0.00209562168139979 0.00290907326494914 0.000770543283280763 0.00160312326651592 0.0029112581838975 0.00277268853338391 0.00254055725106035 0.00168594926314151 0.0016893103728186 0.00173472432815614 -0.000136299635869375 0.000795981751194174 0.00301734170258908 0.00176336380447678 0.00136776033139797 0.00201143505750226 0.00452179917727506 0.00140682441600183 0.00274181770084692 0.00450437559184824 0.00145019665946405 0.00428657724242173 0.0076948631948102 0.00338042086010983 0.00194491704657973 0.0015201231435511 0.00191513229293719 0.00209073403341539 0.00234480058139407 0.00476764853158684 -9.86138664139563e-05 0.000303171447468063 0.000204766294472475 0.00101519377263416 0.00224932987524203 0.00100646770427839
"MTPNS" 0.00286768993792189 0.0049012251484659 0.0050651955005177 0.00497735852995768 0.00392487159428174 0.00180061726694178 0.00480984848023426 0.00316852987999836 0.00213314874428652 0.000553888825642102 0.00188034718670915 0.00335322246581348 0.00147191983060333 0.00100955265959179 0.00221548514818611 0.000430874712832218 0.0013998355455818 0.00116616303668877 0.00129177761650708 0.000625344518172074 0.00398630733833138 0.00246594306665685 0.00357916040945793 0.00393626563075432 0.00338042086010983 0.009749499611841 0.00105871191808404 0.00272478752403511 0.00291335032187864 0.00271246491830499 0.00212528846538223 0.00258777702090184 0.00146938357528618 0.000312073464512916 0.00157684085690747 0.00145935735435309 0.00125504286412007 0.000736022434482738
"PNSAPET" 0.0032005108836273 0.00317242620233642 -8.03961878353867e-05 0.00387880932979713 0.00376669243848778 0.00170749913395295 0.00445094258505452 0.00341830533067556 0.00159882294013767 0.00106783759191706 0.00132322559011777 0.000795704967103134 8.39262251095373e-05 0.000322515526712083 0.00122711450108929 0.00119069589887448 0.000904406032441153 0.00214246863293561 0.00146389878706121 0.00135686851607156 0.00225245201259264 0.000757199754578789 0.00288575334558842 0.00101899593138805 0.00194491704657973 0.00105871191808404 0.0137654863648836 -0.000230893213282315 0.001594906048434 0.00145174593489594 0.00393617072267881 0.000463198626231111 -0.000294962880426475 -0.000348703892099698 0.000250704061407154 0.00105901513848697 0.00113880081522235 0.00186893791804849
"APETBA" 0.00087529306889397 0.00207321043744307 0.00181778458254153 0.00280585597187437 0.00191141434979839 0.000945076404944946 0.00337006989725249 0.00121335695993087 0.000631469173581426 0.000327777301666237 0.000795586389231868 0.00173698801273248 0.000324029622097702 0.00094845797407968 0.000475892943078005 -6.60403081905998e-05 0.00142961816171368 0.00151979546869897 0.000623707977113791 0.0013208577249174 0.00234898809156606 0.000822827651181437 0.00298102337561067 0.00253173463951869 0.0015201231435511 0.00272478752403511 -0.000230893213282315 0.0060826337686504 -0.00064460544671759 0.0019592774516656 0.0009410046753323 0.0011591471484527 -0.000258270262619678 -2.89481564444965e-06 4.64200592746651e-05 0.00079198774392171 0.001180206874901 -0.000790408879221487
"APETTS" 0.000736982328705925 0.00261415419108403 0.00152460338093889 0.00248696958312444 0.0020288069186399 0.0013627603106941 0.00124333299207823 0.00261808437985058 0.00226879366669664 0.000928167941990189 0.00209463982433613 0.00200017050873767 0.000620883860699398 0.000949942985975743 0.00020950373548452 0.00278711541523155 0.00134178447527964 0.00309226631524757 0.00257678111729485 0.000720394064889059 0.00166170180744131 0.00342933980344858 0.00022969927084183 0.00137888204278138 0.00191513229293719 0.00291335032187864 0.001594906048434 -0.00064460544671759 0.0245312939276502 0.00178111121275816 0.00105563098913302 0.00194664871430403 0.00170266519911645 0.00189871219999288 0.00132410880451885 0.00160330805626572 0.00254600595552505 0.00207605452899666
"BAEAM" 0.00160459095740716 0.00204907337711724 0.00165084936977545 0.00245440247759607 0.00171788835085538 0.000936305586405427 0.00250797062808445 0.00126260758704629 0.00104447563417576 0.000764996881150059 0.000929228109413472 0.00160935933258405 0.000404446057864478 0.000817004604359588 0.00131688041422077 0.000833893254455839 0.00106237988086821 0.000702172284433076 0.00126538055062866 0.000726647549437637 0.00201285547543115 0.00187130718601244 0.00211752833906681 0.00195121049233811 0.00209073403341539 0.00271246491830499 0.00145174593489594 0.0019592774516656 0.00178111121275816 0.00289169266085234 0.000746832971107409 0.00157409154274547 0.00085638818374812 0.00017937071617415 0.00104381677658345 0.000747202500324627 0.000998136996593543 0.000502129980520175
"EAMZYGO" 0.0017299944965595 0.00239086894826383 0.00154151305694951 0.00240836014441924 0.00161331810881844 0.00129057070079439 0.00294970261397414 0.000480450810609472 0.00120401811322108 -0.000162935030557377 0.00064578786001378 0.00157142378655107 -0.000113252121924763 0.000206769091542487 0.0015242045360715 0.000468199227033176 0.000335565951852095 0.00157442485005201 0.00193165457360968 0.00145215704219322 0.00232601856567975 0.0025384784147165 0.00322733803719071 -0.00185575652940345 0.00234480058139407 0.00212528846538223 0.00393617072267881 0.0009410046753323 0.00105563098913302 0.000746832971107409 0.00778322187481346 0.00107382292961045 -5.6615015661522e-05 0.00067442284829578 -0.000185285878101484 0.00106594079835577 0.00137740761102498 0.00224230087129024
"ZYGOTSP" 0.00149581139106906 0.00149558191747294 0.00151844538996701 0.00210773484564818 0.000666673009031007 0.000870389627275928 0.00219784170214718 0.0022527209716906 0.00192451834268996 0.00147929985711227 0.00188033423858138 0.00157102637755982 0.000264793684459175 0.000934139939592648 0.00112704676649745 0.0017507389763872 0.00140849961947142 0.00313522679895288 0.00524195441970315 0.00115024413132834 0.00201431319759764 0.00293095899048477 0.0014017823602693 0.00369892223986295 0.00476764853158684 0.00258777702090184 0.000463198626231111 0.0011591471484527 0.00194664871430403 0.00157409154274547 0.00107382292961045 0.00673650584136473 0.000571173329400038 0.000501609079980124 0.000244106097574718 0.00121100623874958 0.00105134955891618 0.000457998986693288
"LDAS" 0.000609094826144369 -9.76012107077554e-05 0.000212459469616275 -0.000344795730077418 0.00011618086192114 3.64050552869567e-05 -0.00142696003906855 0.000281305676276334 0.000516699461830597 0.000875951359188709 0.00064268616407229 0.000380692261263616 0.00104207156459547 0.000895186229906207 0.000749185834351267 0.000681953686686398 0.000406197673700598 0.000641552414752357 0.000276946864559242 -0.000415216175035973 0.000281949258899979 0.000362288823027438 5.22095387049524e-05 0.000184457405631873 -9.86138664139563e-05 0.00146938357528618 -0.000294962880426475 -0.000258270262619678 0.00170266519911645 0.00085638818374812 -5.6615015661522e-05 0.000571173329400038 0.00650569099342894 -0.000268189215833443 0.0031008826405668 4.15300032454541e-05 -0.00140791419183412 0.00113055297532722
"BRLD" 0.000566214264101236 0.000331971456138937 0.000773731786918793 0.000253724709712297 0.00036717787350927 0.000462910381776005 -0.00155592576013957 0.000582331435806111 0.000186932161689786 -0.00067928376666113 0.000103189797479238 -0.00012687838263043 -0.000189530906879777 0.000729056350314534 -0.00033639354273382 0.00117990198396828 0.00114751698754778 0.0017170756732201 0.00126568035323356 -6.29945778019772e-05 0.000147766278675515 -0.00022647280423769 0.000930112120055941 -0.000677637882378225 0.000303171447468063 0.000312073464512916 -0.000348703892099698 -2.89481564444965e-06 0.00189871219999288 0.00017937071617415 0.00067442284829578 0.000501609079980124 -0.000268189215833443 0.0080688751956229 -0.0006863908691297 0.0015358481688417 0.000430869109293345 1.99125577214484e-05
"OPILD" 0.00078133188550203 -0.000414233665098467 0.000428350201676182 -0.000150325322310161 -2.14752630755498e-05 0.000190403927954164 -0.00046576289140912 -0.000126105833158957 -6.12144747893673e-05 0.000464624320852203 0.000294596134848719 0.00039390396689741 0.00055759490770398 0.000979101080012069 0.00157408419933909 0.00104116188769134 0.00079081915324118 0.000218767348237213 0.000154285933351331 -0.00089136901961841 0.000148586812805569 0.000356869546563082 6.0688278645799e-05 0.00115585660848626 0.000204766294472475 0.00157684085690747 0.000250704061407154 4.64200592746651e-05 0.00132410880451885 0.00104381677658345 -0.000185285878101484 0.000244106097574718 0.0031008826405668 -0.0006863908691297 0.00478227444916979 0.000303841144877541 0.000447961770051905 -0.000942004084319735
"PTAS" 0.000779349404433308 0.00106380991139903 0.00127528385658128 0.00127562546642938 0.000668100530978434 0.000967426769453756 0.00171976565506308 0.00056239166341368 0.000536266388038836 0.000193776773139413 0.000571096091256157 0.00128942407404486 0.00104436107866794 0.000453038415219799 -0.00341823511948343 -0.000451982286387325 0.00100289052871232 0.0032548396964126 -0.000285803686119564 0.000185929230435324 0.000668973643953634 0.00102719949732211 0.00045563918469776 0.0018642103815653 0.00101519377263416 0.00145935735435309 0.00105901513848697 0.00079198774392171 0.00160330805626572 0.000747202500324627 0.00106594079835577 0.00121100623874958 4.15300032454541e-05 0.0015358481688417 0.000303841144877541 0.00426463720170453 0.00109635704370088 0.00118076754077684
"JPAS" 0.000830819225735576 0.0014040534069442 0.000826646656663001 0.00190190987551147 0.0010502637850902 0.00111261167536181 0.00146094229107001 0.00108531638953876 0.00104541015368632 0.000971319488720473 0.00070568982752543 0.000874226747827783 0.000336800001810801 0.00089120779698598 0.00116925801059763 0.00100815279337809 0.000775976377062949 0.00109076549724077 0.00137963548591414 0.000865737574437935 0.00153064196590706 0.0023327263118121 0.00121765714764753 0.00133061990369586 0.00224932987524203 0.00125504286412007 0.00113880081522235 0.001180206874901 0.00254600595552505 0.000998136996593543 0.00137740761102498 0.00105134955891618 -0.00140791419183412 0.000430869109293345 0.000447961770051905 0.00109635704370088 0.00574837128823229 0.000986067731618106
"BAOPI" 0.00103602892872585 0.00168301880698277 0.000837521837701914 0.00177859758957227 0.00147384222025318 0.00110658372999346 0.00144247818804543 0.00125213345807203 0.00108394415767179 0.000902470589795538 0.0010042415294123 0.00102358951399258 0.000788396771328832 0.000405677942959977 -2.08003065010777e-05 -8.62793346960719e-05 -0.00036589891043064 0.000472964709270396 -9.29943837745543e-05 0.000971325478562995 0.00080786569721081 0.00101683826134639 0.000599050359695086 9.25003407447854e-05 0.00100646770427839 0.000736022434482738 0.00186893791804849 -0.000790408879221487 0.00207605452899666 0.000502129980520175 0.00224230087129024 0.000457998986693288 0.00113055297532722 1.99125577214484e-05 -0.000942004084319735 0.00118076754077684 0.000986067731618106 0.0081690357209955
