"" "ISPM" "ISNSL" "ISPNS" "PMZS" "PMZI" "PMMT" "NSLNA" "NSLZS" "NSLZI" "NABR" "NAFM" "NAPNS" "BRPT" "BRAPET" "PTFM" "PTAPET" "PTBA" "PTEAM" "PTZYGO" "FMZS" "FMMT" "ZSZI" "ZIMT" "ZIZYGO" "ZITSP" "MTPNS" "PNSAPET" "APETBA" "APETTS" "BAEAM" "EAMZYGO" "ZYGOTSP" "LDAS" "BRLD" "OPILD" "PTAS" "JPAS" "BAOPI"
"ISPM" 0.00674605179949741 0.00175212855998513 0.00237648793402007 0.00116630890848833 0.00139092990386725 0.0010314557623312 -0.00114811902932983 0.00100280213873963 0.00168517787525188 -0.000512325607368431 0.000850114829207537 -0.000833167948691725 -0.00120432210402812 8.31250417242098e-05 0.00384775802407456 0.00169151260390979 0.000803175991135648 -0.00093190197469149 0.00209148873874043 0.00073703579195222 0.000684265450663901 0.00234806729748129 0.000716074479373081 0.000803773466889593 0.00108836259244972 0.00140514811484064 0.000865712090542309 0.0015084076312603 0.00136104535562104 0.000583607386576102 4.5717879182364e-05 0.00123730079069689 0.000304897513584862 0.000751328025949889 0.000389013000243554 -0.00140746150387499 0.000386550721282033 0.000218776180733789
"ISNSL" 0.00175212855998513 0.00559784914090752 0.00279023470632799 0.00383434036689993 0.00341470590294897 0.000697816697201417 -0.000465762225635797 0.000990637940781906 0.00116932432683883 0.000336095475133743 0.000533792239828259 5.09129850588249e-06 -0.000297916710747657 1.62796959832409e-06 0.000634114987580372 0.000693812672457361 0.000603759570743051 4.57823776236975e-05 0.000692882206081121 0.000622135379004669 0.00158788251285011 0.00126672069116524 -2.06196583023032e-05 -0.000483199834990323 0.000354226300240946 0.00304524860836752 0.000910499544755038 0.000374533472865759 0.00130578899940037 0.000806651969988598 0.0012654559128425 0.000537710804521326 -0.000457913027074332 0.000242398057853602 0.000240367669239074 0.000598709652594056 0.000969352641711806 0.000166871395295928
"ISPNS" 0.00237648793402007 0.00279023470632799 0.00415208467619563 0.00223186104832334 0.00219252777485819 0.00113588379604559 -0.00027110385015284 0.00119970130437845 0.00125722101394413 -5.98110005916977e-05 0.000740872010406392 9.25062165868233e-05 -0.000486182710920921 7.20143018849261e-05 0.00282184333989658 0.00114796999588449 0.000577162129628384 -0.00131760078874809 0.00155179858959592 0.000449729046529489 0.0010663913482988 0.00157770542403659 0.00057077909584039 0.000522262581433814 0.000287933957151184 0.00299143300888321 -0.00328268686886942 0.00128057255749246 0.00184500480910621 0.000780296136923924 0.000671863864454752 0.000652632556620606 0.000145913684092314 -0.000301477980338022 0.000455344688556345 -0.000981774943299507 0.000128797433202523 0.000214372369728036
"PMZS" 0.00116630890848833 0.00383434036689993 0.00223186104832334 0.00533074542235562 0.00357779852112422 0.00114154379979807 0.001702494800056 0.00101909966418349 0.000968384042990367 -0.000193527583523423 0.000794767655367167 0.000446509747611048 -0.000470168362556051 0.000139939946474641 -0.000725564161520593 0.000788153130309145 0.000777720778609444 0.000510841680311986 0.000369188558637976 0.00100005946746637 0.00133595389537777 0.00267377897913548 0.000176923667142892 2.38523450093121e-05 0.000303328316499337 0.00191995416012187 8.11814721158509e-05 0.000975352712070622 0.000708340495324538 0.000649980657598784 0.000952174669281169 -0.000652892582581026 -3.41514297762883e-05 0.000439440441340601 0.0001963654226064 0.000512204164217786 0.00140379612792687 0.000444928897006647
"PMZI" 0.00139092990386725 0.00341470590294897 0.00219252777485819 0.00357779852112422 0.00400553449170146 0.000967539474583269 0.000530542992475009 0.00166797015830704 0.000903478521183154 -0.000201584589082625 0.000191610793867565 -0.000248416624494605 -0.000546912057019951 -3.91110270975585e-05 -0.00120458154614288 0.000180698926057579 0.000529884815842753 0.000530749657313794 -0.000211037125274409 0.000150063261132315 0.000651012544641137 0.000762054816104523 -0.000151559573842178 -0.00181645552204023 -0.000745196032262861 0.00183534980401847 -0.000230199935667484 0.000866225080260189 0.00147395195693116 0.00058066567141054 0.000837777482531984 -0.000807591240403948 -2.24269784328202e-05 0.000585886622838393 1.7284456662627e-05 0.000658238098612493 0.000497797340492336 0.000112347843516849
"PMMT" 0.0010314557623312 0.000697816697201417 0.00113588379604559 0.00114154379979807 0.000967539474583269 0.00166400755774567 0.000756811848642309 0.000729485942808616 0.000384203114270614 -0.000322342032803921 0.000421115154359828 6.64530458406702e-05 -0.000319282150768421 -8.2330187628604e-05 -0.000236735266800378 0.000496609358453156 0.000467825933002902 0.000509872419990499 0.000479100232634425 0.000216359411507097 -9.45130522404398e-05 0.000622413594773336 0.00035642164213433 0.000691487778025382 0.000446048442421761 -0.000458109681909045 -9.0571104847178e-05 0.00028527426622634 0.000726941003366447 4.84843692312864e-05 4.98352056549828e-05 0.000166041163256472 -4.18626049451154e-05 0.000187894067139834 0.000155956375212518 0.000398654690141785 0.000130978225446924 0.000432588034172455
"NSLNA" -0.00114811902932983 -0.000465762225635797 -0.00027110385015284 0.001702494800056 0.000530542992475009 0.000756811848642309 0.0103245066008453 0.00295321217418907 -0.000621007065373968 -0.00231554552605731 -0.000110194237590032 0.00333428755192038 -0.00106530535616938 -0.000606158980253349 -0.00593494931474485 -0.000369524509601731 0.0002732074770792 0.00367647591593067 -0.000622206617501556 -0.000921617892627938 -1.56338713158507e-05 -0.000887231037958123 -0.00028272901406497 0.000428450037144931 0.000496668329029326 -0.000432698871051576 -0.00229856312885629 -0.000230831509854684 0.00168603185583759 -0.000513964886564006 -0.00145267626118832 -0.000470750126608788 -0.000797996424406348 -0.000639932836352048 -0.000925853291829538 0.00173582429157995 0.0015839869683865 -0.000277052401558392
"NSLZS" 0.00100280213873963 0.000990637940781906 0.00119970130437845 0.00101909966418349 0.00166797015830704 0.000729485942808616 0.00295321217418907 0.00990978535476063 0.000301738325841972 -0.000841495287753385 0.000622173465123535 0.00136385314886164 -0.000304866431204004 0.000391952493110592 -0.000253889157772356 0.00105036774663555 0.000396144549983344 0.000391092114910515 0.000734961256624239 -0.0041826501543591 0.000798602795172349 -0.00410972696777974 -0.00022752970631744 0.000226483524452787 0.00113955980860819 0.00182436189515576 -0.00318216115166679 0.000654705165071376 0.00561311676459792 0.00053646094634294 -0.000752704041068208 0.00136472908912046 -0.000296619960082999 0.000849747862955913 2.14738226805661e-05 -7.18223974585397e-05 0.000278515568555277 -0.00204431692885631
"NSLZI" 0.00168517787525188 0.00116932432683883 0.00125722101394413 0.000968384042990367 0.000903478521183154 0.000384203114270614 -0.000621007065373968 0.000301738325841972 0.00162519881435335 0.000104073068801099 0.000907051534458521 -6.37094623079074e-05 -1.80615099109386e-05 0.000243885389812584 0.00205782471119963 0.00088079969969611 0.000597414317997021 -0.00047374363481814 0.00168619023657515 0.000754408872388437 0.000592029105073844 0.00249348826885024 0.000126979383756898 0.000557297430963876 0.000766290569660078 0.00152911198634183 0.000482741399072074 0.00115039639781126 0.000437579678042555 0.000727229311140498 0.000677091594520264 0.000897801041381318 0.000553791430936345 0.000983399991656736 7.70699184278478e-05 -0.000396144107461973 -0.000133885646770977 0.000500143397142941
"NABR" -0.000512325607368431 0.000336095475133743 -5.98110005916977e-05 -0.000193527583523423 -0.000201584589082625 -0.000322342032803921 -0.00231554552605731 -0.000841495287753385 0.000104073068801099 0.00266804522946214 0.00049572291481289 -0.000202699062838205 0.00212073349862099 0.000723636909235513 0.00191798579988861 -0.000428020365746954 -0.000140560090768686 -0.00084444911865141 -0.000385745634512433 0.000609425879959019 0.00012816876715783 -3.32360090791931e-05 -0.000244601524288974 0.000184939784351618 -6.19751349816846e-05 3.03265373020721e-05 0.00111301115000548 1.18560171774021e-05 -0.000786414684166711 -0.00016900610964014 0.000635809351682104 -0.000336902583924012 0.000361402761013684 -0.000331526888617096 0.00041285444251951 0.000306149403611838 0.000290084478304439 -5.15258776713598e-05
"NAFM" 0.000850114829207537 0.000533792239828259 0.000740872010406392 0.000794767655367167 0.000191610793867565 0.000421115154359828 -0.000110194237590032 0.000622173465123535 0.000907051534458521 0.00049572291481289 0.00183770063175105 0.000580505726164837 0.000706745748962124 0.000296778674859046 0.0021151803593905 0.000643201755424659 0.00059684767145257 -0.000784144096022347 0.00103909486039656 0.00105074847177807 0.00052378756162609 0.00167277121786793 -0.000255955286431005 0.00187075406042205 0.000618209960615192 0.00101375234019785 0.00106791221607746 0.00157400285386872 0.000363082216159895 0.000605253369417315 0.000477853989744443 0.000443670130851922 0.000307306082736357 0.000827774645831914 0.000100587615760964 -0.000186316407315085 0.000153605253272056 0.000124670798533008
"NAPNS" -0.000833167948691725 5.09129850588249e-06 9.25062165868233e-05 0.000446509747611048 -0.000248416624494605 6.64530458406702e-05 0.00333428755192038 0.00136385314886164 -6.37094623079074e-05 -0.000202699062838205 0.000580505726164837 0.00227274006961803 0.000242213869284164 0.00010761661522583 -0.00134868800214485 0.000449935527490452 0.000676897407202518 0.0016754589903127 0.000909287357496694 -0.000326766323175141 0.00041986688716225 -0.000349996793695208 2.07816674142171e-05 0.00107007887093131 0.000673515254527905 0.00061221327680235 -0.000316113556228404 0.000452235138318296 0.00100720047951692 0.000197240890258003 0.000214537994064005 0.000732548192727549 -0.000569206396832773 -0.000228725620897118 -0.000137969749904332 0.000728639465890857 0.000943800345902265 -0.000239920367001123
"BRPT" -0.00120432210402812 -0.000297916710747657 -0.000486182710920921 -0.000470168362556051 -0.000546912057019951 -0.000319282150768421 -0.00106530535616938 -0.000304866431204004 -1.80615099109386e-05 0.00212073349862099 0.000706745748962124 0.000242213869284164 0.00338843728051934 0.00107863834670063 -0.000974709384208624 -0.00142758616388355 -0.000611760157424709 -0.000473985765905678 -0.00229214361125104 0.000712682030289405 0.000145816025246027 -0.000396892245588535 0.0001726623665258 0.00074583498538594 -0.00104733310018372 -0.000374406674719309 0.000771528602106176 -0.000789518182682467 -0.000579751937316159 -0.000516462419214113 -6.15321100529632e-06 -0.0018616052405576 0.000483832808228174 0.000135122753740066 0.000850639616976583 0.00100416983224524 0.000184208694802105 -1.77674052137597e-05
"BRAPET" 8.31250417242098e-05 1.62796959832409e-06 7.20143018849261e-05 0.000139939946474641 -3.91110270975585e-05 -8.2330187628604e-05 -0.000606158980253349 0.000391952493110592 0.000243885389812584 0.000723636909235513 0.000296778674859046 0.00010761661522583 0.00107863834670063 0.000964092678490087 0.000377425888408812 0.000355351778626366 0.000164030066664793 -5.81223981966961e-06 0.000331756792164362 8.60634262930804e-05 0.000374608345303727 0.000325963885015697 0.000272783420345196 0.000366804325395481 0.000297619268543414 0.000208523149335237 -0.000147757849359348 0.000116670404059663 0.000414357592200439 0.000156560721988886 0.000306668976416853 0.000180647409488492 0.000226453947361192 0.000428485334326463 0.000552218568630692 -4.56244628706776e-05 0.000244278003940847 -0.000321666659846499
"PTFM" 0.00384775802407456 0.000634114987580372 0.00282184333989658 -0.000725564161520593 -0.00120458154614288 -0.000236735266800378 -0.00593494931474485 -0.000253889157772356 0.00205782471119963 0.00191798579988861 0.0021151803593905 -0.00134868800214485 -0.000974709384208624 0.000377425888408812 0.0287560037779504 0.00575723879212602 -0.000164432095968909 -0.0138465392218264 0.00810230219090189 0.00100037665590876 0.00195951845406533 0.00363749641851245 0.00358674166282402 0.00304130521190296 0.00106812100168611 0.0032772667922456 -0.000114585854005494 0.00410510875510689 -0.00222392221449042 0.00183164551802758 0.00282515008692251 0.00440378968219467 0.00121300570837947 0.000242480326126246 0.000224301030454426 -0.0114633040781513 -0.000707051570020224 -0.000319173885828814
"PTAPET" 0.00169151260390979 0.000693812672457361 0.00114796999588449 0.000788153130309145 0.000180698926057579 0.000496609358453156 -0.000369524509601731 0.00105036774663555 0.00088079969969611 -0.000428020365746954 0.000643201755424659 0.000449935527490452 -0.00142758616388355 0.000355351778626366 0.00575723879212602 0.00439694226023393 0.00164271465687522 -0.0011402849859299 0.00461905027902466 0.000151224003023907 0.000896227085208836 0.00149779002024884 0.000867996982076186 0.00119355164383999 0.00134656973942721 0.00158660208322707 -0.000158844901033423 0.000927087575703514 0.00170653695949092 0.00105024996498139 0.00112774736483929 0.00222903591524269 -6.85734248561623e-05 7.33137105546664e-05 0.000325296856556222 -0.00240899257176016 8.17618891606616e-05 -9.89020009873903e-05
"PTBA" 0.000803175991135648 0.000603759570743051 0.000577162129628384 0.000777720778609444 0.000529884815842753 0.000467825933002902 0.0002732074770792 0.000396144549983344 0.000597414317997021 -0.000140560090768686 0.00059684767145257 0.000676897407202518 -0.000611760157424709 0.000164030066664793 -0.000164432095968909 0.00164271465687522 0.00192545517051236 0.00182158465578708 0.00204392417194174 0.000252489255720838 0.000411581614370165 0.00103654353823096 -4.97920084743616e-05 0.000716507029919624 0.00083731255425139 0.000761474871237199 0.00128820817260708 0.00240728427525788 0.000695945041463405 0.000955601074371386 0.000900493343678044 0.00115655559719005 -0.000323976367042646 0.000372791760908695 -7.87337905402143e-05 0.000768314699467909 0.0005420555935012 -0.000337687889305105
"PTEAM" -0.00093190197469149 4.57823776236975e-05 -0.00131760078874809 0.000510841680311986 0.000530749657313794 0.000509872419990499 0.00367647591593067 0.000391092114910515 -0.00047374363481814 -0.00084444911865141 -0.000784144096022347 0.0016754589903127 -0.000473985765905678 -5.81223981966961e-06 -0.0138465392218264 -0.0011402849859299 0.00182158465578708 0.0107295991935315 -0.000115623152638747 -0.000697189147152445 -0.00047694648575771 -0.000825169971690946 -0.00172680748264544 -0.000515839864813302 0.00182182285733616 -0.00115588838383196 0.00246146920370332 -0.000755127602650063 0.00206656858023729 -8.97089336378373e-05 -7.91659119648043e-05 0.00123652509332621 -0.000800991264103388 0.000690449671382401 -0.000250321125560921 0.00694338653259776 0.00109559099953779 0.00012549890193538
"PTZYGO" 0.00209148873874043 0.000692882206081121 0.00155179858959592 0.000369188558637976 -0.000211037125274409 0.000479100232634425 -0.000622206617501556 0.000734961256624239 0.00168619023657515 -0.000385745634512433 0.00103909486039656 0.000909287357496694 -0.00229214361125104 0.000331756792164362 0.00810230219090189 0.00461905027902466 0.00204392417194174 -0.000115623152638747 0.00877179148360311 7.42499193751305e-05 0.00129997871107375 0.00296375595212985 0.00105043363138231 0.00129260661685532 0.00376722377846673 0.00269486917380743 0.000232883690825818 0.00239298702638908 0.00131220770341555 0.00188784489242293 0.00228596996296815 0.00629459983641322 0.000156911664890432 0.00175730664527791 -0.000246043433647513 -0.00248178797606015 0.000608241816028087 0.000152495156990664
"FMZS" 0.00073703579195222 0.000622135379004669 0.000449729046529489 0.00100005946746637 0.000150063261132315 0.000216359411507097 -0.000921617892627938 -0.0041826501543591 0.000754408872388437 0.000609425879959019 0.00105074847177807 -0.000326766323175141 0.000712682030289405 8.60634262930804e-05 0.00100037665590876 0.000151224003023907 0.000252489255720838 -0.000697189147152445 7.42499193751305e-05 0.0038084012107638 0.000484113258665461 0.00347487453307171 0.000349189968459026 0.0010847489635302 -0.000526375676694747 8.15037676160957e-05 0.00214338099249622 0.00052431824416598 -0.00190765362116915 1.42038003581884e-05 0.000666302956586199 -0.00108313498239704 0.000441422895317689 -0.000216781500162309 0.000362833982816526 -0.000155312701379759 0.000211107327891258 0.000984114037735075
"FMMT" 0.000684265450663901 0.00158788251285011 0.0010663913482988 0.00133595389537777 0.000651012544641137 -9.45130522404398e-05 -1.56338713158507e-05 0.000798602795172349 0.000592029105073844 0.00012816876715783 0.00052378756162609 0.00041986688716225 0.000145816025246027 0.000374608345303727 0.00195951845406533 0.000896227085208836 0.000411581614370165 -0.00047694648575771 0.00129997871107375 0.000484113258665461 0.00149752640445146 0.00102019098582168 0.00102653685592138 0.000921506723884149 0.000482933247888273 0.00191732230436992 0.000109316056487334 0.000654091306805227 0.00123858729120464 0.000519161247708841 0.000775443702840854 0.000817269979049207 -0.000137732695421862 5.74767965560321e-05 0.000383305911423971 -0.000620687766660769 0.000872306392272201 -0.000336688504939307
"ZSZI" 0.00234806729748129 0.00126672069116524 0.00157770542403659 0.00267377897913548 0.000762054816104523 0.000622413594773336 -0.000887231037958123 -0.00410972696777974 0.00249348826885024 -3.32360090791931e-05 0.00167277121786793 -0.000349996793695208 -0.000396892245588535 0.000325963885015697 0.00363749641851245 0.00149779002024884 0.00103654353823096 -0.000825169971690946 0.00296375595212985 0.00347487453307171 0.00102019098582168 0.00824567545598914 -3.90800587950122e-05 0.00210408505954953 0.00168847619652041 0.00176982816424982 0.002680994136343 0.00217440963612478 -0.00214511758310635 0.000941564890782434 0.00127225035633487 0.00100232270592224 0.00112588443823132 0.00178281830210007 0.000201929433083823 -0.000878966530951505 0.000105622304226991 0.00161090210197838
"ZIMT" 0.000716074479373081 -2.06196583023032e-05 0.00057077909584039 0.000176923667142892 -0.000151559573842178 0.00035642164213433 -0.00028272901406497 -0.00022752970631744 0.000126979383756898 -0.000244601524288974 -0.000255955286431005 2.07816674142171e-05 0.0001726623665258 0.000272783420345196 0.00358674166282402 0.000867996982076186 -4.97920084743616e-05 -0.00172680748264544 0.00105043363138231 0.000349189968459026 0.00102653685592138 -3.90800587950122e-05 0.00556258113859581 0.00056224668694971 -0.000876195106406657 -0.000292334746683995 -0.00160773279358845 0.000519380052683827 0.00113798893140243 0.000224132287341954 0.000766504964433942 -0.000136024307560553 5.39801969331416e-06 -0.000700573187933008 0.000260116781330091 -0.00166100922222339 0.00089898205566377 -9.12765084457017e-05
"ZIZYGO" 0.000803773466889593 -0.000483199834990323 0.000522262581433814 2.38523450093121e-05 -0.00181645552204023 0.000691487778025382 0.000428450037144931 0.000226483524452787 0.000557297430963876 0.000184939784351618 0.00187075406042205 0.00107007887093131 0.00074583498538594 0.000366804325395481 0.00304130521190296 0.00119355164383999 0.000716507029919624 -0.000515839864813302 0.00129260661685532 0.0010847489635302 0.000921506723884149 0.00210408505954953 0.00056224668694971 0.00716280765682386 0.0021662638072867 0.000336353331653742 0.00102070658139281 0.00135947166744298 -0.000512515178673212 0.0004926670167577 -0.000610311627880804 0.00154668106037219 -0.00011110281727293 -0.000216496456210754 0.000248237368230214 -0.000804553142906555 0.000243865631784637 7.61489926068101e-05
"ZITSP" 0.00108836259244972 0.000354226300240946 0.000287933957151184 0.000303328316499337 -0.000745196032262861 0.000446048442421761 0.000496668329029326 0.00113955980860819 0.000766290569660078 -6.19751349816846e-05 0.000618209960615192 0.000673515254527905 -0.00104733310018372 0.000297619268543414 0.00106812100168611 0.00134656973942721 0.00083731255425139 0.00182182285733616 0.00376722377846673 -0.000526375676694747 0.000482933247888273 0.00168847619652041 -0.000876195106406657 0.0021662638072867 0.00563129868100243 0.000417066101512367 0.000996725058964739 0.000337298104694694 0.00144395671074902 0.000313325151688886 0.000300021718250714 0.0044849818437677 0.000267522120945922 0.00110699303810659 0.000171178441872242 0.000404493601325263 0.00100482273053703 0.000390757398352205
"MTPNS" 0.00140514811484064 0.00304524860836752 0.00299143300888321 0.00191995416012187 0.00183534980401847 -0.000458109681909045 -0.000432698871051576 0.00182436189515576 0.00152911198634183 3.03265373020721e-05 0.00101375234019785 0.00061221327680235 -0.000374406674719309 0.000208523149335237 0.0032772667922456 0.00158660208322707 0.000761474871237199 -0.00115588838383196 0.00269486917380743 8.15037676160957e-05 0.00191732230436992 0.00176982816424982 -0.000292334746683995 0.000336353331653742 0.000417066101512367 0.00538616201645085 -0.00150613277083941 0.00127656999720798 0.00233739966053955 0.00131161229181997 0.00146851296425106 0.00178878894912263 -1.85044244304671e-05 0.000473760115371298 0.000271316222314071 -0.00103538841261468 0.000386965751970412 -9.08866744022729e-05
"PNSAPET" 0.000865712090542309 0.000910499544755038 -0.00328268686886942 8.11814721158509e-05 -0.000230199935667484 -9.0571104847178e-05 -0.00229856312885629 -0.00318216115166679 0.000482741399072074 0.00111301115000548 0.00106791221607746 -0.000316113556228404 0.000771528602106176 -0.000147757849359348 -0.000114585854005494 -0.000158844901033423 0.00128820817260708 0.00246146920370332 0.000232883690825818 0.00214338099249622 0.000109316056487334 0.002680994136343 -0.00160773279358845 0.00102070658139281 0.000996725058964739 -0.00150613277083941 0.0138530570218911 0.000620137289591828 -0.00324873058539441 -0.000349117718845933 0.00211843248449074 0.000633282776079829 -0.000594472429308419 0.00218464093305821 8.32393945088575e-08 0.00246019996495923 0.000787687710100853 0.000605394228581908
"APETBA" 0.0015084076312603 0.000374533472865759 0.00128057255749246 0.000975352712070622 0.000866225080260189 0.00028527426622634 -0.000230831509854684 0.000654705165071376 0.00115039639781126 1.18560171774021e-05 0.00157400285386872 0.000452235138318296 -0.000789518182682467 0.000116670404059663 0.00410510875510689 0.000927087575703514 0.00240728427525788 -0.000755127602650063 0.00239298702638908 0.00052431824416598 0.000654091306805227 0.00217440963612478 0.000519380052683827 0.00135947166744298 0.000337298104694694 0.00127656999720798 0.000620137289591828 0.00818332931610139 -0.0010043653426316 0.00197492358012469 0.00125238511182291 0.00145315011874394 -0.000330598332083305 0.00140206918515532 -0.00125084416388091 -0.000844019169095829 0.000640138846634272 -0.00182660546000697
"APETTS" 0.00136104535562104 0.00130578899940037 0.00184500480910621 0.000708340495324538 0.00147395195693116 0.000726941003366447 0.00168603185583759 0.00561311676459792 0.000437579678042555 -0.000786414684166711 0.000363082216159895 0.00100720047951692 -0.000579751937316159 0.000414357592200439 -0.00222392221449042 0.00170653695949092 0.000695945041463405 0.00206656858023729 0.00131220770341555 -0.00190765362116915 0.00123858729120464 -0.00214511758310635 0.00113798893140243 -0.000512515178673212 0.00144395671074902 0.00233739966053955 -0.00324873058539441 -0.0010043653426316 0.0131647227785235 0.000597695092718957 0.000484217909959085 0.00225644181055747 -2.58076621508978e-05 -0.000353506695743665 0.00142792427471196 0.00099238246911662 0.000313551720720834 -0.00180760231326361
"BAEAM" 0.000583607386576102 0.000806651969988598 0.000780296136923924 0.000649980657598784 0.00058066567141054 4.84843692312864e-05 -0.000513964886564006 0.00053646094634294 0.000727229311140498 -0.00016900610964014 0.000605253369417315 0.000197240890258003 -0.000516462419214113 0.000156560721988886 0.00183164551802758 0.00105024996498139 0.000955601074371386 -8.97089336378373e-05 0.00188784489242293 1.42038003581884e-05 0.000519161247708841 0.000941564890782434 0.000224132287341954 0.0004926670167577 0.000313325151688886 0.00131161229181997 -0.000349117718845933 0.00197492358012469 0.000597695092718957 0.00191360850446336 0.000656604897363963 0.00145956163218175 2.1067227823743e-05 0.000504284222602707 -0.000101292792138862 -0.000453396675901938 0.000267283401809918 -0.000275159398604855
"EAMZYGO" 4.5717879182364e-05 0.0012654559128425 0.000671863864454752 0.000952174669281169 0.000837777482531984 4.98352056549828e-05 -0.00145267626118832 -0.000752704041068208 0.000677091594520264 0.000635809351682104 0.000477853989744443 0.000214537994064005 -6.15321100529632e-06 0.000306668976416853 0.00282515008692251 0.00112774736483929 0.000900493343678044 -7.91659119648043e-05 0.00228596996296815 0.000666302956586199 0.000775443702840854 0.00127225035633487 0.000766504964433942 -0.000610311627880804 0.000300021718250714 0.00146851296425106 0.00211843248449074 0.00125238511182291 0.000484217909959085 0.000656604897363963 0.00292625902330583 0.0018012208681968 -0.000268729553246929 0.000570346139667855 0.000273858406376004 -0.000126797876532031 0.000724604414472131 0.000137990070647314
"ZYGOTSP" 0.00123730079069689 0.000537710804521326 0.000652632556620606 -0.000652892582581026 -0.000807591240403948 0.000166041163256472 -0.000470750126608788 0.00136472908912046 0.000897801041381318 -0.000336902583924012 0.000443670130851922 0.000732548192727549 -0.0018616052405576 0.000180647409488492 0.00440378968219467 0.00222903591524269 0.00115655559719005 0.00123652509332621 0.00629459983641322 -0.00108313498239704 0.000817269979049207 0.00100232270592224 -0.000136024307560553 0.00154668106037219 0.0044849818437677 0.00178878894912263 0.000633282776079829 0.00145315011874394 0.00225644181055747 0.00145956163218175 0.0018012208681968 0.00760277178945622 -0.000262746024762993 0.00131237071224753 0.00010767740623033 -0.000744435015966816 0.00104136063188008 -0.000839052659867502
"LDAS" 0.000304897513584862 -0.000457913027074332 0.000145913684092314 -3.41514297762883e-05 -2.24269784328202e-05 -4.18626049451154e-05 -0.000797996424406348 -0.000296619960082999 0.000553791430936345 0.000361402761013684 0.000307306082736357 -0.000569206396832773 0.000483832808228174 0.000226453947361192 0.00121300570837947 -6.85734248561623e-05 -0.000323976367042646 -0.000800991264103388 0.000156911664890432 0.000441422895317689 -0.000137732695421862 0.00112588443823132 5.39801969331416e-06 -0.00011110281727293 0.000267522120945922 -1.85044244304671e-05 -0.000594472429308419 -0.000330598332083305 -2.58076621508978e-05 2.1067227823743e-05 -0.000268729553246929 -0.000262746024762993 0.00323234098762843 0.000498930899735957 0.00111323881498295 -0.000580249037349626 -0.00112803699445977 0.00114926409411034
"BRLD" 0.000751328025949889 0.000242398057853602 -0.000301477980338022 0.000439440441340601 0.000585886622838393 0.000187894067139834 -0.000639932836352048 0.000849747862955913 0.000983399991656736 -0.000331526888617096 0.000827774645831914 -0.000228725620897118 0.000135122753740066 0.000428485334326463 0.000242480326126246 7.33137105546664e-05 0.000372791760908695 0.000690449671382401 0.00175730664527791 -0.000216781500162309 5.74767965560321e-05 0.00178281830210007 -0.000700573187933008 -0.000216496456210754 0.00110699303810659 0.000473760115371298 0.00218464093305821 0.00140206918515532 -0.000353506695743665 0.000504284222602707 0.000570346139667855 0.00131237071224753 0.000498930899735957 0.00429762047986378 -0.000684886835826185 0.000681795005333951 -0.000636682103022185 0.000612817320541935
"OPILD" 0.000389013000243554 0.000240367669239074 0.000455344688556345 0.0001963654226064 1.7284456662627e-05 0.000155956375212518 -0.000925853291829538 2.14738226805661e-05 7.70699184278478e-05 0.00041285444251951 0.000100587615760964 -0.000137969749904332 0.000850639616976583 0.000552218568630692 0.000224301030454426 0.000325296856556222 -7.87337905402143e-05 -0.000250321125560921 -0.000246043433647513 0.000362833982816526 0.000383305911423971 0.000201929433083823 0.000260116781330091 0.000248237368230214 0.000171178441872242 0.000271316222314071 8.32393945088575e-08 -0.00125084416388091 0.00142792427471196 -0.000101292792138862 0.000273858406376004 0.00010767740623033 0.00111323881498295 -0.000684886835826185 0.00243337898449749 -0.000443475420973817 0.00033776647423177 -0.000482046954975938
"PTAS" -0.00140746150387499 0.000598709652594056 -0.000981774943299507 0.000512204164217786 0.000658238098612493 0.000398654690141785 0.00173582429157995 -7.18223974585397e-05 -0.000396144107461973 0.000306149403611838 -0.000186316407315085 0.000728639465890857 0.00100416983224524 -4.56244628706776e-05 -0.0114633040781513 -0.00240899257176016 0.000768314699467909 0.00694338653259776 -0.00248178797606015 -0.000155312701379759 -0.000620687766660769 -0.000878966530951505 -0.00166100922222339 -0.000804553142906555 0.000404493601325263 -0.00103538841261468 0.00246019996495923 -0.000844019169095829 0.00099238246911662 -0.000453396675901938 -0.000126797876532031 -0.000744435015966816 -0.000580249037349626 0.000681795005333951 -0.000443475420973817 0.00657810023647524 0.0006660449721294 0.000780336228339529
"JPAS" 0.000386550721282033 0.000969352641711806 0.000128797433202523 0.00140379612792687 0.000497797340492336 0.000130978225446924 0.0015839869683865 0.000278515568555277 -0.000133885646770977 0.000290084478304439 0.000153605253272056 0.000943800345902265 0.000184208694802105 0.000244278003940847 -0.000707051570020224 8.17618891606616e-05 0.0005420555935012 0.00109559099953779 0.000608241816028087 0.000211107327891258 0.000872306392272201 0.000105622304226991 0.00089898205566377 0.000243865631784637 0.00100482273053703 0.000386965751970412 0.000787687710100853 0.000640138846634272 0.000313551720720834 0.000267283401809918 0.000724604414472131 0.00104136063188008 -0.00112803699445977 -0.000636682103022185 0.00033776647423177 0.0006660449721294 0.00336813724762477 -0.000295425653959951
"BAOPI" 0.000218776180733789 0.000166871395295928 0.000214372369728036 0.000444928897006647 0.000112347843516849 0.000432588034172455 -0.000277052401558392 -0.00204431692885631 0.000500143397142941 -5.15258776713598e-05 0.000124670798533008 -0.000239920367001123 -1.77674052137597e-05 -0.000321666659846499 -0.000319173885828814 -9.89020009873903e-05 -0.000337687889305105 0.00012549890193538 0.000152495156990664 0.000984114037735075 -0.000336688504939307 0.00161090210197838 -9.12765084457017e-05 7.61489926068101e-05 0.000390757398352205 -9.08866744022729e-05 0.000605394228581908 -0.00182660546000697 -0.00180760231326361 -0.000275159398604855 0.000137990070647314 -0.000839052659867502 0.00114926409411034 0.000612817320541935 -0.000482046954975938 0.000780336228339529 -0.000295425653959951 0.00455017035410016
