"" "V1" "V2" "V3" "V4" "V5" "V6" "V7" "V8" "V9" "V10" "V11" "V12" "V13" "V14" "V15" "V16" "V17" "V18" "V19" "V21" "V22" "V23" "V24" "V25" "V26" "V27" "V28" "V29" "V30" "V31" "V32" "V33" "V34" "V35" "V36" "V37" "V38" "V39"
"V1" 0.00116533202613661 0.00113768672384008 0.000595350133445636 0.000416369674699836 0.000386104277067808 0.000268333753764535 -0.000394608488750949 0.000384116181744224 0.000436808317892289 0.00045342811684424 0.000361813589062789 0.000306770603885224 0.000173131758100147 0.000170100972816722 0.001234554569635 0.000286625882429247 0.000342959701267468 0.00021374588832724 0.000553758558996863 0.00055104676381243 0.00055680808065453 0.000404521850193455 0.00126488044881817 0.00102233692399173 0.00106990851832576 0.000363385008035204 0.00094437340324331 0.000671762212508903 0.000482456425688035 0.000524363729614275 0.0013464027288695 0.00160731421749043 -0.000119644792761803 -0.000410630287706576 -0.000428523347557212 0.000224152501583945 0.000595138444963481 0.000174071563737498
"V2" 0.00113768672384008 0.00266504774879252 0.000899185412501564 0.00105857348192905 0.000536171620097891 0.000446063803480721 -0.00143641350453124 0.000464220724241715 0.000536056884242402 0.000424947451932124 0.000367314704935081 0.000558840356781532 3.06747088650375e-05 0.000261817629403346 0.0026728727311372 0.000401889166785423 0.000613821967379401 0.000316366369822661 0.000694649177951262 0.000467809703337053 0.000863750211720785 0.000636455302688699 0.00186366401147207 0.00175417913859493 0.00162481185371149 0.000400410170697277 0.00147936664225843 0.00112890952316878 0.000407939011171877 0.000803120938253189 0.00170626147966969 0.00219519634230206 -9.73974625933965e-05 4.27719354713143e-05 -0.000501179722623602 0.000240817779018089 0.00094424413214698 -0.00036637813560656
"V3" 0.000595350133445636 0.000899185412501564 0.000881954998314785 0.000509456482005583 0.000307679893865985 0.00030930790699766 -0.000428351319462363 0.000363353617609327 0.000307841013265347 0.000369576864966514 0.000228702940777103 0.000530039081926184 6.72067259967648e-05 0.000157914061794363 0.00121025004995046 0.000341624153833235 0.000497297698507756 0.00042260985584662 0.000659246686996006 0.000276484314255579 0.000544533366928609 0.000279485224609867 0.00103284557285841 0.000975750859462271 0.00105081747582714 3.09641313234609e-05 2.8303322763007e-05 0.000886993904903837 0.000355361637366817 0.000404736363753732 0.00120367203818796 0.00114991115102483 -1.56379874501109e-05 -0.000184990495253024 -0.000148979945576793 0.000329272915116926 0.000675756768660259 -0.000196086117447566
"V4" 0.000416369674699836 0.00105857348192905 0.000509456482005583 0.00208724186182981 0.000661632348639559 0.000502756861387441 -3.4449049067569e-06 0.00087095117914051 0.00032950480493098 0.000395891876029469 0.000246124824843428 0.000258103621989797 0.000139740057854612 0.000457995035878044 0.00205153940117714 0.000462799988944461 0.000612393493810081 0.000377392576310076 0.000762658842827177 -0.000887806823466813 0.000496765411007115 0.000609262772609875 0.00122708613481763 0.000953422870183971 0.000657263921677499 0.000178955018610151 0.00105284693895724 0.00113917589340605 0.000456079936447489 0.000590828119563032 0.00116578526102727 0.00127059735370247 0.000454026746880954 -7.7157908144987e-05 0.000529905567923195 -3.3221999966174e-05 0.00057106454712615 -0.000899510102050646
"V5" 0.000386104277067808 0.000536171620097891 0.000307679893865985 0.000661632348639559 0.000758508823661497 0.000264227338752465 -0.000192777923348115 0.000218685539327444 0.000454735017818544 0.000355595837544409 0.000200650879905088 0.000155305413225717 0.00017862709565446 0.000275856771604137 0.000818800124823064 0.000229412477838006 0.000383161305511066 0.000298144472057441 0.000601319630915994 -0.000105251835276074 0.000237458223144088 0.000700752982377596 0.0011906284885973 0.000403434792222079 0.000314929773853034 0.000245353915484917 0.000615652368268972 0.00084138941238446 0.000207366245120564 0.000509607188971844 0.000500750132894423 0.00105451984374227 0.00017902819230707 -0.000295251224724393 0.000316429659425084 0.000152306013393021 0.000557210858554546 -0.00071263769317533
"V6" 0.000268333753764535 0.000446063803480721 0.00030930790699766 0.000502756861387441 0.000264227338752465 0.000738090939608832 2.35179058600896e-05 0.000107277722822815 0.00016009611498264 0.000323087077108653 0.000354790334712075 0.000196383573071974 0.000303118988837102 0.000381899062082497 0.000689857690426159 0.00015911376431783 0.000228294138310184 2.84163576293165e-05 0.000247641674135826 0.000305728392573358 0.000228033850566084 0.000301295799936054 0.000574444919076694 0.000973864578461728 0.000626029384376454 0.000165611881362589 0.000722389425187104 0.000447238361524317 7.59117306635454e-05 0.000466956545245294 0.000320239610633653 0.000899980730528854 0.000374316128340993 -9.4357519935188e-05 0.000179405805311223 -3.41278449035804e-05 0.000146330383441371 -7.30652535782135e-05
"V7" -0.000394608488750949 -0.00143641350453124 -0.000428351319462363 -3.4449049067569e-06 -0.000192777923348115 2.35179058600896e-05 0.00537979416534473 -7.21843331348449e-05 -0.000129886246773388 -8.06093903563985e-05 -3.65003494072264e-05 0.000491521368861731 0.000748938863326738 0.000631534941516736 -0.00135399633787976 0.000176979809738422 -0.000142248278309005 -0.000235672354816553 -0.000438266399424002 3.22469369467091e-05 -0.000626789939622069 0.000118598041112523 -0.00143332277497451 -0.00152012957939401 -0.000357463420666952 -2.84650324111506e-05 0.000314611357532006 -0.000523931679695835 -0.000170124928200421 -5.91879480664184e-05 0.00021520192651206 -0.000318354405288396 0.00101476521820999 -0.000414555738707498 0.00139294823475069 -0.000290705709935222 -0.000479896888489813 0.000106045476821977
"V8" 0.000384116181744224 0.000464220724241715 0.000363353617609327 0.00087095117914051 0.000218685539327444 0.000107277722822815 -7.21843331348449e-05 0.000987238290166809 0.000310739875762859 0.000191453756815736 0.000324816771405546 0.000199195639044709 -1.6527181798388e-05 9.45118239483022e-05 0.000623229140413997 0.000123962137046288 0.000297433140010359 0.000246332292459781 0.000405120759837677 -8.1852501274098e-05 0.000440219952592951 -6.46865664958609e-05 0.000806176935812854 0.000646564944890851 0.000660216133415716 1.08481558040884e-05 0.000180461599758481 0.000887277673560316 0.000459045735112697 0.000284260551840407 0.00111236639249846 0.000541712385333612 -8.30817784372013e-05 3.28050081788151e-05 -0.000210609057090748 0.000127928278267612 0.000327423735987493 -0.000464530240030404
"V9" 0.000436808317892289 0.000536056884242402 0.000307841013265347 0.00032950480493098 0.000454735017818544 0.00016009611498264 -0.000129886246773388 0.000310739875762859 0.000471696362413219 0.000278633345535222 0.000310986248931166 0.000234598617015518 8.54584468632972e-05 0.000167687275361934 0.000760882218443488 0.000124104818693882 0.000335089075839473 0.000253146746128944 0.000569823369851129 0.000331986154393069 0.000401871513669187 0.00054012735420559 0.00120331950460136 0.000791974901362776 0.000716244682973437 0.000260115232663312 0.000495241196521676 0.000897947497097239 0.000221876153610331 0.00042080178389559 0.000923119478342537 0.00111723598049332 -8.56265963122752e-05 -0.0001357891746165 -0.000198979669834654 0.000191123601215944 0.000564249074528672 -0.000492212803736448
"V10" 0.00045342811684424 0.000424947451932124 0.000369576864966514 0.000395891876029469 0.000355595837544409 0.000323087077108653 -8.06093903563985e-05 0.000191453756815736 0.000278633345535222 0.000950704984313831 0.000276756183157393 0.000242819090611328 0.000722069625580387 0.000559060393779043 0.000421455832994882 0.000285688941411407 0.000357180676015022 0.000284061786882408 0.000468658153318237 0.000511455027354583 0.000310176350431607 0.000296485494005628 0.000635264151511908 0.000532770636800261 0.000736241451234124 0.000302374658877463 0.000292421970491212 0.000687456093774599 0.000453530560075304 0.0005523682658662 0.000539308509173187 0.000982166400394898 0.000250489761057574 -0.000198686868146195 0.000237133606540205 0.000183774952221957 0.000403514706898814 -0.000148274376709364
"V11" 0.000361813589062789 0.000367314704935081 0.000228702940777103 0.000246124824843428 0.000200650879905088 0.000354790334712075 -3.65003494072264e-05 0.000324816771405546 0.000310986248931166 0.000276756183157393 0.000802449989095652 0.000146314093244885 0.000122217018060613 0.000111055942669194 0.000263125455759723 9.21981411619232e-05 0.000246369713218146 0.000148852148361565 0.000351483926274927 0.000652699701557408 0.000361019399691763 0.000389693228822907 0.000685579411476204 0.000729516229202129 0.000788178499351708 0.0002461493343799 0.00057915687093008 0.000680753892279678 0.000246419513089189 0.000454456785500303 0.000983278082105831 0.000757326874879494 6.95689947011462e-05 -0.000196576338074216 -0.000323851668921142 0.000133410178803405 0.000272894473263166 -8.21649419245071e-05
"V12" 0.000306770603885224 0.000558840356781532 0.000530039081926184 0.000258103621989797 0.000155305413225717 0.000196383573071974 0.000491521368861731 0.000199195639044709 0.000234598617015518 0.000242819090611328 0.000146314093244885 0.000794142676084826 0.000163340838260047 0.000298663587716423 0.000803842719668336 0.000298607052633792 0.000448929355490135 0.000446858153762805 0.000573341395795666 0.000340499164688013 0.00047657117150497 0.000168041209702791 0.000778380413653547 0.000649019356068338 0.000786649746115001 -9.79344990229259e-05 -7.34508714293472e-05 0.000887120485524428 0.000325048728362917 0.000402373166333694 0.000967354326635275 0.0010602551502809 -2.17028636876666e-05 5.08246547482052e-05 3.67770964171371e-05 0.000333504825262333 0.000685107812282427 -0.000305250206880857
"V13" 0.000173131758100147 3.06747088650375e-05 6.72067259967648e-05 0.000139740057854612 0.00017862709565446 0.000303118988837102 0.000748938863326738 -1.6527181798388e-05 8.54584468632972e-05 0.000722069625580387 0.000122217018060613 0.000163340838260047 0.00103369210461613 0.000719768679844578 -0.000498642567903086 0.000208659407555112 0.000170478984112233 2.20080507258783e-05 -0.000138309735773875 7.71957572998081e-05 -0.000213233564603069 0.000148645060899475 -0.000288055208203059 -0.000469823094052958 2.79030195361357e-05 0.000133738035489008 0.000123237728299273 0.00024940267808135 0.000330390385246735 0.000434225775591914 2.32898154002052e-05 -5.02269639416331e-05 0.000629492943461316 -1.42255379427723e-06 0.000688455675988305 -2.50786669808907e-05 1.02810941788978e-05 -0.000298927915236172
"V14" 0.000170100972816722 0.000261817629403346 0.000157914061794363 0.000457995035878044 0.000275856771604137 0.000381899062082497 0.000631534941516736 9.45118239483022e-05 0.000167687275361934 0.000559060393779043 0.000111055942669194 0.000298663587716423 0.000719768679844578 0.000775434180344092 0.000283154017142237 0.000291529703766223 0.000301872230992157 0.000196539651350297 0.00029556483516825 7.00110639948168e-05 0.000119128223481166 0.000330469635590399 0.000352212354585 0.000250827603909169 0.000401655542046675 0.000106564681921309 0.000321627052720993 0.000484159529494444 0.000284173932295265 0.000506346632792138 0.000270624109486752 0.000704722794449847 0.000529412732775473 0.000126793322540552 0.000647336670412513 -8.06308560274778e-07 0.000312743209998277 -0.000418537819597004
"V15" 0.001234554569635 0.0026728727311372 0.00121025004995046 0.00205153940117714 0.000818800124823064 0.000689857690426159 -0.00135399633787976 0.000623229140413997 0.000760882218443488 0.000421455832994882 0.000263125455759723 0.000803842719668336 -0.000498642567903086 0.000283154017142237 0.00711738591786787 0.000394575832909129 0.000985945947401013 -5.58163766172265e-05 0.00117928817313162 -0.000100582833276803 0.00144395100569493 0.00138052788896929 0.0033506484989007 0.00385806783186965 0.00220963646338107 0.000975036044419025 0.00197457062628451 0.00256949383864633 1.30265170006244e-05 0.00150677724044743 0.00200378720049402 0.00421951778494705 -0.000139684299854249 -0.000929326845386423 -0.000146858656060244 -0.000433802738467818 0.00145698745569873 -0.0011602328988229
"V16" 0.000286625882429247 0.000401889166785423 0.000341624153833235 0.000462799988944461 0.000229412477838006 0.00015911376431783 0.000176979809738422 0.000123962137046288 0.000124104818693882 0.000285688941411407 9.21981411619232e-05 0.000298607052633792 0.000208659407555112 0.000291529703766223 0.000394575832909129 0.000489334063350516 0.000415868979652932 0.00047819314163003 0.000572845856046151 5.01466948586747e-05 0.000296596368518505 0.000287367638550325 0.000397623775878196 0.000309661477483684 0.000481287953757698 1.78158804605537e-06 0.000280121737897004 0.000289038795438328 0.000163011563927015 0.000313072312274951 0.000315738521170552 0.000673779017201549 -2.0983451218733e-05 3.14342690860107e-05 -1.53103147713527e-05 0.000312799115811314 0.000337182119768928 -3.41621150478855e-05
"V17" 0.000342959701267468 0.000613821967379401 0.000497297698507756 0.000612393493810081 0.000383161305511066 0.000228294138310184 -0.000142248278309005 0.000297433140010359 0.000335089075839473 0.000357180676015022 0.000246369713218146 0.000448929355490135 0.000170478984112233 0.000301872230992157 0.000985945947401013 0.000415868979652932 0.000804650731905472 0.000737473007761891 0.000976810245661909 3.6655784821012e-05 0.000556613770282102 0.000479320059050193 0.00114796358630553 0.000832270279645894 0.000830916915851473 0.000144102130071613 8.86509465534246e-05 0.00157783684242826 0.000527707193595739 0.000649710412557505 0.000831250379590115 0.00131515252734512 -1.6699336409911e-05 6.96604673057941e-05 0.000119905049069148 0.000448777258647336 0.000899331043170479 -0.000793520756134284
"V18" 0.00021374588832724 0.000316366369822661 0.00042260985584662 0.000377392576310076 0.000298144472057441 2.84163576293165e-05 -0.000235672354816553 0.000246332292459781 0.000253146746128944 0.000284061786882408 0.000148852148361565 0.000446858153762805 2.20080507258783e-05 0.000196539651350297 -5.58163766172265e-05 0.00047819314163003 0.000737473007761891 0.00130468937381289 0.00155239555568584 -7.29405256859635e-05 0.000602711077843444 0.00025232071253429 0.00122815297715963 0.000587274573341779 0.000752160857572422 -0.000141976208949967 -0.000406623778164331 0.00112478594788416 0.000690550090417311 0.000269879018479404 0.00104974751447703 0.00122143643286252 -0.000297942756251204 0.000390620346043165 -0.000173896780685051 0.000902287439293116 0.000971753533931915 -0.000391443075229554
"V19" 0.000553758558996863 0.000694649177951262 0.000659246686996006 0.000762658842827177 0.000601319630915994 0.000247641674135826 -0.000438266399424002 0.000405120759837677 0.000569823369851129 0.000468658153318237 0.000351483926274927 0.000573341395795666 -0.000138309735773875 0.00029556483516825 0.00117928817313162 0.000572845856046151 0.000976810245661909 0.00155239555568584 0.00271788324906679 0.000161050885881906 0.00111758858719812 0.000737596968936529 0.00253978707040448 0.00207085567543029 0.00156712513358121 0.000217073277770896 -4.05865741360989e-05 0.00176066986023457 0.00119796403647423 0.000559189457099455 0.00151473553734024 0.00318498608785976 -0.0003464245786711 0.000156107937124526 -0.000273253249998169 0.00103450430399983 0.00171805786546753 -0.000600775047468292
"V21" 0.00055104676381243 0.000467809703337053 0.000276484314255579 -0.000887806823466813 -0.000105251835276074 0.000305728392573358 3.22469369467091e-05 -8.1852501274098e-05 0.000331986154393069 0.000511455027354583 0.000652699701557408 0.000340499164688013 7.71957572998081e-05 7.00110639948168e-05 -0.000100582833276803 5.01466948586747e-05 3.6655784821012e-05 -7.29405256859635e-05 0.000161050885881906 0.00347306577173324 0.00099187373073808 3.49526779428212e-05 0.000635344971417789 0.00206476953775912 0.0020634195120266 0.000754892894221444 0.00102476376204991 3.49622340020181e-05 -7.27304053683667e-05 0.000328922204587304 0.000712740455540301 0.00199560893634689 -0.000620997737907343 -0.000197331359772021 -0.00131108096301344 0.000309310796738158 0.000337734850895601 0.00137946815238593
"V22" 0.00055680808065453 0.000863750211720785 0.000544533366928609 0.000496765411007115 0.000237458223144088 0.000228033850566084 -0.000626789939622069 0.000440219952592951 0.000401871513669187 0.000310176350431607 0.000361019399691763 0.00047657117150497 -0.000213233564603069 0.000119128223481166 0.00144395100569493 0.000296596368518505 0.000556613770282102 0.000602711077843444 0.00111758858719812 0.00099187373073808 0.001134159257994 0.000353947855206286 0.00176301352594211 0.00186055169654373 0.00151716136580633 0.000265571749840573 0.000423018284205826 0.00111586961107809 0.000402068051672251 0.000468168487099073 0.00137720532030266 0.00211003854045579 -0.00047558340560076 8.89310007194046e-05 -0.000789129955627108 0.000457400948437216 0.00101473063677203 0.00021834806593884
"V23" 0.000404521850193455 0.000636455302688699 0.000279485224609867 0.000609262772609875 0.000700752982377596 0.000301295799936054 0.000118598041112523 -6.46865664958609e-05 0.00054012735420559 0.000296485494005628 0.000389693228822907 0.000168041209702791 0.000148645060899475 0.000330469635590399 0.00138052788896929 0.000287367638550325 0.000479320059050193 0.00025232071253429 0.000737596968936529 3.49526779428212e-05 0.000353947855206286 0.00141488517956033 0.00133854309028131 0.000679043025165726 0.000615551438712689 0.000358802039989293 0.00100424964785563 0.000937372071907422 -4.825341966429e-05 0.000598512159787175 0.000925071362947817 0.00133955392400945 0.000266946338110121 -0.000266669285638845 0.00012571680829527 2.76241877801245e-05 0.000610901336772466 -0.000687651465706365
"V24" 0.00126488044881817 0.00186366401147207 0.00103284557285841 0.00122708613481763 0.0011906284885973 0.000574444919076694 -0.00143332277497451 0.000806176935812854 0.00120331950460136 0.000635264151511908 0.000685579411476204 0.000778380413653547 -0.000288055208203059 0.000352212354585 0.0033506484989007 0.000397623775878196 0.00114796358630553 0.00122815297715963 0.00253978707040448 0.000635344971417789 0.00176301352594211 0.00133854309028131 0.0053168096482345 0.00346226741667826 0.0023491163325965 0.000358898899842011 0.00118795453584697 0.00289287455371283 0.00106591164742132 0.00111013686871272 0.00350251829532927 0.00446675480381252 -0.000827317441092486 -0.000317772955018271 -0.00114780936172832 0.000832762220975858 0.00232822138503532 -0.00128391537057585
"V25" 0.00102233692399173 0.00175417913859493 0.000975750859462271 0.000953422870183971 0.000403434792222079 0.000973864578461728 -0.00152012957939401 0.000646564944890851 0.000791974901362776 0.000532770636800261 0.000729516229202129 0.000649019356068338 -0.000469823094052958 0.000250827603909169 0.00385806783186965 0.000309661477483684 0.000832270279645894 0.000587274573341779 0.00207085567543029 0.00206476953775912 0.00186055169654373 0.000679043025165726 0.00346226741667826 0.00595713277689756 0.00347275412931303 0.00132350321908538 0.00173091957680705 0.00208021423352951 0.000463074215581526 0.000863395046476312 0.00171364789605372 0.00475664336559758 -0.00114030057634091 -6.2020777431424e-05 -0.00163921005508865 0.000464639863859627 0.00147194038597115 -0.000426900076814154
"V26" 0.00106990851832576 0.00162481185371149 0.00105081747582714 0.000657263921677499 0.000314929773853034 0.000626029384376454 -0.000357463420666952 0.000660216133415716 0.000716244682973437 0.000736241451234124 0.000788178499351708 0.000786649746115001 2.79030195361357e-05 0.000401655542046675 0.00220963646338107 0.000481287953757698 0.000830916915851473 0.000752160857572422 0.00156712513358121 0.0020634195120266 0.00151716136580633 0.000615551438712689 0.0023491163325965 0.00347275412931303 0.00337308806386452 0.00083027712015841 0.00121108373469737 0.00164170083728791 0.00059435098033812 0.000896733571631296 0.00265499426338431 0.00389697947286184 -0.000495215668076356 -1.21498864435363e-05 -0.00124907091307987 0.000596356660609659 0.00123850660841104 0.000139671094986639
"V27" 0.000363385008035204 0.000400410170697277 3.09641313234609e-05 0.000178955018610151 0.000245353915484917 0.000165611881362589 -2.84650324111506e-05 1.08481558040884e-05 0.000260115232663312 0.000302374658877463 0.0002461493343799 -9.79344990229259e-05 0.000133738035489008 0.000106564681921309 0.000975036044419025 1.78158804605537e-06 0.000144102130071613 -0.000141976208949967 0.000217073277770896 0.000754892894221444 0.000265571749840573 0.000358802039989293 0.000358898899842011 0.00132350321908538 0.00083027712015841 0.00129535798376945 0.000751039844887633 0.000514147659317826 -5.80990837137382e-05 0.000454597191740507 -9.99690350903635e-05 0.00150624567058535 -0.000214301526794213 -0.000410529131278072 -0.000213441476789307 -2.58759259416955e-05 0.000160363775748227 5.60360953253855e-05
"V28" 0.00094437340324331 0.00147936664225843 2.8303322763007e-05 0.00105284693895724 0.000615652368268972 0.000722389425187104 0.000314611357532006 0.000180461599758481 0.000495241196521676 0.000292421970491212 0.00057915687093008 -7.34508714293472e-05 0.000123237728299273 0.000321627052720993 0.00197457062628451 0.000280121737897004 8.86509465534246e-05 -0.000406623778164331 -4.05865741360989e-05 0.00102476376204991 0.000423018284205826 0.00100424964785563 0.00118795453584697 0.00173091957680705 0.00121108373469737 0.000751039844887633 0.0040367469752297 -0.000309242330704661 -0.000541488445263698 0.000633303768146126 0.00133984310652202 0.00194538010749364 0.000244988838888921 -0.00038713028066714 -0.000552400972223649 -0.000388182487861089 1.73222209146453e-05 0.000411416856844488
"V29" 0.000671762212508903 0.00112890952316878 0.000886993904903837 0.00113917589340605 0.00084138941238446 0.000447238361524317 -0.000523931679695835 0.000887277673560316 0.000897947497097239 0.000687456093774599 0.000680753892279678 0.000887120485524428 0.00024940267808135 0.000484159529494444 0.00256949383864633 0.000289038795438328 0.00157783684242826 0.00112478594788416 0.00176066986023457 3.49622340020181e-05 0.00111586961107809 0.000937372071907422 0.00289287455371283 0.00208021423352951 0.00164170083728791 0.000514147659317826 -0.000309242330704661 0.00449135936836162 0.00144627864142525 0.00147730856953841 0.00197546618415312 0.00288209580346998 -9.02832208893773e-05 -4.2532043727782e-05 0.000480667492414794 0.000601243955554056 0.00199571780324179 -0.00283902601614674
"V30" 0.000482456425688035 0.000407939011171877 0.000355361637366817 0.000456079936447489 0.000207366245120564 7.59117306635454e-05 -0.000170124928200421 0.000459045735112697 0.000221876153610331 0.000453530560075304 0.000246419513089189 0.000325048728362917 0.000330390385246735 0.000284173932295265 1.30265170006244e-05 0.000163011563927015 0.000527707193595739 0.000690550090417311 0.00119796403647423 -7.27304053683667e-05 0.000402068051672251 -4.825341966429e-05 0.00106591164742132 0.000463074215581526 0.00059435098033812 -5.80990837137382e-05 -0.000541488445263698 0.00144627864142525 0.00238498973572407 0.000147825462709915 0.00123420226697398 0.00150562144246814 0.000307699306865341 0.000157152486374343 0.000702911626532315 0.000543875299022539 0.00126431465486215 -0.000838605307862203
"V31" 0.000524363729614275 0.000803120938253189 0.000404736363753732 0.000590828119563032 0.000509607188971844 0.000466956545245294 -5.91879480664184e-05 0.000284260551840407 0.00042080178389559 0.0005523682658662 0.000454456785500303 0.000402373166333694 0.000434225775591914 0.000506346632792138 0.00150677724044743 0.000313072312274951 0.000649710412557505 0.000269879018479404 0.000559189457099455 0.000328922204587304 0.000468168487099073 0.000598512159787175 0.00111013686871272 0.000863395046476312 0.000896733571631296 0.000454597191740507 0.000633303768146126 0.00147730856953841 0.000147825462709915 0.0012581974768504 0.000503253379944561 0.00161806877732098 0.000397125920298563 -0.000318583208538117 0.000369624246202107 7.19957400574063e-05 0.000692598701883928 -0.000580488687801045
"V32" 0.0013464027288695 0.00170626147966969 0.00120367203818796 0.00116578526102727 0.000500750132894423 0.000320239610633653 0.00021520192651206 0.00111236639249846 0.000923119478342537 0.000539308509173187 0.000983278082105831 0.000967354326635275 2.32898154002052e-05 0.000270624109486752 0.00200378720049402 0.000315738521170552 0.000831250379590115 0.00104974751447703 0.00151473553734024 0.000712740455540301 0.00137720532030266 0.000925071362947817 0.00350251829532927 0.00171364789605372 0.00265499426338431 -9.99690350903635e-05 0.00133984310652202 0.00197546618415312 0.00123420226697398 0.000503253379944561 0.00653207536575339 0.00292889333810456 -0.000242618256571729 -0.000172265389166104 -0.00132366183364123 0.00066523787005397 0.00189706694790067 -0.000275819216559543
"V33" 0.00160731421749043 0.00219519634230206 0.00114991115102483 0.00127059735370247 0.00105451984374227 0.000899980730528854 -0.000318354405288396 0.000541712385333612 0.00111723598049332 0.000982166400394898 0.000757326874879494 0.0010602551502809 -5.02269639416331e-05 0.000704722794449847 0.00421951778494705 0.000673779017201549 0.00131515252734512 0.00122143643286252 0.00318498608785976 0.00199560893634689 0.00211003854045579 0.00133955392400945 0.00446675480381252 0.00475664336559758 0.00389697947286184 0.00150624567058535 0.00194538010749364 0.00288209580346998 0.00150562144246814 0.00161806877732098 0.00292889333810456 0.00797940615213523 -0.000354199322587663 -0.000511265105608592 -0.000736977522416321 0.000753210241952246 0.002550771305051 -0.000780152378272163
"V34" -0.000119644792761803 -9.73974625933965e-05 -1.56379874501109e-05 0.000454026746880954 0.00017902819230707 0.000374316128340993 0.00101476521820999 -8.30817784372013e-05 -8.56265963122752e-05 0.000250489761057574 6.95689947011462e-05 -2.17028636876666e-05 0.000629492943461316 0.000529412732775473 -0.000139684299854249 -2.0983451218733e-05 -1.6699336409911e-05 -0.000297942756251204 -0.0003464245786711 -0.000620997737907343 -0.00047558340560076 0.000266946338110121 -0.000827317441092486 -0.00114030057634091 -0.000495215668076356 -0.000214301526794213 0.000244988838888921 -9.02832208893773e-05 0.000307699306865341 0.000397125920298563 -0.000242618256571729 -0.000354199322587663 0.00195795498476863 -3.81873112505412e-05 0.00206392767539252 -0.000488033029389877 1.60908927841544e-05 -4.31495044586278e-05
"V35" -0.000410630287706576 4.27719354713143e-05 -0.000184990495253024 -7.7157908144987e-05 -0.000295251224724393 -9.4357519935188e-05 -0.000414555738707498 3.28050081788151e-05 -0.0001357891746165 -0.000198686868146195 -0.000196576338074216 5.08246547482052e-05 -1.42255379427723e-06 0.000126793322540552 -0.000929326845386423 3.14342690860107e-05 6.96604673057941e-05 0.000390620346043165 0.000156107937124526 -0.000197331359772021 8.89310007194046e-05 -0.000266669285638845 -0.000317772955018271 -6.2020777431424e-05 -1.21498864435363e-05 -0.000410529131278072 -0.00038713028066714 -4.2532043727782e-05 0.000157152486374343 -0.000318583208538117 -0.000172265389166104 -0.000511265105608592 -3.81873112505412e-05 0.00137274933155881 -0.00016831980634491 0.000228805329859596 1.6798997254163e-05 -0.000341608570582525
"V36" -0.000428523347557212 -0.000501179722623602 -0.000148979945576793 0.000529905567923195 0.000316429659425084 0.000179405805311223 0.00139294823475069 -0.000210609057090748 -0.000198979669834654 0.000237133606540205 -0.000323851668921142 3.67770964171371e-05 0.000688455675988305 0.000647336670412513 -0.000146858656060244 -1.53103147713527e-05 0.000119905049069148 -0.000173896780685051 -0.000273253249998169 -0.00131108096301344 -0.000789129955627108 0.00012571680829527 -0.00114780936172832 -0.00163921005508865 -0.00124907091307987 -0.000213441476789307 -0.000552400972223649 0.000480667492414794 0.000702911626532315 0.000369624246202107 -0.00132366183364123 -0.000736977522416321 0.00206392767539252 -0.00016831980634491 0.00366145037648797 -0.000413074206783416 0.000134145900542346 -0.00108267829400516
"V37" 0.000224152501583945 0.000240817779018089 0.000329272915116926 -3.3221999966174e-05 0.000152306013393021 -3.41278449035804e-05 -0.000290705709935222 0.000127928278267612 0.000191123601215944 0.000183774952221957 0.000133410178803405 0.000333504825262333 -2.50786669808907e-05 -8.06308560274778e-07 -0.000433802738467818 0.000312799115811314 0.000448777258647336 0.000902287439293116 0.00103450430399983 0.000309310796738158 0.000457400948437216 2.76241877801245e-05 0.000832762220975858 0.000464639863859627 0.000596356660609659 -2.58759259416955e-05 -0.000388182487861089 0.000601243955554056 0.000543875299022539 7.19957400574063e-05 0.00066523787005397 0.000753210241952246 -0.000488033029389877 0.000228805329859596 -0.000413074206783416 0.000877477553515681 0.000644630000584438 0.000145290434378971
"V38" 0.000595138444963481 0.00094424413214698 0.000675756768660259 0.00057106454712615 0.000557210858554546 0.000146330383441371 -0.000479896888489813 0.000327423735987493 0.000564249074528672 0.000403514706898814 0.000272894473263166 0.000685107812282427 1.02810941788978e-05 0.000312743209998277 0.00145698745569873 0.000337182119768928 0.000899331043170479 0.000971753533931915 0.00171805786546753 0.000337734850895601 0.00101473063677203 0.000610901336772466 0.00232822138503532 0.00147194038597115 0.00123850660841104 0.000160363775748227 1.73222209146453e-05 0.00199571780324179 0.00126431465486215 0.000692598701883928 0.00189706694790067 0.002550771305051 1.60908927841544e-05 1.6798997254163e-05 0.000134145900542346 0.000644630000584438 0.00223236723893471 -0.000712866982657965
"V39" 0.000174071563737498 -0.00036637813560656 -0.000196086117447566 -0.000899510102050646 -0.00071263769317533 -7.30652535782135e-05 0.000106045476821977 -0.000464530240030404 -0.000492212803736448 -0.000148274376709364 -8.21649419245071e-05 -0.000305250206880857 -0.000298927915236172 -0.000418537819597004 -0.0011602328988229 -3.41621150478855e-05 -0.000793520756134284 -0.000391443075229554 -0.000600775047468292 0.00137946815238593 0.00021834806593884 -0.000687651465706365 -0.00128391537057585 -0.000426900076814154 0.000139671094986639 5.60360953253855e-05 0.000411416856844488 -0.00283902601614674 -0.000838605307862203 -0.000580488687801045 -0.000275819216559543 -0.000780152378272163 -4.31495044586278e-05 -0.000341608570582525 -0.00108267829400516 0.000145290434378971 -0.000712866982657965 0.00470571360338466
