"" "ISPM" "ISNSL" "ISPNS" "PMZS" "PMZI" "PMMT" "NSLNA" "NSLZS" "NSLZI" "NABR" "NAFM" "NAPNS" "BRPT" "BRAPET" "PTFM" "PTAPET" "PTBA" "PTEAM" "PTZYGO" "FMZS" "FMMT" "ZSZI" "ZIMT" "ZIZYGO" "ZITSP" "MTPNS" "PNSAPET" "APETBA" "APETTS" "BAEAM" "EAMZYGO" "ZYGOTSP" "LDAS" "BRLD" "OPILD" "PTAS" "JPAS" "BAOPI"
"ISPM" 0.0122458883745599 0.00515137688984318 0.00569372023551065 0.00283790597779054 0.00283689438273158 0.00299178692265106 0.00287006831833964 0.00556678587258613 0.00378558402319532 0.00356050295248367 0.00511249348406501 0.00365679645490284 0.00322621932993696 0.00293774856220405 0.00496977791848893 0.00342418709745851 0.00215461573519706 0.00121220796806314 0.00153995939862603 0.00083723276540031 0.00425126597099964 0.00087842148607216 0.00467326143157481 0.00172717675146522 0.000462056568388907 0.00751554757682301 0.00127120027711526 0.00188490312646291 0.0019386490914656 0.00355699679926615 0.0020629637117012 0.0027857043823779 0.00460282378806347 0.00214940229048737 0.00430242460140194 0.00174234679223708 0.00305571608058969 0.00236460376712736
"ISNSL" 0.00515137688984318 0.00699150710841713 0.00400154102041387 0.00425775953459682 0.00368230607879904 0.00242632313585149 0.00103971208422653 0.00166608681553096 0.000811102552042685 0.00206521934514081 0.00300227659351836 0.00311199592469026 0.000875597319336379 0.00174747828666007 0.00384237661304579 0.00319372333052866 0.00167683371156823 0.00138260460805246 0.00225438935608247 0.00119590167850987 0.0050554437140983 0.000896685208708273 0.00639760450418977 0.00120889417003295 0.00123805063576272 0.00644631034666482 0.00265785779359977 -2.19020102102075e-06 0.00191292606203661 0.00153548405069945 0.000692918379627526 0.00246452949676751 0.00198191438600069 0.00108946399524263 0.00161772098830451 0.00142107168682716 0.0021748635079791 0.0019424840658408
"ISPNS" 0.00569372023551065 0.00400154102041387 0.00472896808746304 0.00337339479202926 0.00305495829506882 0.00200711813951808 0.00180871988486967 0.0042273976222092 0.00223248489055262 0.00196045037500943 0.00277848532054888 0.00204436609144276 0.00103384201312429 0.00145910912558403 0.00407436476802087 0.00227504463536342 0.00141649559953911 0.000474597969193085 0.000619571078130994 0.000879458016636979 0.00350957347215866 0.000443574209469694 0.00348920148614296 0.00143415692328462 0.000914009226620198 0.00701443936282453 0.000758373361771886 0.00119165675777621 0.00088010912923268 0.00194064463741908 0.00192959702551415 0.00121086457184193 0.00251811368590002 0.00131196177396348 0.00258684161837589 0.000806905147259658 0.00183497061063884 0.0010261831849667
"PMZS" 0.00283790597779054 0.00425775953459682 0.00337339479202926 0.00478456625265671 0.00366447779275287 0.00169305767523359 0.00378735462442359 0.00424991728274587 0.00149631835091245 0.00182950135324626 0.0019660484995105 0.00236056052576163 0.000611206885949266 0.000950470508249317 0.00389500130902574 0.0022491675368668 0.00108102222505316 0.000256500812834381 0.00101362414954917 0.00114041612614312 0.00441029694379036 0.00105198463359222 0.00497542398285415 0.00072539616086316 0.00102111770084956 0.00570292043704084 0.00175159842620253 5.91758630088776e-05 0.00110955502896946 0.00117780156584108 0.000351245965615904 0.00140473901135222 0.00186455425868695 0.000334684879854525 0.00132323521649912 0.000456923966994471 0.0010333206203749 0.00093495593175217
"PMZI" 0.00283689438273158 0.00368230607879904 0.00305495829506882 0.00366447779275287 0.00408423926392746 0.00165657759774091 0.00204704254367009 0.00315993896591046 0.0023951206444515 0.00151431418049288 0.00223307075400866 0.00213046967276728 0.000462021164173687 0.001044927615396 0.00312532240316413 0.00203764066907017 0.001078216886681 0.00076592778719436 0.00137135142866895 0.000918346555736793 0.00368424237809748 0.00118231416906354 0.00495113288278242 -0.000183361630127518 0.00048669823126832 0.00525295098399378 0.00194501151797673 0.000163436817882477 0.000399818790309462 0.00138159328540996 0.000566099769737234 0.00141913079588533 0.00147897276647623 0.000929790807563752 0.00166593937874561 0.000755020554811481 0.00150912474538841 0.000943284828193967
"PMMT" 0.00299178692265106 0.00242632313585149 0.00200711813951808 0.00169305767523359 0.00165657759774091 0.00198079913082187 0.000501240518101352 0.00148258205897707 0.000939788383419751 0.00144531477734527 0.00163915550082284 0.00130947766791885 0.000868304662338054 0.000857829486227545 0.00213503572786439 0.00128487723241065 0.000751600674579052 0.000636937654295956 0.000897945296779732 0.000564410673033185 0.00193318787798312 0.000459408382066178 0.00241866700660769 0.000821616455803385 0.000696306236340927 0.0022724155033592 0.00156147572512082 0.000443907629587162 0.000408944176835574 0.000960973092540281 0.0005926960252919 0.00134756722666106 0.00131146532077044 3.69638454870706e-05 0.00106308190033338 0.000698724899759324 0.000950882306276378 0.000650806187182591
"NSLNA" 0.00287006831833964 0.00103971208422653 0.00180871988486967 0.00378735462442359 0.00204704254367009 0.000501240518101352 0.00923185601985789 0.00616452093113156 0.0022767707212497 0.000546667375144442 0.00115063703896229 0.00285687517243782 0.000302961345513202 -0.000162592418875237 0.0031120982690663 0.00110914272280062 0.000535175050420973 -0.00049169434854835 -0.00011752264706308 0.00167432864104094 0.00256675096127209 0.00183843894979254 0.00222892677274678 2.45810822680541e-05 0.00051084141176287 0.00194197500175172 0.000718806474268544 0.000215701385267544 0.000111287595283032 0.000505719758850315 -0.000381463907789028 0.000675115442184021 0.00180239738941163 0.000165588117720521 0.000635225832365066 -0.000354146379944273 -0.000702848702687966 0.000876001707107579
"NSLZS" 0.00556678587258613 0.00166608681553096 0.0042273976222092 0.00424991728274587 0.00315993896591046 0.00148258205897707 0.00616452093113156 0.00867574359985086 0.00373546979079509 0.00233062576575502 0.00308758688793667 0.00252725030568795 0.00156369520137286 0.0010217016121013 0.00485076782795881 0.00160285509998745 0.000856355165599691 -0.000487272581284189 -0.000256991786151654 6.09224296056685e-05 0.00386628214992217 0.000677094893519065 0.0032281883654152 0.00117153219479632 0.00056776859040837 0.0068129659336545 0.00105792719978174 0.00126239569145603 0.000914778197084138 0.00220764493969954 0.00189647791701892 0.000837051277613561 0.00362434027748685 0.00068581845617723 0.00317738861258783 0.000257286885824089 0.0010873004212305 0.000631985655807258
"NSLZI" 0.00378558402319532 0.000811102552042685 0.00223248489055262 0.00149631835091245 0.0023951206444515 0.000939788383419751 0.0022767707212497 0.00373546979079509 0.00362441155012862 0.000862314688538374 0.00210926530681406 0.00143804151356628 0.000695394142756339 0.000744052723590179 0.00200815785608968 0.000975539579149284 0.000620164691119923 0.000472867222632989 0.000470131395576596 0.000333176433428782 0.00163550338861441 0.00168929930178663 0.00181503717785636 -0.000557348976670337 0.000232212949617926 0.00350053831744214 0.000664755327492559 0.000792120412434519 6.39296684404539e-06 0.00159170124197919 0.00136283661018314 0.000901454174384686 0.00188111786831529 0.00174834026970329 0.0022047262699434 0.00060589144869641 0.00116760771342551 0.000717653387170157
"NABR" 0.00356050295248367 0.00206521934514081 0.00196045037500943 0.00182950135324626 0.00151431418049288 0.00144531477734527 0.000546667375144442 0.00233062576575502 0.000862314688538374 0.00569873326585026 0.00225242184530375 0.00148931465516869 0.00435122960711426 0.0027989180748337 0.00309344313369033 0.0019542058592491 0.00107657360552574 0.000730180064188675 0.00183122137480138 2.60065832141249e-05 0.00277846812549117 0.000213449655663134 0.00311515604237168 0.0010684733642031 0.000428649198043593 0.00383074103248269 0.00108730374105567 0.000377587702822891 0.000530978150742125 0.00173913257514182 -0.000387466135218282 0.00188410660171267 0.00230239888203716 -0.00293292169232226 0.00199425097784029 0.000704299777237621 0.00122804746189815 5.68181042809963e-05
"NAFM" 0.00511249348406501 0.00300227659351836 0.00277848532054888 0.0019660484995105 0.00223307075400866 0.00163915550082284 0.00115063703896229 0.00308758688793667 0.00210926530681406 0.00225242184530375 0.00462814852627858 0.00335001648366263 0.00224237725973152 0.0021722200132438 0.0025502793799951 0.00203814447864966 0.00112636868724696 0.00134543370865248 0.00166991506409708 2.50789397140616e-05 0.00332699934023611 0.00025924900563239 0.00364153235780862 0.0011462680517294 0.000686064384345624 0.00532734175920329 0.00185568406759674 0.000853658222467988 0.00192801860553628 0.00249804376181403 0.00166104750165369 0.00191895131015999 0.00344750047929104 0.00159735365484651 0.00313175064941082 0.00164061283300536 0.00243283767799591 0.00143941892202152
"NAPNS" 0.00365679645490284 0.00311199592469026 0.00204436609144276 0.00236056052576163 0.00213046967276728 0.00130947766791885 0.00285687517243782 0.00252725030568795 0.00143804151356628 0.00148931465516869 0.00335001648366263 0.00410499559153869 0.0016173191344442 0.00146316573881035 0.00237487998717833 0.00154927738799339 0.000870763270604873 0.00133480752614308 0.0014608843684629 0.000165340291612535 0.00336451823151563 0.000710174658107615 0.00391032886798674 0.00103185422400771 0.000866847886567842 0.0035784630510158 0.00253156776843178 0.000459060517655752 0.00095338102792313 0.00154784726157847 0.00131805976413362 0.00145075830813089 0.0024740686504376 0.000735540073467066 0.00186694134888055 0.00132320462812203 0.00151367228627774 0.00153086988885408
"BRPT" 0.00322621932993696 0.000875597319336379 0.00103384201312429 0.000611206885949266 0.000462021164173687 0.000868304662338054 0.000302961345513202 0.00156369520137286 0.000695394142756339 0.00435122960711426 0.00224237725973152 0.0016173191344442 0.00502634167131333 0.00294821836879583 0.00101085760456215 0.000430219666894306 0.000273546216554485 0.000414435610109112 0.000737959246232319 -0.000162937935885276 0.00171033669614331 -5.49719404208019e-05 0.00124644658206704 0.00102298101255696 -0.000184890638809991 0.00231938085590761 0.000281469017094972 0.000508965678965559 0.00027319606793369 0.00200969670632125 -0.000153316014248034 0.000988374536373311 0.00276374510742354 -0.00152401642938917 0.00236446077615654 0.000621206702846268 0.0014544023501941 0.000365271292718697
"BRAPET" 0.00293774856220405 0.00174747828666007 0.00145910912558403 0.000950470508249317 0.001044927615396 0.000857829486227545 -0.000162592418875237 0.0010217016121013 0.000744052723590179 0.0027989180748337 0.0021722200132438 0.00146316573881035 0.00294821836879583 0.00240692101237914 0.00127822321695028 0.00125224103471064 0.000690437791823296 0.000688734196269087 0.00112755327787796 6.76503161475215e-05 0.00202740592957353 0.000280454878498703 0.00205051479966377 0.000716964945909182 0.000184935385916285 0.00325292911654086 0.000335973985363985 0.000550234523580034 0.000975113941047468 0.00179114397678804 0.000240447514480841 0.00125317480758801 0.00205663626728607 0.000128065323171757 0.00209642495727722 0.000773943684107598 0.00165663165651516 0.000553737264871947
"PTFM" 0.00496977791848893 0.00384237661304579 0.00407436476802087 0.00389500130902574 0.00312532240316413 0.00213503572786439 0.0031120982690663 0.00485076782795881 0.00200815785608968 0.00309344313369033 0.0025502793799951 0.00237487998717833 0.00101085760456215 0.00127822321695028 0.00980378214910593 0.00275247748634981 0.00114655568628819 -0.00165245669722963 -0.000398901551495917 0.000378288131052665 0.00443878381757834 0.000342269966225925 0.00615883813098594 0.00205359413528305 -0.000155085589081732 0.00630790623554716 0.00245097059667039 0.00110179360194488 0.00294560356184072 0.00138555405128416 0.00100462317563603 0.00113398966118326 0.00230067632010716 -0.000982922097153766 0.00213515825896271 -0.000617572859135075 0.000433155946628888 0.000734572879955974
"PTAPET" 0.00342418709745851 0.00319372333052866 0.00227504463536342 0.0022491675368668 0.00203764066907017 0.00128487723241065 0.00110914272280062 0.00160285509998745 0.000975539579149284 0.0019542058592491 0.00203814447864966 0.00154927738799339 0.000430219666894306 0.00125224103471064 0.00275247748634981 0.00375737714837812 0.00198560893954776 0.00107415794594853 0.00195758793879128 0.000779400393337389 0.00283970963972064 0.000732775473132918 0.00399871335276996 0.000273013551277487 0.00020795395461944 0.00412922155044394 0.00104486826278551 0.000118361127029314 0.00192405949434294 0.000880826260106469 -0.00037942637526382 0.00164676056239354 0.000874732415108361 0.000932678715999967 0.000945245202294573 0.00106575581819802 0.00136690712628734 0.000347652430651849
"PTBA" 0.00215461573519706 0.00167683371156823 0.00141649559953911 0.00108102222505316 0.001078216886681 0.000751600674579052 0.000535175050420973 0.000856355165599691 0.000620164691119923 0.00107657360552574 0.00112636868724696 0.000870763270604873 0.000273546216554485 0.000690437791823296 0.00114655568628819 0.00198560893954776 0.00137098456465556 0.00105775051773108 0.00139481161026857 0.00046463528796487 0.00136695282255033 0.000363232171498628 0.00173919682513505 0.000239517456609106 0.00028556289502026 0.00233041446624363 0.000695973298734263 0.00062454930211142 0.000852801469442121 0.000731048006692586 0.000220931968733528 0.00113048812448593 0.000506452303333046 0.000601811962044069 0.000642389733132775 0.000897170850625724 0.000903674499909314 0.000258430242214899
"PTEAM" 0.00121220796806314 0.00138260460805246 0.000474597969193085 0.000256500812834381 0.00076592778719436 0.000636937654295956 -0.00049169434854835 -0.000487272581284189 0.000472867222632989 0.000730180064188675 0.00134543370865248 0.00133480752614308 0.000414435610109112 0.000688734196269087 -0.00165245669722963 0.00107415794594853 0.00105775051773108 0.00377916334803475 0.00346845719196327 -0.000496932426199284 0.00119715448944413 0.00108565894694582 0.000987706012335898 0.000301930411121492 0.00152450199458333 0.00194525033025082 0.00117529406648799 0.000252347439217764 -0.000437901939475713 0.00111240668835869 0.00150067696757312 0.00225181555828328 0.00048242546137927 0.00156612634842092 0.000469898222556338 0.00275456046085296 0.0018092982800258 0.000938192629930593
"PTZYGO" 0.00153995939862603 0.00225438935608247 0.000619571078130994 0.00101362414954917 0.00137135142866895 0.000897945296779732 -0.00011752264706308 -0.000256991786151654 0.000470131395576596 0.00183122137480138 0.00166991506409708 0.0014608843684629 0.000737959246232319 0.00112755327787796 -0.000398901551495917 0.00195758793879128 0.00139481161026857 0.00346845719196327 0.00435414368862701 -0.00016588169214945 0.00215735586056883 0.00130815348891668 0.002422347219323 3.74506597052571e-05 0.00158086909307044 0.00266157879081371 0.00136914009904467 6.86343326567961e-05 0.000305377038866995 0.0011135322322661 0.000457782739863067 0.00333360974813121 0.000551706521950268 0.000412619419740692 0.000459390212618873 0.00245635407933486 0.00162041262826613 0.000981279989970633
"FMZS" 0.00083723276540031 0.00119590167850987 0.000879458016636979 0.00114041612614312 0.000918346555736793 0.000564410673033185 0.00167432864104094 6.09224296056685e-05 0.000333176433428782 2.60065832141249e-05 2.50789397140616e-05 0.000165340291612535 -0.000162937935885276 6.76503161475215e-05 0.000378288131052665 0.000779400393337389 0.00046463528796487 -0.000496932426199284 -0.00016588169214945 0.00377332385327097 0.000671013143768747 0.000680677953217939 0.000384618236759187 -0.000605766374762532 4.76088000981377e-05 -6.64793984671003e-05 -0.000548363280287904 -2.50817326894928e-06 -0.000524143616796121 -5.07521057104965e-05 -0.00103412855615995 0.000164265901082789 0.000409957840579381 7.06584911239279e-05 0.000120050456607903 -0.000599599104482232 -0.000408934152289278 0.000616201282848165
"FMMT" 0.00425126597099964 0.0050554437140983 0.00350957347215866 0.00441029694379036 0.00368424237809748 0.00193318787798312 0.00256675096127209 0.00386628214992217 0.00163550338861441 0.00277846812549117 0.00332699934023611 0.00336451823151563 0.00171033669614331 0.00202740592957353 0.00443878381757834 0.00283970963972064 0.00136695282255033 0.00119715448944413 0.00215735586056883 0.000671013143768747 0.00590105431918132 0.00126881107737457 0.00681905699716322 0.00115618434271352 0.000921077019536902 0.00741758799353974 0.00258755367478985 0.000334472267681315 0.00205147985825914 0.00215729059944235 0.000924280519299318 0.00227132863020311 0.00295496994267224 0.000918471127307645 0.00233315530694457 0.00140021824268895 0.0021387130731386 0.00166526884836337
"ZSZI" 0.00087842148607216 0.000896685208708273 0.000443574209469694 0.00105198463359222 0.00118231416906354 0.000459408382066178 0.00183843894979254 0.000677094893519065 0.00168929930178663 0.000213449655663134 0.00025924900563239 0.000710174658107615 -5.49719404208019e-05 0.000280454878498703 0.000342269966225925 0.000732775473132918 0.000363232171498628 0.00108565894694582 0.00130815348891668 0.000680677953217939 0.00126881107737457 0.00347770937056204 0.0010506999220607 -0.000886171018722258 0.00130873720963706 0.00127106200491779 0.000223683361656055 -8.2565784284327e-05 -2.53447016963648e-05 0.000466444845752727 -0.000424785801415713 0.00128123997595048 0.000550114039610567 0.00151637280662507 0.000129641505410302 0.000722240161704043 0.000268069533629009 0.00082368350077936
"ZIMT" 0.00467326143157481 0.00639760450418977 0.00348920148614296 0.00497542398285415 0.00495113288278242 0.00241866700660769 0.00222892677274678 0.0032281883654152 0.00181503717785636 0.00311515604237168 0.00364153235780862 0.00391032886798674 0.00124644658206704 0.00205051479966377 0.00615883813098594 0.00399871335276996 0.00173919682513505 0.000987706012335898 0.002422347219323 0.000384618236759187 0.00681905699716322 0.0010506999220607 0.0115474804743215 0.000351948826578626 -0.000568454792894817 0.00709503312860375 0.00404433521516876 -0.00015925782073828 0.0024491626829187 0.00201117856488286 0.00019936054482664 0.00215875957452187 0.00255481795584405 -0.000178415933290815 0.00208200645526176 0.00106940029525002 0.00215622436482528 0.00169036799851829
"ZIZYGO" 0.00172717675146522 0.00120889417003295 0.00143415692328462 0.00072539616086316 -0.000183361630127518 0.000821616455803385 2.45810822680541e-05 0.00117153219479632 -0.000557348976670337 0.0010684733642031 0.0011462680517294 0.00103185422400771 0.00102298101255696 0.000716964945909182 0.00205359413528305 0.000273013551277487 0.000239517456609106 0.000301930411121492 3.74506597052571e-05 -0.000605766374762532 0.00115618434271352 -0.000886171018722258 0.000351948826578626 0.00297931930403395 0.00101352660404728 0.00234926485967251 0.00108723445737144 0.000768497587597915 0.00112264259904442 0.000613284219206957 0.00111260449334207 0.000552984408623989 0.00149412794946502 -0.000238576116105986 0.00109359226390195 0.000561536114946724 0.000809190136482253 0.000133810155185014
"ZITSP" 0.000462056568388907 0.00123805063576272 0.000914009226620198 0.00102111770084956 0.00048669823126832 0.000696306236340927 0.00051084141176287 0.00056776859040837 0.000232212949617926 0.000428649198043593 0.000686064384345624 0.000866847886567842 -0.000184890638809991 0.000184935385916285 -0.000155085589081732 0.00020795395461944 0.00028556289502026 0.00152450199458333 0.00158086909307044 4.76088000981377e-05 0.000921077019536902 0.00130873720963706 -0.000568454792894817 0.00101352660404728 0.00407448727412553 0.00156217604414643 0.000535373306157189 0.000168926580036561 0.000670575688149727 0.000503105320497157 0.000929709251944407 0.00187094478493268 0.000683469356824369 -0.000200210728702539 0.000868810110154145 0.000976248283073131 0.000988645640393658 -0.000157196335193534
"MTPNS" 0.00751554757682301 0.00644631034666482 0.00701443936282453 0.00570292043704084 0.00525295098399378 0.0022724155033592 0.00194197500175172 0.0068129659336545 0.00350053831744214 0.00383074103248269 0.00532734175920329 0.0035784630510158 0.00231938085590761 0.00325292911654086 0.00630790623554716 0.00412922155044394 0.00233041446624363 0.00194525033025082 0.00266157879081371 -6.64793984671003e-05 0.00741758799353974 0.00127106200491779 0.00709503312860375 0.00234926485967251 0.00156217604414643 0.0147377411699075 0.00159513132649578 0.00141690692598644 0.00277938016674137 0.00400822947431969 0.0031930468613929 0.00267145920217338 0.00465160529659827 0.00371227426317846 0.00464136078761095 0.00245816977514024 0.00426757703593434 0.00174469410609648
"PNSAPET" 0.00127120027711526 0.00265785779359977 0.000758373361771886 0.00175159842620253 0.00194501151797673 0.00156147572512082 0.000718806474268544 0.00105792719978174 0.000664755327492559 0.00108730374105567 0.00185568406759674 0.00253156776843178 0.000281469017094972 0.000335973985363985 0.00245097059667039 0.00104486826278551 0.000695973298734263 0.00117529406648799 0.00136914009904467 -0.000548363280287904 0.00258755367478985 0.000223683361656055 0.00404433521516876 0.00108723445737144 0.000535373306157189 0.00159513132649578 0.00624553659046963 -6.61719787546004e-05 0.000469994495696261 0.000468412303434418 0.000762622171743523 0.000854183372051712 0.000987890478225533 -0.000403861785031749 0.000579611789466388 0.00132714866189555 0.00083450038421399 0.000572819011782612
"APETBA" 0.00188490312646291 -2.19020102102075e-06 0.00119165675777621 5.91758630088776e-05 0.000163436817882477 0.000443907629587162 0.000215701385267544 0.00126239569145603 0.000792120412434519 0.000377587702822891 0.000853658222467988 0.000459060517655752 0.000508965678965559 0.000550234523580034 0.00110179360194488 0.000118361127029314 0.00062454930211142 0.000252347439217764 6.86343326567961e-05 -2.50817326894928e-06 0.000334472267681315 -8.2565784284327e-05 -0.00015925782073828 0.000768497587597915 0.000168926580036561 0.00141690692598644 -6.61719787546004e-05 0.00227942903144449 0.000476670201193217 0.00110347686418724 0.00182518142362989 0.000369992749672002 0.0010943447703059 0.000368425206835718 0.00115747406825703 0.000333069163084759 0.000467059565991682 0.000353241992228725
"APETTS" 0.0019386490914656 0.00191292606203661 0.00088010912923268 0.00110955502896946 0.000399818790309462 0.000408944176835574 0.000111287595283032 0.000914778197084138 6.39296684404539e-06 0.000530978150742125 0.00192801860553628 0.00095338102792313 0.00027319606793369 0.000975113941047468 0.00294560356184072 0.00192405949434294 0.000852801469442121 -0.000437901939475713 0.000305377038866995 -0.000524143616796121 0.00205147985825914 -2.53447016963648e-05 0.0024491626829187 0.00112264259904442 0.000670575688149727 0.00277938016674137 0.000469994495696261 0.000476670201193217 0.00695456705126233 0.00133748098232771 -4.36366103261699e-05 0.0014146357595819 0.00206568443141186 0.00129770281061171 0.00248113028628237 0.000258636891110234 0.00181298234612848 0.000600097139408153
"BAEAM" 0.00355699679926615 0.00153548405069945 0.00194064463741908 0.00117780156584108 0.00138159328540996 0.000960973092540281 0.000505719758850315 0.00220764493969954 0.00159170124197919 0.00173913257514182 0.00249804376181403 0.00154784726157847 0.00200969670632125 0.00179114397678804 0.00138555405128416 0.000880826260106469 0.000731048006692586 0.00111240668835869 0.0011135322322661 -5.07521057104965e-05 0.00215729059944235 0.000466444845752727 0.00201117856488286 0.000613284219206957 0.000503105320497157 0.00400822947431969 0.000468412303434418 0.00110347686418724 0.00133748098232771 0.0028157714653219 0.00170525894051874 0.0016425799961167 0.00242582733165269 0.00158518101449609 0.00260185980426395 0.00117258650811045 0.00212389375498898 0.0012407276927199
"EAMZYGO" 0.0020629637117012 0.000692918379627526 0.00192959702551415 0.000351245965615904 0.000566099769737234 0.0005926960252919 -0.000381463907789028 0.00189647791701892 0.00136283661018314 -0.000387466135218282 0.00166104750165369 0.00131805976413362 -0.000153316014248034 0.000240447514480841 0.00100462317563603 -0.00037942637526382 0.000220931968733528 0.00150067696757312 0.000457782739863067 -0.00103412855615995 0.000924280519299318 -0.000424785801415713 0.00019936054482664 0.00111260449334207 0.000929709251944407 0.0031930468613929 0.000762622171743523 0.00182518142362989 -4.36366103261699e-05 0.00170525894051874 0.00621051732261043 0.000670993952720878 0.00154564830026266 0.00161419999778579 0.00201608705409419 0.00131409017480902 0.00120685746145156 0.00146311098775654
"ZYGOTSP" 0.0027857043823779 0.00246452949676751 0.00121086457184193 0.00140473901135222 0.00141913079588533 0.00134756722666106 0.000675115442184021 0.000837051277613561 0.000901454174384686 0.00188410660171267 0.00191895131015999 0.00145075830813089 0.000988374536373311 0.00125317480758801 0.00113398966118326 0.00164676056239354 0.00113048812448593 0.00225181555828328 0.00333360974813121 0.000164265901082789 0.00227132863020311 0.00128123997595048 0.00215875957452187 0.000552984408623989 0.00187094478493268 0.00267145920217338 0.000854183372051712 0.000369992749672002 0.0014146357595819 0.0016425799961167 0.000670993952720878 0.00427258504717894 0.0011435677835276 0.000530067203989044 0.00112630116357995 0.00164627079150367 0.0015400336681689 0.00140996556437694
"LDAS" 0.00460282378806347 0.00198191438600069 0.00251811368590002 0.00186455425868695 0.00147897276647623 0.00131146532077044 0.00180239738941163 0.00362434027748685 0.00188111786831529 0.00230239888203716 0.00344750047929104 0.0024740686504376 0.00276374510742354 0.00205663626728607 0.00230067632010716 0.000874732415108361 0.000506452303333046 0.00048242546137927 0.000551706521950268 0.000409957840579381 0.00295496994267224 0.000550114039610567 0.00255481795584405 0.00149412794946502 0.000683469356824369 0.00465160529659827 0.000987890478225533 0.0010943447703059 0.00206568443141186 0.00242582733165269 0.00154564830026266 0.0011435677835276 0.00562596871656903 -0.000324352403922289 0.0044432646241266 0.000854426238279108 0.00184022930181854 0.001889272516302
"BRLD" 0.00214940229048737 0.00108946399524263 0.00131196177396348 0.000334684879854525 0.000929790807563752 3.69638454870706e-05 0.000165588117720521 0.00068581845617723 0.00174834026970329 -0.00293292169232226 0.00159735365484651 0.000735540073467066 -0.00152401642938917 0.000128065323171757 -0.000982922097153766 0.000932678715999967 0.000601811962044069 0.00156612634842092 0.000412619419740692 7.06584911239279e-05 0.000918471127307645 0.00151637280662507 -0.000178415933290815 -0.000238576116105986 -0.000200210728702539 0.00371227426317846 -0.000403861785031749 0.000368425206835718 0.00129770281061171 0.00158518101449609 0.00161419999778579 0.000530067203989044 -0.000324352403922289 0.00988323290061147 -0.000662414527193841 0.00206760853396184 0.00235071614467009 0.00152149023848381
"OPILD" 0.00430242460140194 0.00161772098830451 0.00258684161837589 0.00132323521649912 0.00166593937874561 0.00106308190033338 0.000635225832365066 0.00317738861258783 0.0022047262699434 0.00199425097784029 0.00313175064941082 0.00186694134888055 0.00236446077615654 0.00209642495727722 0.00213515825896271 0.000945245202294573 0.000642389733132775 0.000469898222556338 0.000459390212618873 0.000120050456607903 0.00233315530694457 0.000129641505410302 0.00208200645526176 0.00109359226390195 0.000868810110154145 0.00464136078761095 0.000579611789466388 0.00115747406825703 0.00248113028628237 0.00260185980426395 0.00201608705409419 0.00112630116357995 0.0044432646241266 -0.000662414527193841 0.00593415654883625 0.000741087631419649 0.00284692989097283 0.000992292872342498
"PTAS" 0.00174234679223708 0.00142107168682716 0.000806905147259658 0.000456923966994471 0.000755020554811481 0.000698724899759324 -0.000354146379944273 0.000257286885824089 0.00060589144869641 0.000704299777237621 0.00164061283300536 0.00132320462812203 0.000621206702846268 0.000773943684107598 -0.000617572859135075 0.00106575581819802 0.000897170850625724 0.00275456046085296 0.00245635407933486 -0.000599599104482232 0.00140021824268895 0.000722240161704043 0.00106940029525002 0.000561536114946724 0.000976248283073131 0.00245816977514024 0.00132714866189555 0.000333069163084759 0.000258636891110234 0.00117258650811045 0.00131409017480902 0.00164627079150367 0.000854426238279108 0.00206760853396184 0.000741087631419649 0.00245954396874945 0.00197452609608221 0.000824715273273669
"JPAS" 0.00305571608058969 0.0021748635079791 0.00183497061063884 0.0010333206203749 0.00150912474538841 0.000950882306276378 -0.000702848702687966 0.0010873004212305 0.00116760771342551 0.00122804746189815 0.00243283767799591 0.00151367228627774 0.0014544023501941 0.00165663165651516 0.000433155946628888 0.00136690712628734 0.000903674499909314 0.0018092982800258 0.00162041262826613 -0.000408934152289278 0.0021387130731386 0.000268069533629009 0.00215622436482528 0.000809190136482253 0.000988645640393658 0.00426757703593434 0.00083450038421399 0.000467059565991682 0.00181298234612848 0.00212389375498898 0.00120685746145156 0.0015400336681689 0.00184022930181854 0.00235071614467009 0.00284692989097283 0.00197452609608221 0.00409039440235073 0.000764059585119811
"BAOPI" 0.00236460376712736 0.0019424840658408 0.0010261831849667 0.00093495593175217 0.000943284828193967 0.000650806187182591 0.000876001707107579 0.000631985655807258 0.000717653387170157 5.68181042809963e-05 0.00143941892202152 0.00153086988885408 0.000365271292718697 0.000553737264871947 0.000734572879955974 0.000347652430651849 0.000258430242214899 0.000938192629930593 0.000981279989970633 0.000616201282848165 0.00166526884836337 0.00082368350077936 0.00169036799851829 0.000133810155185014 -0.000157196335193534 0.00174469410609648 0.000572819011782612 0.000353241992228725 0.000600097139408153 0.0012407276927199 0.00146311098775654 0.00140996556437694 0.001889272516302 0.00152149023848381 0.000992292872342498 0.000824715273273669 0.000764059585119811 0.00304858003131067
