"" "ISPM" "ISNSL" "ISPNS" "PMZS" "PMZI" "PMMT" "NSLNA" "NSLZS" "NSLZI" "NABR" "NAFM" "NAPNS" "BRPT" "BRAPET" "PTFM" "PTAPET" "PTBA" "PTEAM" "PTZYGO" "FMZS" "FMMT" "ZSZI" "ZIMT" "ZIZYGO" "ZITSP" "MTPNS" "PNSAPET" "APETBA" "APETTS" "BAEAM" "EAMZYGO" "ZYGOTSP" "LDAS" "BRLD" "OPILD" "PTAS" "JPAS" "BAOPI"
"ISPM" 0.00425541268773119 0.00285929219920994 0.00292582583572427 0.00216206008191908 0.00111565866008051 0.00194600644771088 0.000648101023973528 0.00127824406002259 0.000814951279222297 0.000977589770909696 0.00110820137678607 0.00145142330510327 0.000657816219032456 0.000586371634139742 0.00143051375273951 0.000153624050868466 0.000920273782469449 0.000681598421929679 0.00151586095064242 6.21593791066778e-05 0.00165507704373393 0.000440665230266956 0.000970816171656417 0.00259369893124096 0.000889609227492003 0.00231581352745511 0.000694336979093199 0.00156808739367669 -0.000328714950393398 0.000998701022323556 0.000246035691581187 0.00108021549772979 -2.05117868921471e-05 -0.000938778969997218 0.000828657700650209 0.00073646921270393 0.00115973522170344 -0.000140607651758495
"ISNSL" 0.00285929219920994 0.00795856214365275 0.00375102203123218 0.00419500162895217 0.0018104291543504 0.00244313449764073 -0.00143670432149322 0.00157774422684899 0.00103886701194429 -3.77212773107254e-05 0.000554977326703484 0.00167581916942398 -0.000755047713267538 -0.000631047476220408 0.00104304566941327 -0.000548752016819107 0.000174572379519458 0.00109830784439409 0.00171953009914792 0.000915704860339925 0.00223735211242998 -0.000406711120056518 0.000955036438140707 0.00377794387802525 0.000725668969785835 0.00254907160355715 0.000350823586046227 0.000856753058294399 -4.23805951177024e-05 0.000321396057547737 -0.00029403656653123 0.00151153177585277 -0.00103566462580406 -0.00147586441800613 -0.00101431479310593 0.000714607582912158 0.000433796885621638 5.96927573156234e-06
"ISPNS" 0.00292582583572427 0.00375102203123218 0.00420016793279406 0.00351879632531464 0.00180870730102707 0.00276321983396573 0.000440043252056428 0.000632793789416521 0.000567657288209065 0.000337951313777634 0.000427068896809975 0.00148649580784026 -0.000215052785657263 0.000264926458150378 0.00192780672375525 0.000952660474899771 0.00135708259663409 0.00151813681463382 0.00283336373774289 -0.00043325484267141 0.0017563807183679 0.00102408426645535 0.00163583920525244 0.00380029477811829 0.00192100963157636 0.00279759584661188 -0.000435167187255798 0.00162054538556095 -0.000123890491396523 0.000894836457309248 0.000673782640313444 0.0025740961752037 -3.05589774614313e-05 0.0001058984535789 5.34342556110153e-05 0.000982469219363387 0.00144263483200056 0.00104620153686881
"PMZS" 0.00216206008191908 0.00419500162895217 0.00351879632531464 0.00551790247551235 0.00258783130323284 0.0030181931309788 0.000776731610451761 0.00206380923818794 0.000757615168076446 0.000407242773646195 5.88462197779845e-05 0.00127204174605899 -0.000215480369153604 9.17756878238181e-05 0.000761973107131552 0.000318226246803025 0.00101494795100576 0.00140003825262296 0.00234011351884207 -0.00243826198062513 0.00111859169046801 0.000321889863956353 0.000984160867173672 0.00292765912701591 0.00149438898047424 0.0019476528244454 0.00128593896405805 0.00109140477888458 -0.000845728771512317 0.00074302310114486 0.00034965759675597 0.00235442109001676 -0.000288504940525232 -0.000453215344040123 -0.000907974914347404 0.0008774671149278 0.000768380221308331 0.00156331614236382
"PMZI" 0.00111565866008051 0.0018104291543504 0.00180870730102707 0.00258783130323284 0.00286211750809844 0.00188993315350633 0.00169165862264173 0.000527820859082092 0.00112157601058484 0.000169495789018525 0.000439022788645161 0.00115793384697228 0.000187052261000671 0.000239422903478942 8.29605231674077e-05 -0.000367998082397873 0.000399655659115719 0.000842245022802274 0.00102152137678478 -4.56078553086551e-05 0.00101344734080731 0.00218510220258497 0.000536247446110995 0.00107179892732451 0.000375474028785229 0.00123200203116586 0.00151100415006358 0.000597230362052042 -0.000493025472680731 0.000433489088496707 -3.17976501454087e-05 0.00105896554052648 -0.000170670716585911 0.000412677916176108 3.25217407845752e-05 0.000674554591179702 3.94891892499955e-05 0.000276699624803633
"PMMT" 0.00194600644771088 0.00244313449764073 0.00276321983396573 0.0030181931309788 0.00188993315350633 0.00318239860764111 0.000750644866465256 7.07064901341067e-05 0.000212268999716992 0.000295976326642881 -0.00011015802939122 0.000963198024964023 0.000128155381711282 0.000246197105293841 -0.000207983047182067 0.000628025917754809 0.0012638468771722 0.00178766022250684 0.00184720673334733 -0.000526608377945566 0.00116704279377811 0.00101366050376936 0.00180223944527098 0.00270885717327105 0.000849115680396482 0.00137838654340463 0.000696127654331097 0.00120989213649218 -0.000694920352023426 0.000582448053373931 0.000228873777738134 0.00161478401224407 0.000143623370099411 -0.000111507749623353 -0.000282427930740533 0.0012001684867485 0.00051463564608719 0.00108555580328171
"NSLNA" 0.000648101023973528 -0.00143670432149322 0.000440043252056428 0.000776731610451761 0.00169165862264173 0.000750644866465256 0.0204758646819809 -0.00179388093242662 0.000397888431111162 0.000210644948524836 -0.000307825153788781 0.00250087878384666 0.0018931533216856 0.0012373014691785 0.00146901714439754 -3.73434546367654e-05 0.000339611393265782 -0.00100588439865876 0.000883168331604613 -0.000394518410222672 0.000268461444270653 0.0041633931200898 0.000768149978002604 -0.000565831594963038 -0.000754347067766046 -9.1573113187326e-07 0.00116285612473661 0.000951444579540825 0.00061859553007069 0.00157513807332648 0.000647243821857339 0.000930067052599857 0.000478867142827626 0.000229899411719264 0.000685016133947836 0.000706933301802107 0.00166556338135594 0.00362882011528565
"NSLZS" 0.00127824406002259 0.00157774422684899 0.000632793789416521 0.00206380923818794 0.000527820859082092 7.07064901341067e-05 -0.00179388093242662 0.00742686160528803 0.00209078847182227 0.00127075247385791 0.00210644732292817 0.000918624183701744 0.00102395370557284 0.00114051770953055 0.000355363934325463 0.000202907333226431 0.000483619144759632 0.000922590889330537 0.00215931514675318 -0.00334918133416117 -0.000327462381124315 -0.00428347103394728 -0.000711438803538103 0.00142315185333535 0.00122741253695633 0.00109153660658243 0.00149710232330512 0.000570931248063648 -0.000561907824403772 0.000303095234329537 -0.000203651884557533 0.00171831419017059 0.00012237424918881 0.000616453883740169 0.000984511963588853 0.000677796528232883 0.00153073670833313 -0.000985821507506972
"NSLZI" 0.000814951279222297 0.00103886701194429 0.000567657288209065 0.000757615168076446 0.00112157601058484 0.000212268999716992 0.000397888431111162 0.00209078847182227 0.00183345232723349 0.000408805272585679 0.00120733337255433 0.000966881463808681 0.000485152735148141 0.000558896948665133 0.000652221389850662 -9.7839317188072e-05 0.000209053755266312 0.000279506769218518 0.000985902151375277 -4.27674873136375e-05 0.000450072608089517 0.00137450744059391 -5.65235956355878e-05 0.000580778545981876 0.000589325663479682 0.00100148652884245 0.000688818612075875 0.000759898746906942 0.000505340643853688 0.000513624644675069 0.000310501666804822 0.00094531895848653 0.000141564299604485 0.00042376389840706 0.000690040405125678 0.000332631417890643 0.000763025692667566 -0.000308084037092828
"NABR" 0.000977589770909696 -3.77212773107254e-05 0.000337951313777634 0.000407242773646195 0.000169495789018525 0.000295976326642881 0.000210644948524836 0.00127075247385791 0.000408805272585679 0.00244202896932362 0.000610255110506578 0.000413095206083079 0.0014561129576851 0.000720818157246929 0.00131000137210374 -5.59888332496158e-05 0.000265339005507768 -4.09454619421083e-06 0.00107726607868627 -0.000792991254230028 0.000525251678263756 -0.000232386189763852 0.000704481502824691 0.00017984716772133 0.000551592060731562 0.000754601206399732 0.000643551619041222 0.000774053011669159 -0.00016668356218628 0.000268684975632958 0.00069147582341914 0.00136059285970693 0.000327358336760782 -0.00203938979632334 0.000866132175254347 -2.77782078916979e-05 0.000616612043072734 -0.000432469079849514
"NAFM" 0.00110820137678607 0.000554977326703484 0.000427068896809975 5.88462197779845e-05 0.000439022788645161 -0.00011015802939122 -0.000307825153788781 0.00210644732292817 0.00120733337255433 0.000610255110506578 0.00204752745079901 0.000710391760060112 0.000604105967722903 0.000568425704989334 0.000531601852246795 2.28641969135868e-06 0.000263127690014997 0.000254431402710055 0.00109165867777323 0.000313791325756168 0.000244777418027387 -9.44193183366596e-06 -0.000373077546686645 0.000466204778730211 0.00063106126643838 0.00131413760250624 0.00104570891363865 0.000323833737561135 -0.000434250894734345 0.000194864782188144 0.000326245803307608 0.00112498269612749 0.000195505349428166 0.000934553104101088 0.000805542046345677 0.000421830401778996 0.0004406792825476 -0.000500797076632815
"NAPNS" 0.00145142330510327 0.00167581916942398 0.00148649580784026 0.00127204174605899 0.00115793384697228 0.000963198024964023 0.00250087878384666 0.000918624183701744 0.000966881463808681 0.000413095206083079 0.000710391760060112 0.00296961537869859 0.000930240081384325 0.00098489720690542 0.00124427705282827 0.000387332579724741 0.000733108565897559 0.0008274344444046 0.00150993542009403 0.000127577823031256 0.00166329213279701 0.0010706475244491 0.00153227314265818 0.00245045100209552 0.000476945014548506 0.00041058301065826 -0.000695698897535537 0.00126295956174702 0.000158832051357826 0.000589259101947877 5.94144164017062e-06 0.00087961647681067 0.000365068117547428 0.000392598751511633 0.000716505641885658 0.000806121202943079 0.00135088579138278 0.00133600472289903
"BRPT" 0.000657816219032456 -0.000755047713267538 -0.000215052785657263 -0.000215480369153604 0.000187052261000671 0.000128155381711282 0.0018931533216856 0.00102395370557284 0.000485152735148141 0.0014561129576851 0.000604105967722903 0.000930240081384325 0.00310937797536068 0.00156179940941329 -0.00066076676585255 -0.00154457572908511 -0.000245116342970177 -0.000751531769369971 -0.000892973720789121 -0.000553941559796483 5.03674808234689e-05 -0.000373311509036054 0.000596708371993318 9.57553895233939e-05 -0.000518170299685392 3.41171801968651e-05 -0.000114159969888353 0.000944614175021023 -0.00055854386126848 0.000313877213789159 0.000305698499162511 -0.000692661443261189 0.00059171567940271 -0.00010322228863439 0.000632926856918866 0.000302653429254483 0.000609273201759426 0.000593003410950932
"BRAPET" 0.000586371634139742 -0.000631047476220408 0.000264926458150378 9.17756878238181e-05 0.000239422903478942 0.000246197105293841 0.0012373014691785 0.00114051770953055 0.000558896948665133 0.000720818157246929 0.000568425704989334 0.00098489720690542 0.00156179940941329 0.00175340616252189 0.000397698921756025 0.000477889192211747 0.000622749169583047 0.000321097958608851 0.000853195559125992 -0.000718311134521935 0.000351454893568259 -0.000108872922719247 0.000815343263872187 0.000802187330608356 0.000348794891581071 0.000369703512304365 -0.00032729297148816 0.000818696839713156 0.000217557064419653 0.000501857375731795 0.000379028320564479 0.000650015907650067 0.000785336700271742 0.000882062359714038 0.00129723152754465 0.000400910026659031 0.00160674580181987 0.00100624607569453
"PTFM" 0.00143051375273951 0.00104304566941327 0.00192780672375525 0.000761973107131552 8.29605231674077e-05 -0.000207983047182067 0.00146901714439754 0.000355363934325463 0.000652221389850662 0.00131000137210374 0.000531601852246795 0.00124427705282827 -0.00066076676585255 0.000397698921756025 0.0113128725362325 0.00174407490887119 0.000674052473235868 -0.00229956429744354 0.00357274443598421 -0.00121860645407479 0.00207315303428907 0.00207668463021501 0.00104105540935205 0.00202203515302875 0.00242907736688514 0.00332824497928322 0.000591488588525022 0.00295607390925952 0.0030910703689468 0.00153305771815986 0.00302477659446201 0.00469523959045381 0.0017006545784961 -0.00121289472952309 0.00325293310132754 -0.00182180130013265 0.00186865720787687 0.00035819665474965
"PTAPET" 0.000153624050868466 -0.000548752016819107 0.000952660474899771 0.000318226246803025 -0.000367998082397873 0.000628025917754809 -3.73434546367654e-05 0.000202907333226431 -9.7839317188072e-05 -5.59888332496158e-05 2.28641969135868e-06 0.000387332579724741 -0.00154457572908511 0.000477889192211747 0.00174407490887119 0.00486598652911211 0.0025366350124671 0.00233189895765753 0.00421366512570776 -0.000704359654675947 0.000701514655701498 0.000482243920439111 0.00121071095606575 0.0018440165433197 0.00163409058542365 0.000406971015531208 -8.65073956450605e-05 6.89375057191461e-05 0.00093083111168184 0.000756029772168281 0.000262717074660649 0.00348316236486446 0.00101745993848909 0.000928449795153657 0.00130943043669299 0.000508669189661401 0.00179967879983511 0.00104290002182717
"PTBA" 0.000920273782469449 0.000174572379519458 0.00135708259663409 0.00101494795100576 0.000399655659115719 0.0012638468771722 0.000339611393265782 0.000483619144759632 0.000209053755266312 0.000265339005507768 0.000263127690014997 0.000733108565897559 -0.000245116342970177 0.000622749169583047 0.000674052473235868 0.0025366350124671 0.00220294212156729 0.00209798330737729 0.00283494392770349 -0.000580471155282058 0.000923642319589931 0.000649033320978182 0.00129248907889864 0.00193637189226368 0.00130647581679399 0.000798538364610636 0.000379580616294403 0.00143520366117636 0.000323185120206382 0.000838737666536741 0.000555333215917288 0.00241161373940629 0.000586095401247184 0.000897344806167901 0.000883803038365851 0.00119695950893839 0.00129093802589183 0.000621826103915054
"PTEAM" 0.000681598421929679 0.00109830784439409 0.00151813681463382 0.00140003825262296 0.000842245022802274 0.00178766022250684 -0.00100588439865876 0.000922590889330537 0.000279506769218518 -4.09454619421083e-06 0.000254431402710055 0.0008274344444046 -0.000751531769369971 0.000321097958608851 -0.00229956429744354 0.00233189895765753 0.00209798330737729 0.00481662966521065 0.00338189711331887 -0.000441632197124479 0.000906881784588217 0.00010342522610921 0.00150099998576157 0.0022678700241514 0.00176510426504692 0.000502081004047356 0.000183536330723942 0.000237614650601068 -0.000343008486036732 0.000198160522412199 0.000382143661692394 0.00212021812192314 -0.000253915124158728 0.00145914330976885 -0.000466523187039931 0.0026764571191355 0.00117450029687111 0.000845162981495427
"PTZYGO" 0.00151586095064242 0.00171953009914792 0.00283336373774289 0.00234011351884207 0.00102152137678478 0.00184720673334733 0.000883168331604613 0.00215931514675318 0.000985902151375277 0.00107726607868627 0.00109165867777323 0.00150993542009403 -0.000892973720789121 0.000853195559125992 0.00357274443598421 0.00421366512570776 0.00283494392770349 0.00338189711331887 0.00897690502969288 -0.000991212909104583 0.00206589038394473 0.000779279667358974 0.00228065509845533 0.00282381481029185 0.00345730959791217 0.00293228455909144 0.000429824143006261 0.0017170921153442 1.81412998726219e-05 0.0011996019224228 0.0028077874996848 0.00857125958695511 0.0015914270184724 0.000523353485080405 0.00222341300190268 0.00127416326123686 0.00297471511220826 0.00186301950288
"FMZS" 6.21593791066778e-05 0.000915704860339925 -0.00043325484267141 -0.00243826198062513 -4.56078553086551e-05 -0.000526608377945566 -0.000394518410222672 -0.00334918133416117 -4.27674873136375e-05 -0.000792991254230028 0.000313791325756168 0.000127577823031256 -0.000553941559796483 -0.000718311134521935 -0.00121860645407479 -0.000704359654675947 -0.000580471155282058 -0.000441632197124479 -0.000991212909104583 0.00652151442840555 0.0015437645538015 0.00202045445814216 -0.000181991273418463 0.000432880724821277 -0.00109334410742887 0.000159037836042417 -0.00068152053897954 -0.000277597556775244 0.000577499843483201 -0.000398151319419619 -0.000758355097234857 -0.00130230690475442 -0.000298848403051766 -0.000623914442568713 0.000149179300442078 -7.790435651193e-05 -0.00103455739942479 -0.000514787995994468
"FMMT" 0.00165507704373393 0.00223735211242998 0.0017563807183679 0.00111859169046801 0.00101344734080731 0.00116704279377811 0.000268461444270653 -0.000327462381124315 0.000450072608089517 0.000525251678263756 0.000244777418027387 0.00166329213279701 5.03674808234689e-05 0.000351454893568259 0.00207315303428907 0.000701514655701498 0.000923642319589931 0.000906881784588217 0.00206589038394473 0.0015437645538015 0.00264891920813923 0.00133785163626606 0.00188200817944929 0.00231312201510564 0.000804999990940728 0.00146956708397919 6.9378236367374e-06 0.00140530559035221 0.000598505060443245 0.000695094843040137 0.000590950299091592 0.00192361237917934 0.000482175341679833 -0.000994929695754418 0.00113224459946592 0.000660475112997869 0.000716086040997554 0.000361001496662125
"ZSZI" 0.000440665230266956 -0.000406711120056518 0.00102408426645535 0.000321889863956353 0.00218510220258497 0.00101366050376936 0.0041633931200898 -0.00428347103394728 0.00137450744059391 -0.000232386189763852 -9.44193183366596e-06 0.0010706475244491 -0.000373311509036054 -0.000108872922719247 0.00207668463021501 0.000482243920439111 0.000649033320978182 0.00010342522610921 0.000779279667358974 0.00202045445814216 0.00133785163626606 0.00948123971007379 0.000974386919287109 -0.000106301013201895 0.000705976051443614 0.00101508643319111 0.000224305177525426 0.00154362968184485 0.00139719639399287 0.00122654942245565 0.00150606930943855 0.00148110828231966 0.000801997589687143 6.65221007544853e-05 0.000727024787784923 0.000236391514030678 1.20232268673181e-05 0.000838792992006385
"ZIMT" 0.000970816171656417 0.000955036438140707 0.00163583920525244 0.000984160867173672 0.000536247446110995 0.00180223944527098 0.000768149978002604 -0.000711438803538103 -5.65235956355878e-05 0.000704481502824691 -0.000373077546686645 0.00153227314265818 0.000596708371993318 0.000815343263872187 0.00104105540935205 0.00121071095606575 0.00129248907889864 0.00150099998576157 0.00228065509845533 -0.000181991273418463 0.00188200817944929 0.000974386919287109 0.00458335177938014 0.0020879181161681 0.0011151129903944 0.000134049880933799 -0.0012894714762996 0.0015520251827096 0.000187725554134644 0.000491657013239475 0.00109381058112524 0.00214851208765036 0.000584394881742416 -0.000509296751414062 0.000749908181913083 0.000898954316211266 0.00124008233403853 0.000787112586415273
"ZIZYGO" 0.00259369893124096 0.00377794387802525 0.00380029477811829 0.00292765912701591 0.00107179892732451 0.00270885717327105 -0.000565831594963038 0.00142315185333535 0.000580778545981876 0.00017984716772133 0.000466204778730211 0.00245045100209552 9.57553895233939e-05 0.000802187330608356 0.00202203515302875 0.0018440165433197 0.00193637189226368 0.0022678700241514 0.00282381481029185 0.000432880724821277 0.00231312201510564 -0.000106301013201895 0.0020879181161681 0.0124581171406816 0.00233656387519663 0.00190392642673341 -0.000614263940864048 0.00201858233243668 -0.000856126732600208 0.00134319077969666 -0.00345192952223603 0.0012009061638752 0.000545937717599702 0.000817529874623885 0.000659558840062777 0.0019384841979517 0.00251400337442869 0.00297866559998615
"ZITSP" 0.000889609227492003 0.000725668969785835 0.00192100963157636 0.00149438898047424 0.000375474028785229 0.000849115680396482 -0.000754347067766046 0.00122741253695633 0.000589325663479682 0.000551592060731562 0.00063106126643838 0.000476945014548506 -0.000518170299685392 0.000348794891581071 0.00242907736688514 0.00163409058542365 0.00130647581679399 0.00176510426504692 0.00345730959791217 -0.00109334410742887 0.000804999990940728 0.000705976051443614 0.0011151129903944 0.00233656387519663 0.003870813998443 0.00208919569252351 0.000356831741718244 0.00126440795312979 0.000894923329717634 0.000732586557578737 0.00204295380664745 0.00381776494396437 0.000611584484867469 0.00111186444419542 0.000781291690494111 0.0010402609900394 0.00183408673182319 0.000572569416677359
"MTPNS" 0.00231581352745511 0.00254907160355715 0.00279759584661188 0.0019476528244454 0.00123200203116586 0.00137838654340463 -9.1573113187326e-07 0.00109153660658243 0.00100148652884245 0.000754601206399732 0.00131413760250624 0.00041058301065826 3.41171801968651e-05 0.000369703512304365 0.00332824497928322 0.000406971015531208 0.000798538364610636 0.000502081004047356 0.00293228455909144 0.000159037836042417 0.00146956708397919 0.00101508643319111 0.000134049880933799 0.00190392642673341 0.00208919569252351 0.00474567823336489 0.00121836334056952 0.00151552312647649 0.00085210204728722 0.00103695470883825 0.00215239340622759 0.00377122877227616 0.000278687656805905 4.60000990079073e-05 0.000980602584996945 0.000479660305820649 0.00141421158519658 0.000520607738138428
"PNSAPET" 0.000694336979093199 0.000350823586046227 -0.000435167187255798 0.00128593896405805 0.00151100415006358 0.000696127654331097 0.00116285612473661 0.00149710232330512 0.000688818612075875 0.000643551619041222 0.00104570891363865 -0.000695698897535537 -0.000114159969888353 -0.00032729297148816 0.000591488588525022 -8.65073956450605e-05 0.000379580616294403 0.000183536330723942 0.000429824143006261 -0.00068152053897954 6.9378236367374e-06 0.000224305177525426 -0.0012894714762996 -0.000614263940864048 0.000356831741718244 0.00121836334056952 0.00778954159448747 -0.000827517199023771 -0.00224854726505481 0.000437050450645357 0.00060723141503689 0.000570568147657131 -0.000145651041984068 -7.32690377233078e-05 -0.000160128662578257 0.000423786988606392 -0.00195378085565785 -0.000989571421396673
"APETBA" 0.00156808739367669 0.000856753058294399 0.00162054538556095 0.00109140477888458 0.000597230362052042 0.00120989213649218 0.000951444579540825 0.000570931248063648 0.000759898746906942 0.000774053011669159 0.000323833737561135 0.00126295956174702 0.000944614175021023 0.000818696839713156 0.00295607390925952 6.89375057191461e-05 0.00143520366117636 0.000237614650601068 0.0017170921153442 -0.000277597556775244 0.00140530559035221 0.00154362968184485 0.0015520251827096 0.00201858233243668 0.00126440795312979 0.00151552312647649 -0.000827517199023771 0.00461419285385634 0.00190952649624239 0.00125061943954701 0.00183867102970372 0.00209298500269134 0.000790389040076723 -5.40663261879247e-05 0.00185601974994984 0.00075223796194449 0.00154727709817326 -0.000147193073829582
"APETTS" -0.000328714950393398 -4.23805951177024e-05 -0.000123890491396523 -0.000845728771512317 -0.000493025472680731 -0.000694920352023426 0.00061859553007069 -0.000561907824403772 0.000505340643853688 -0.00016668356218628 -0.000434250894734345 0.000158832051357826 -0.00055854386126848 0.000217557064419653 0.0030910703689468 0.00093083111168184 0.000323185120206382 -0.000343008486036732 1.81412998726219e-05 0.000577499843483201 0.000598505060443245 0.00139719639399287 0.000187725554134644 -0.000856126732600208 0.000894923329717634 0.00085210204728722 -0.00224854726505481 0.00190952649624239 0.00821180675925977 0.000860445954630149 0.00208840764378539 0.000713618006887326 0.000618756935341434 -0.000259934043067857 0.00125864749792005 -0.000279324623932215 0.00216487266596927 0.000355693171087696
"BAEAM" 0.000998701022323556 0.000321396057547737 0.000894836457309248 0.00074302310114486 0.000433489088496707 0.000582448053373931 0.00157513807332648 0.000303095234329537 0.000513624644675069 0.000268684975632958 0.000194864782188144 0.000589259101947877 0.000313877213789159 0.000501857375731795 0.00153305771815986 0.000756029772168281 0.000838737666536741 0.000198160522412199 0.0011996019224228 -0.000398151319419619 0.000695094843040137 0.00122654942245565 0.000491657013239475 0.00134319077969666 0.000732586557578737 0.00103695470883825 0.000437050450645357 0.00125061943954701 0.000860445954630149 0.00153308240713844 0.000644258391262256 0.00150815156314663 0.000617520549833078 0.000148379910618772 0.000995002620600415 0.000445282233719028 0.00110396745259585 0.000176825090253261
"EAMZYGO" 0.000246035691581187 -0.00029403656653123 0.000673782640313444 0.00034965759675597 -3.17976501454087e-05 0.000228873777738134 0.000647243821857339 -0.000203651884557533 0.000310501666804822 0.00069147582341914 0.000326245803307608 5.94144164017062e-06 0.000305698499162511 0.000379028320564479 0.00302477659446201 0.000262717074660649 0.000555333215917288 0.000382143661692394 0.0028077874996848 -0.000758355097234857 0.000590950299091592 0.00150606930943855 0.00109381058112524 -0.00345192952223603 0.00204295380664745 0.00215239340622759 0.00060723141503689 0.00183867102970372 0.00208840764378539 0.000644258391262256 0.00608955594879594 0.00400213161475718 0.000673006720261395 -0.000401022190517158 0.000964582701123325 0.000198628944378417 0.00124799902483416 0.000860122458898611
"ZYGOTSP" 0.00108021549772979 0.00151153177585277 0.0025740961752037 0.00235442109001676 0.00105896554052648 0.00161478401224407 0.000930067052599857 0.00171831419017059 0.00094531895848653 0.00136059285970693 0.00112498269612749 0.00087961647681067 -0.000692661443261189 0.000650015907650067 0.00469523959045381 0.00348316236486446 0.00241161373940629 0.00212021812192314 0.00857125958695511 -0.00130230690475442 0.00192361237917934 0.00148110828231966 0.00214851208765036 0.0012009061638752 0.00381776494396437 0.00377122877227616 0.000570568147657131 0.00209298500269134 0.000713618006887326 0.00150815156314663 0.00400213161475718 0.0105662387175853 0.00152721933995378 1.21322082377276e-05 0.00259399754436261 0.000798198462223916 0.00315934865003102 0.0010566946992061
"LDAS" -2.05117868921471e-05 -0.00103566462580406 -3.05589774614313e-05 -0.000288504940525232 -0.000170670716585911 0.000143623370099411 0.000478867142827626 0.00012237424918881 0.000141564299604485 0.000327358336760782 0.000195505349428166 0.000365068117547428 0.00059171567940271 0.000785336700271742 0.0017006545784961 0.00101745993848909 0.000586095401247184 -0.000253915124158728 0.0015914270184724 -0.000298848403051766 0.000482175341679833 0.000801997589687143 0.000584394881742416 0.000545937717599702 0.000611584484867469 0.000278687656805905 -0.000145651041984068 0.000790389040076723 0.000618756935341434 0.000617520549833078 0.000673006720261395 0.00152721933995378 0.00342745985801575 -0.000104065523509277 0.00250788391171439 -0.000254169688888661 0.000271474152419628 0.000874509605553068
"BRLD" -0.000938778969997218 -0.00147586441800613 0.0001058984535789 -0.000453215344040123 0.000412677916176108 -0.000111507749623353 0.000229899411719264 0.000616453883740169 0.00042376389840706 -0.00203938979632334 0.000934553104101088 0.000392598751511633 -0.00010322228863439 0.000882062359714038 -0.00121289472952309 0.000928449795153657 0.000897344806167901 0.00145914330976885 0.000523353485080405 -0.000623914442568713 -0.000994929695754418 6.65221007544853e-05 -0.000509296751414062 0.000817529874623885 0.00111186444419542 4.60000990079073e-05 -7.32690377233078e-05 -5.40663261879247e-05 -0.000259934043067857 0.000148379910618772 -0.000401022190517158 1.21322082377276e-05 -0.000104065523509277 0.00877746612300159 -0.000591912197079899 0.00162263562990575 0.000308379646239352 0.000673702155797806
"OPILD" 0.000828657700650209 -0.00101431479310593 5.34342556110153e-05 -0.000907974914347404 3.25217407845752e-05 -0.000282427930740533 0.000685016133947836 0.000984511963588853 0.000690040405125678 0.000866132175254347 0.000805542046345677 0.000716505641885658 0.000632926856918866 0.00129723152754465 0.00325293310132754 0.00130943043669299 0.000883803038365851 -0.000466523187039931 0.00222341300190268 0.000149179300442078 0.00113224459946592 0.000727024787784923 0.000749908181913083 0.000659558840062777 0.000781291690494111 0.000980602584996945 -0.000160128662578257 0.00185601974994984 0.00125864749792005 0.000995002620600415 0.000964582701123325 0.00259399754436261 0.00250788391171439 -0.000591912197079899 0.00574312676958212 -9.0754906401228e-05 0.00215324624527277 -0.00174856540303064
"PTAS" 0.00073646921270393 0.000714607582912158 0.000982469219363387 0.0008774671149278 0.000674554591179702 0.0012001684867485 0.000706933301802107 0.000677796528232883 0.000332631417890643 -2.77782078916979e-05 0.000421830401778996 0.000806121202943079 0.000302653429254483 0.000400910026659031 -0.00182180130013265 0.000508669189661401 0.00119695950893839 0.0026764571191355 0.00127416326123686 -7.790435651193e-05 0.000660475112997869 0.000236391514030678 0.000898954316211266 0.0019384841979517 0.0010402609900394 0.000479660305820649 0.000423786988606392 0.00075223796194449 -0.000279324623932215 0.000445282233719028 0.000198628944378417 0.000798198462223916 -0.000254169688888661 0.00162263562990575 -9.0754906401228e-05 0.00257012697058104 0.000878864364583898 0.000403131699070226
"JPAS" 0.00115973522170344 0.000433796885621638 0.00144263483200056 0.000768380221308331 3.94891892499955e-05 0.00051463564608719 0.00166556338135594 0.00153073670833313 0.000763025692667566 0.000616612043072734 0.0004406792825476 0.00135088579138278 0.000609273201759426 0.00160674580181987 0.00186865720787687 0.00179967879983511 0.00129093802589183 0.00117450029687111 0.00297471511220826 -0.00103455739942479 0.000716086040997554 1.20232268673181e-05 0.00124008233403853 0.00251400337442869 0.00183408673182319 0.00141421158519658 -0.00195378085565785 0.00154727709817326 0.00216487266596927 0.00110396745259585 0.00124799902483416 0.00315934865003102 0.000271474152419628 0.000308379646239352 0.00215324624527277 0.000878864364583898 0.00577468000148815 0.00231117596143875
"BAOPI" -0.000140607651758495 5.96927573156234e-06 0.00104620153686881 0.00156331614236382 0.000276699624803633 0.00108555580328171 0.00362882011528565 -0.000985821507506972 -0.000308084037092828 -0.000432469079849514 -0.000500797076632815 0.00133600472289903 0.000593003410950932 0.00100624607569453 0.00035819665474965 0.00104290002182717 0.000621826103915054 0.000845162981495427 0.00186301950288 -0.000514787995994468 0.000361001496662125 0.000838792992006385 0.000787112586415273 0.00297866559998615 0.000572569416677359 0.000520607738138428 -0.000989571421396673 -0.000147193073829582 0.000355693171087696 0.000176825090253261 0.000860122458898611 0.0010566946992061 0.000874509605553068 0.000673702155797806 -0.00174856540303064 0.000403131699070226 0.00231117596143875 0.00866823874850318
