"" "ISPM" "ISNSL" "ISPNS" "PMZS" "PMZI" "PMMT" "NSLNA" "NSLZS" "NSLZI" "NABR" "NAFM" "NAPNS" "BRPT" "BRAPET" "PTFM" "PTAPET" "PTBA" "PTEAM" "PTZYGO" "FMZS" "FMMT" "ZSZI" "ZIMT" "ZIZYGO" "ZITSP" "MTPNS" "PNSAPET" "APETBA" "APETTS" "BAEAM" "EAMZYGO" "ZYGOTSP" "LDAS" "BRLD" "OPILD" "PTAS" "JPAS" "BAOPI"
"ISPM" 0.00444959406193203 0.00306519662788844 0.00262574129320768 0.00119316864833041 0.00120695101404944 0.00083074815710711 0.00258803753359239 -0.000339862662243438 0.00127017319523206 0.000489275268800478 0.000716728274851008 0.00167159998118219 -1.03125845278157e-05 0.000743771023061889 0.00113845556701713 0.00127813633865802 0.000939177350920248 0.00140571671449508 0.00187455609198656 0.00136266541470037 0.000882043456342853 0.00321913113785803 -0.000135572314456865 0.000871548294697315 0.000457389944432827 0.00152551534161158 -0.000151002867930052 0.000954086106152901 0.00276016012733384 0.000724339386564525 0.00142379978182488 0.00117618387883973 0.00132634946014407 0.000580828266738592 0.000998144771425897 0.000103953779122506 0.000131207012714809 0.000443616873746347
"ISNSL" 0.00306519662788844 0.00630377804308506 0.00320553930725887 0.00329621691598219 0.00262700352310214 0.00140980807530487 -0.000514183513326853 0.000585610585275624 0.00205276299553486 0.00111734615719968 0.00124994389171575 0.000564617968312748 -0.000982530571971377 0.000344290002757552 0.00379008959154132 0.00182224688860382 0.00107281504413422 0.00119636062576832 0.00295323259018066 0.00115802026864674 0.000934133538934323 0.00336446453332076 -0.000761004751360021 0.00116900428651253 0.00117807802383435 0.00283054773076617 0.00148320035875746 0.00168191274417693 0.0027757026994553 0.000813816678534148 0.00171599816007062 0.00268860868043373 0.00100860113555995 0.000707763117218537 -0.000313101124821779 0.000282371665952808 0.000929685248079578 0.0014737277028843
"ISPNS" 0.00262574129320768 0.00320553930725887 0.00442310481007679 0.00255532652958902 0.0022254987516216 0.00156049588363715 0.00218911368027458 -0.00037371759476061 0.00116455446521763 0.000652172333840596 0.00104876139162996 0.00140187505599483 -0.00033483925290013 0.000268198603463486 0.00168321946206165 0.000717642184244241 0.000420793313075602 0.000299225895077643 0.00175569615591229 0.00155545955321623 0.000507127185249566 0.00279798092890021 -0.000392841311872785 0.00109901356001741 0.00114342107733564 0.00206467094674255 -0.00304118510905504 0.00158834480423867 0.00339344624879269 0.00108001807488802 0.00112603753351069 0.00205777952278036 0.00124376572798016 0.000184358962177593 0.000695579709782916 -3.49933759562399e-05 0.000691938334382062 0.000164491427240653
"PMZS" 0.00119316864833041 0.00329621691598219 0.00255532652958902 0.00463484726541023 0.00261858892318682 0.00123058898535206 0.00209088401071103 0.00229337505570098 0.00132791642458265 0.000993929992879592 0.00125256218507262 0.000135503053516106 -0.00064012021231598 -0.000507359008925868 0.00155657528334374 0.000137061392666769 5.93829202511461e-05 0.000697193179449992 0.001956571524216 -0.000803437409054571 7.71893038221383e-05 0.000634924593080449 -0.0015635221742477 0.0014298717807013 0.0019356810155039 0.000706586107472294 0.00182095113983658 0.000473665291444998 0.00122362119230219 0.000642522023047783 0.00115652548027112 0.00226696783343778 -0.000359153254524243 -0.00084153627384855 -0.000266784200958499 0.00105015345945189 0.00143419180203565 -7.45785514325574e-06
"PMZI" 0.00120695101404944 0.00262700352310214 0.0022254987516216 0.00261858892318682 0.00365222908912843 0.00147940311229127 0.000907149050847949 0.00121415992842337 0.00213451767439854 0.00114154738092758 0.0014121837768249 -5.92113293109987e-05 -0.00106830548604931 -0.000208299492061291 0.00202730967329239 0.00156389666283839 0.00069240647235742 0.00116511802047503 0.00196259088005444 0.000887476675302321 -3.5335221699375e-05 0.0024122687991206 -0.000191760021571872 -0.000958989995030179 0.000139741038956668 0.00215722881615881 0.000478157144824501 0.00117290922151153 0.00261012835897522 0.000524514321918723 0.00116122747045482 0.00126271441529859 0.000618009491828873 -0.00211818048280741 -2.14899349674657e-05 0.000494064313968447 0.000543664468966338 0.000791258300183764
"PMMT" 0.00083074815710711 0.00140980807530487 0.00156049588363715 0.00123058898535206 0.00147940311229127 0.0013011842057804 0.000109872657478848 -0.000486571245242555 0.000636312870402862 0.000449730842016769 0.000728208915575257 1.03249536689832e-05 -0.000828884374437751 -9.66430850356281e-05 0.00128225798446957 0.000993790782849287 0.000399265068482918 0.000438292366934945 0.00119061470899718 0.000686923032032903 -0.000157699728736971 0.00183460025398018 3.65630307808039e-05 -4.85347111618712e-05 6.46208311830528e-05 0.00125563107501982 -0.00046136273965253 0.000920067633671341 0.00122268295686482 0.000334633385742547 0.000712640740929723 0.00105994783521302 0.000403826890647527 -0.00105096597080031 6.81720528169116e-05 -2.04298634321599e-05 0.000325464598181771 -0.000159326761430868
"NSLNA" 0.00258803753359239 -0.000514183513326853 0.00218911368027458 0.00209088401071103 0.000907149050847949 0.000109872657478848 0.0311496554234362 -0.00171304642607808 -5.98156243124519e-05 -0.00231803229161098 -0.000114140331597383 0.00349257344298687 0.00159756218118765 0.000390974616153775 0.00110211298576901 -0.00327727378957812 -0.00220265793859149 -0.00173850476221207 -0.00299037434085191 0.00180004273752209 -0.000406907247460111 0.00320853301208829 -0.0012468702032108 0.00124219040672809 4.32472319990632e-06 0.00121052868833533 -0.000536336107110379 0.000939300821110418 0.00293214753128422 0.00067297258832393 0.00285543941135595 -0.000560598007777866 0.00172300064345713 -0.0043146638048196 0.00226532111712527 -0.00158679078968619 0.00203328026814145 -0.000307513040437732
"NSLZS" -0.000339862662243438 0.000585610585275624 -0.00037371759476061 0.00229337505570098 0.00121415992842337 -0.000486571245242555 -0.00171304642607808 0.00664168829605858 0.00190800604857352 0.00164888915129565 0.0011130206111969 0.00049521618157356 0.000685593086178955 -0.000709307657825771 -0.00109473215157628 0.000155840524703821 0.000595643056088009 0.00166734684067038 0.00142671609571516 -0.00277231126271728 7.74347754583348e-05 -0.00379439942515391 -0.000685364025128843 -0.000128936733920103 0.000895994822774745 -0.00200588109189274 0.00358039011220585 -0.00135389391163889 -0.000725269518138344 0.000453807244731862 -0.000188963310515813 6.6093462172735e-05 -0.000527863291735513 -0.00117917407355287 -0.000683457744855138 0.00269187622631098 0.000963478069425586 0.00164187257884476
"NSLZI" 0.00127017319523206 0.00205276299553486 0.00116455446521763 0.00132791642458265 0.00213451767439854 0.000636312870402862 -5.98156243124519e-05 0.00190800604857352 0.00239841100246085 0.00126272686995109 0.00140070452274526 0.000476933871707743 -0.000719318284038173 0.000215110006799065 0.00170752756175893 0.00221320410248846 0.00143493072529837 0.00233049463849982 0.00302988887949025 0.000402739279057076 0.000269412989207896 0.00240453383366173 0.000310091598932618 -0.00040228555497571 0.000312405509817477 0.00165038145795853 0.00109294068544744 0.000824408753306462 0.00181708269303626 0.000600229130982851 0.000837281337287722 0.00120832524773452 0.000660152884363426 -0.00107856335439467 0.00032814648597269 0.00117897611809439 0.000658822097005256 0.00120419550954182
"NABR" 0.000489275268800478 0.00111734615719968 0.000652172333840596 0.000993929992879592 0.00114154738092758 0.000449730842016769 -0.00231803229161098 0.00164888915129565 0.00126272686995109 0.00280514209094325 0.000938520792111027 -0.000179557381742718 0.000145345579740036 0.000447891685937673 0.00171600276777044 0.00218023553359036 0.0014531610689493 0.00216427688369246 0.00275007316348183 -0.00017338517967207 -0.000104048513552653 0.000388545546166398 -0.000148459668692647 0.000943370123546266 0.000228355167213727 0.00106067416700031 0.00086519647190832 0.000896664775763604 0.00188354412589539 0.000943263535102418 0.000242104171702069 0.00139072472277287 0.000822791282200673 -0.00209204460177303 0.000477334998909896 0.00122300633892791 0.000901444603442892 0.00107928990352049
"NAFM" 0.000716728274851008 0.00124994389171575 0.00104876139162996 0.00125256218507262 0.0014121837768249 0.000728208915575257 -0.000114140331597383 0.0011130206111969 0.00140070452274526 0.000938520792111027 0.00171938928978131 0.000186945817282854 -0.000789541492033417 9.08632203855072e-05 0.000924491149826493 0.00144127170334793 0.000736436238421551 0.00141586542188217 0.00250205646571511 0.000838660714044377 8.81153028779784e-06 0.001618299270354 0.000130737751225364 0.000289343093593975 0.000728093873793849 0.00111339703637739 0.000996453023910129 0.000492595774074758 0.00066270877238252 0.000340837815335959 0.00104057997141224 0.00155347251541468 0.00052941743994309 -0.000599773437644947 0.000385719363715984 0.000818328260631515 0.00058321418653075 0.000199334793826573
"NAPNS" 0.00167159998118219 0.000564617968312748 0.00140187505599483 0.000135503053516106 -5.92113293109987e-05 1.03249536689832e-05 0.00349257344298687 0.00049521618157356 0.000476933871707743 -0.000179557381742718 0.000186945817282854 0.00268485826277439 0.000754225822556728 0.000684787338543389 0.000702092833044879 -0.000136073699146178 0.000184304954311622 0.000191724517249515 0.000199525331851824 -0.000191758729046379 0.000762712817257643 0.000867558835302733 0.000458741086759762 0.000432398873051345 0.000705712201235259 9.31779189362533e-05 -0.00176524156746347 0.000457806773725345 0.0015107263837986 0.000594829494417242 0.00104669173859233 0.000336217419272213 0.000901118750285087 0.000599436418939721 0.000895142778532478 0.000140617391288912 0.000217652300095759 0.00083876146247041
"BRPT" -1.03125845278157e-05 -0.000982530571971377 -0.00033483925290013 -0.00064012021231598 -0.00106830548604931 -0.000828884374437751 0.00159756218118765 0.000685593086178955 -0.000719318284038173 0.000145345579740036 -0.000789541492033417 0.000754225822556728 0.00524027406109671 0.000711569910263894 -0.00484388684578755 -0.00347142310881268 -0.000772807707626886 -0.00147219183672366 -0.00549387913136211 -0.00142975416296285 0.000143025353765947 -0.00244376518619212 0.000753513424762228 -0.000133438518542918 -0.000415183791693738 -0.00150723282374236 -0.000772397018729326 -0.000861785981654745 -0.00113649597637306 0.000655394445924273 0.00020888223428147 -0.0035517703452635 0.000286396047176671 0.00262151519005512 -0.00023436971551184 0.00163442164766468 7.06259684783876e-05 0.00155138458559232
"BRAPET" 0.000743771023061889 0.000344290002757552 0.000268198603463486 -0.000507359008925868 -0.000208299492061291 -9.66430850356281e-05 0.000390974616153775 -0.000709307657825771 0.000215110006799065 0.000447891685937673 9.08632203855072e-05 0.000684787338543389 0.000711569910263894 0.00133987951869572 0.000786753844732713 0.00108936465770275 0.000864411268728926 0.000968025858891452 0.000890261592636146 0.00067494134806678 0.000651032892223053 0.00151398861463862 0.000378789109511649 0.000471639723000081 0.000249880647808928 0.000986470771504851 -0.00102579799262602 0.000808545382076157 0.00118448686542318 0.000452080670852024 0.000714975003157784 -2.30930260941088e-05 0.000929067006137017 0.000995108668519766 0.000996741479508721 0.000168037496691356 0.000183147800303977 0.000654589395931209
"PTFM" 0.00113845556701713 0.00379008959154132 0.00168321946206165 0.00155657528334374 0.00202730967329239 0.00128225798446957 0.00110211298576901 -0.00109473215157628 0.00170752756175893 0.00171600276777044 0.000924491149826493 0.000702092833044879 -0.00484388684578755 0.000786753844732713 0.0147338485650079 0.00448747591815297 0.0012450020572923 0.00125156832194014 0.00721999769112288 0.00114017211627725 0.000909205657340683 0.00502881535813424 -9.41638079088271e-05 0.00243815235628531 0.00119650505810221 0.00523053059846671 0.0010489970497638 0.00377068450533218 0.00433400829483726 0.00062951068893858 0.000816899133602359 0.00538688638372729 0.00194497963302927 -0.00469140918543681 0.00193712200974383 -0.0027879767693694 0.000519464060363986 -0.00039832053308608
"PTAPET" 0.00127813633865802 0.00182224688860382 0.000717642184244241 0.000137061392666769 0.00156389666283839 0.000993790782849287 -0.00327727378957812 0.000155840524703821 0.00221320410248846 0.00218023553359036 0.00144127170334793 -0.000136073699146178 -0.00347142310881268 0.00108936465770275 0.00448747591815297 0.00735725732793598 0.00376240957003981 0.00497359629843758 0.00816455729619859 0.00153862790546669 0.000344024478178176 0.00455256377726881 7.06505505719612e-05 0.00035489783866916 7.78612908729087e-05 0.00287712267295798 -6.2250552249228e-05 0.00184812001255579 0.00344088662361906 0.000542362998666847 0.000814681862717446 0.00363191159446489 0.00110968396295191 -0.00232775658804643 0.00105992476767537 0.000241467281469856 0.000922555356761159 0.00110245119601976
"PTBA" 0.000939177350920248 0.00107281504413422 0.000420793313075602 5.93829202511461e-05 0.00069240647235742 0.000399265068482918 -0.00220265793859149 0.000595643056088009 0.00143493072529837 0.0014531610689493 0.000736436238421551 0.000184304954311622 -0.000772807707626886 0.000864411268728926 0.0012450020572923 0.00376240957003981 0.00265343313009586 0.00351807723522208 0.004133076930618 0.000252123149450378 0.000472470005933288 0.00249408477103864 0.000388150481949981 0.000694938020980419 -3.3363137954409e-05 0.00148331313789284 6.99351562938994e-05 0.00145874785513748 0.00181442343076103 0.000840544769320229 0.000384836644168975 0.0012962428550231 0.00068087038833707 -0.000795641231428151 0.000901944594708876 0.00136997820984832 0.00102467427348519 0.000920819621587198
"PTEAM" 0.00140571671449508 0.00119636062576832 0.000299225895077643 0.000697193179449992 0.00116511802047503 0.000438292366934945 -0.00173850476221207 0.00166734684067038 0.00233049463849982 0.00216427688369246 0.00141586542188217 0.000191724517249515 -0.00147219183672366 0.000968025858891452 0.00125156832194014 0.00497359629843758 0.00351807723522208 0.00674462427405582 0.00674010442342779 -0.000205745580132091 0.00062014993277397 0.00371484183632106 -0.000113359474440669 0.000816642088781645 0.000471421042011063 0.00185747865502239 0.00211435712565396 0.00106687856115396 0.00174434980045465 0.000758551042316829 0.00133318401250478 0.00240698014036404 0.000647386309048864 -0.00108436265597242 0.00159653684161523 0.00327587542475092 0.00211404353894153 0.000494788511999184
"PTZYGO" 0.00187455609198656 0.00295323259018066 0.00175569615591229 0.001956571524216 0.00196259088005444 0.00119061470899718 -0.00299037434085191 0.00142671609571516 0.00302988887949025 0.00275007316348183 0.00250205646571511 0.000199525331851824 -0.00549387913136211 0.000890261592636146 0.00721999769112288 0.00816455729619859 0.004133076930618 0.00674010442342779 0.0127881470701354 0.00147146590600381 0.000782287009461873 0.0056394911746727 -0.00115771045246131 0.00270470720352616 0.00145667610805094 0.00344242095222231 0.00090311472063661 0.00257245699384945 0.00373441374049713 0.00102710392897508 0.00076943859201586 0.00666466200046336 0.000884933493472966 -0.00254765883338807 0.00163787271846856 0.00116072141217026 0.00208994345311128 -9.1415677733905e-05
"FMZS" 0.00136266541470037 0.00115802026864674 0.00155545955321623 -0.000803437409054571 0.000887476675302321 0.000686923032032903 0.00180004273752209 -0.00277231126271728 0.000402739279057076 -0.00017338517967207 0.000838660714044377 -0.000191758729046379 -0.00142975416296285 0.00067494134806678 0.00114017211627725 0.00153862790546669 0.000252123149450378 -0.000205745580132091 0.00147146590600381 0.00596955177990049 0.000842677052305175 0.00298375197903291 0.000352168512482573 5.13578627432795e-05 0.000662988943969705 0.0020894578376081 -0.00259367988542914 0.00159055526333992 0.00288382206912801 0.000283147250072928 0.000633691929635105 0.00132041856562203 0.00134637421837717 0.000572492991702498 0.000427239029570754 -0.00182528878416025 -0.000842740380878332 -0.000139176904157167
"FMMT" 0.000882043456342853 0.000934133538934323 0.000507127185249566 7.71893038221383e-05 -3.5335221699375e-05 -0.000157699728736971 -0.000406907247460111 7.74347754583348e-05 0.000269412989207896 -0.000104048513552653 8.81153028779784e-06 0.000762712817257643 0.000143025353765947 0.000651032892223053 0.000909205657340683 0.000344024478178176 0.000472470005933288 0.00062014993277397 0.000782287009461873 0.000842677052305175 0.00171735793683342 0.000813975860529952 0.000579889767173759 0.00048465892950387 0.00113521365475759 0.000891627262162431 -0.0006637222044331 0.000662280358883761 0.00127568334857538 0.000485227301771569 0.000437802488677663 0.000461652265995049 4.6039967661149e-05 0.00177072058320784 0.000307359190487426 0.000385712908444605 0.000356935537357971 -5.56116471019095e-05
"ZSZI" 0.00321913113785803 0.00336446453332076 0.00279798092890021 0.000634924593080449 0.0024122687991206 0.00183460025398018 0.00320853301208829 -0.00379439942515391 0.00240453383366173 0.000388545546166398 0.001618299270354 0.000867558835302733 -0.00244376518619212 0.00151398861463862 0.00502881535813424 0.00455256377726881 0.00249408477103864 0.00371484183632106 0.0056394911746727 0.00298375197903291 0.000813975860529952 0.0103648786474237 0.000617953647860142 0.000294572846083262 0.000319038683039174 0.00563427470094125 -0.00140930660460352 0.00329060952442457 0.00393651954075299 0.000623560315781993 0.00236502319816516 0.00307031174960782 0.00166025658293578 -0.000120396777251051 0.00172571300837399 -0.000130217125382073 0.00117520214005209 2.91810408500933e-05
"ZIMT" -0.000135572314456865 -0.000761004751360021 -0.000392841311872785 -0.0015635221742477 -0.000191760021571872 3.65630307808039e-05 -0.0012468702032108 -0.000685364025128843 0.000310091598932618 -0.000148459668692647 0.000130737751225364 0.000458741086759762 0.000753513424762228 0.000378789109511649 -9.41638079088271e-05 7.06505505719612e-05 0.000388150481949981 -0.000113359474440669 -0.00115771045246131 0.000352168512482573 0.000579889767173759 0.000617953647860142 0.00356165480986444 -0.00160954288492654 1.41731810401753e-05 0.000592772648925905 -0.00104403755658735 0.000506873502921184 0.000683935820133649 0.000274753733336821 0.000634541826629646 -0.000808982082061361 -9.0529506756529e-05 0.00017633010056767 0.000281109811459502 0.000191233547136761 -0.000755545053030299 -5.75371227731939e-05
"ZIZYGO" 0.000871548294697315 0.00116900428651253 0.00109901356001741 0.0014298717807013 -0.000958989995030179 -4.85347111618712e-05 0.00124219040672809 -0.000128936733920103 -0.00040228555497571 0.000943370123546266 0.000289343093593975 0.000432398873051345 -0.000133438518542918 0.000471639723000081 0.00243815235628531 0.00035489783866916 0.000694938020980419 0.000816642088781645 0.00270470720352616 5.13578627432795e-05 0.00048465892950387 0.000294572846083262 -0.00160954288492654 0.00701512432362729 0.00242373988427027 0.000193606391316725 0.00214581368072192 0.00109782009524322 -0.00137273008662837 0.00115495405590858 -0.00111817705871107 0.00243540096116545 0.000479663303427101 0.000172307241664052 0.00130767640409197 0.000668426888230447 0.00214120966336224 -0.00100850244029209
"ZITSP" 0.000457389944432827 0.00117807802383435 0.00114342107733564 0.0019356810155039 0.000139741038956668 6.46208311830528e-05 4.32472319990632e-06 0.000895994822774745 0.000312405509817477 0.000228355167213727 0.000728093873793849 0.000705712201235259 -0.000415183791693738 0.000249880647808928 0.00119650505810221 7.78612908729087e-05 -3.3363137954409e-05 0.000471421042011063 0.00145667610805094 0.000662988943969705 0.00113521365475759 0.000319038683039174 1.41731810401753e-05 0.00242373988427027 0.00575018504594831 -0.000296408183378792 0.00180864126166191 -0.000693744719433471 -0.00157174608892229 8.50804134643223e-05 0.000872179215361167 0.002554832492183 -0.00146270983766794 0.00304737721750727 -0.00102730347215775 0.000369842075187808 0.000435027354494819 -0.000287943455167399
"MTPNS" 0.00152551534161158 0.00283054773076617 0.00206467094674255 0.000706586107472294 0.00215722881615881 0.00125563107501982 0.00121052868833533 -0.00200588109189274 0.00165038145795853 0.00106067416700031 0.00111339703637739 9.31779189362533e-05 -0.00150723282374236 0.000986470771504851 0.00523053059846671 0.00287712267295798 0.00148331313789284 0.00185747865502239 0.00344242095222231 0.0020894578376081 0.000891627262162431 0.00563427470094125 0.000592772648925905 0.000193606391316725 -0.000296408183378792 0.00545311671971269 -0.000905088615499329 0.00276217250794181 0.00371440186918204 0.000797476627226026 0.00160111236528262 0.00226349524687046 0.00190311897929669 -0.00204617548883016 0.00205312013326424 -0.000472522056120703 0.000898362804226902 -0.000239015691817789
"PNSAPET" -0.000151002867930052 0.00148320035875746 -0.00304118510905504 0.00182095113983658 0.000478157144824501 -0.00046136273965253 -0.000536336107110379 0.00358039011220585 0.00109294068544744 0.00086519647190832 0.000996453023910129 -0.00176524156746347 -0.000772397018729326 -0.00102579799262602 0.0010489970497638 -6.2250552249228e-05 6.99351562938994e-05 0.00211435712565396 0.00090311472063661 -0.00259367988542914 -0.0006637222044331 -0.00140930660460352 -0.00104403755658735 0.00214581368072192 0.00180864126166191 -0.000905088615499329 0.013082464739921 -0.00262362684534266 -0.00592785039119619 -0.00090765888321322 0.000790435188066142 0.000608897878239188 -0.00162976442825456 -0.0014940987053321 -0.00124268277330836 0.00224633311141976 0.00119442032126136 -0.000686338490107275
"APETBA" 0.000954086106152901 0.00168191274417693 0.00158834480423867 0.000473665291444998 0.00117290922151153 0.000920067633671341 0.000939300821110418 -0.00135389391163889 0.000824408753306462 0.000896664775763604 0.000492595774074758 0.000457806773725345 -0.000861785981654745 0.000808545382076157 0.00377068450533218 0.00184812001255579 0.00145874785513748 0.00106687856115396 0.00257245699384945 0.00159055526333992 0.000662280358883761 0.00329060952442457 0.000506873502921184 0.00109782009524322 -0.000693744719433471 0.00276217250794181 -0.00262362684534266 0.00407727546238307 0.00409304776271792 0.00138614529157869 0.000226002994776672 0.00128963741882794 0.00127465707027943 -0.00228362569411586 0.00134401842120176 -0.00040738270665038 0.000821846227392482 0.000518324137369214
"APETTS" 0.00276016012733384 0.0027757026994553 0.00339344624879269 0.00122362119230219 0.00261012835897522 0.00122268295686482 0.00293214753128422 -0.000725269518138344 0.00181708269303626 0.00188354412589539 0.00066270877238252 0.0015107263837986 -0.00113649597637306 0.00118448686542318 0.00433400829483726 0.00344088662361906 0.00181442343076103 0.00174434980045465 0.00373441374049713 0.00288382206912801 0.00127568334857538 0.00393651954075299 0.000683935820133649 -0.00137273008662837 -0.00157174608892229 0.00371440186918204 -0.00592785039119619 0.00409304776271792 0.0113369584619629 0.00189478247153947 0.00152891420831103 0.00228745080154269 0.00162991852718674 -0.00349409819379327 0.00217538234191042 -0.000994323035119091 0.000498436400002791 0.00134257131534479
"BAEAM" 0.000724339386564525 0.000813816678534148 0.00108001807488802 0.000642522023047783 0.000524514321918723 0.000334633385742547 0.00067297258832393 0.000453807244731862 0.000600229130982851 0.000943263535102418 0.000340837815335959 0.000594829494417242 0.000655394445924273 0.000452080670852024 0.00062951068893858 0.000542362998666847 0.000840544769320229 0.000758551042316829 0.00102710392897508 0.000283147250072928 0.000485227301771569 0.000623560315781993 0.000274753733336821 0.00115495405590858 8.50804134643223e-05 0.000797476627226026 -0.00090765888321322 0.00138614529157869 0.00189478247153947 0.00134612267236273 0.000242336014372483 0.000451884918793678 0.000338322639561606 -0.000472077718100458 0.00051823458949704 0.00088025155557707 0.000863514116154222 0.000300315432957857
"EAMZYGO" 0.00142379978182488 0.00171599816007062 0.00112603753351069 0.00115652548027112 0.00116122747045482 0.000712640740929723 0.00285543941135595 -0.000188963310515813 0.000837281337287722 0.000242104171702069 0.00104057997141224 0.00104669173859233 0.00020888223428147 0.000714975003157784 0.000816899133602359 0.000814681862717446 0.000384836644168975 0.00133318401250478 0.00076943859201586 0.000633691929635105 0.000437802488677663 0.00236502319816516 0.000634541826629646 -0.00111817705871107 0.000872179215361167 0.00160111236528262 0.000790435188066142 0.000226002994776672 0.00152891420831103 0.000242336014372483 0.00429254600412031 0.00105813689657406 0.000655989663331125 2.77200161868744e-05 0.000828949037937577 0.00045940213610501 7.66488456017858e-05 0.0003558706357537
"ZYGOTSP" 0.00117618387883973 0.00268860868043373 0.00205777952278036 0.00226696783343778 0.00126271441529859 0.00105994783521302 -0.000560598007777866 6.6093462172735e-05 0.00120832524773452 0.00139072472277287 0.00155347251541468 0.000336217419272213 -0.0035517703452635 -2.30930260941088e-05 0.00538688638372729 0.00363191159446489 0.0012962428550231 0.00240698014036404 0.00666466200046336 0.00132041856562203 0.000461652265995049 0.00307031174960782 -0.000808982082061361 0.00243540096116545 0.002554832492183 0.00226349524687046 0.000608897878239188 0.00128963741882794 0.00228745080154269 0.000451884918793678 0.00105813689657406 0.00684520689708647 -0.000725294773716319 -0.000581094694565217 0.00020022459066125 -0.000214086562596766 0.00177787549496391 -0.000966150818791453
"LDAS" 0.00132634946014407 0.00100860113555995 0.00124376572798016 -0.000359153254524243 0.000618009491828873 0.000403826890647527 0.00172300064345713 -0.000527863291735513 0.000660152884363426 0.000822791282200673 0.00052941743994309 0.000901118750285087 0.000286396047176671 0.000929067006137017 0.00194497963302927 0.00110968396295191 0.00068087038833707 0.000647386309048864 0.000884933493472966 0.00134637421837717 4.6039967661149e-05 0.00166025658293578 -9.0529506756529e-05 0.000479663303427101 -0.00146270983766794 0.00190311897929669 -0.00162976442825456 0.00127465707027943 0.00162991852718674 0.000338322639561606 0.000655989663331125 -0.000725294773716319 0.00513037280871628 -0.00264532017726188 0.00378122449545411 -0.000412538407538723 -0.000252836378108642 0.00139620777634873
"BRLD" 0.000580828266738592 0.000707763117218537 0.000184358962177593 -0.00084153627384855 -0.00211818048280741 -0.00105096597080031 -0.0043146638048196 -0.00117917407355287 -0.00107856335439467 -0.00209204460177303 -0.000599773437644947 0.000599436418939721 0.00262151519005512 0.000995108668519766 -0.00469140918543681 -0.00232775658804643 -0.000795641231428151 -0.00108436265597242 -0.00254765883338807 0.000572492991702498 0.00177072058320784 -0.000120396777251051 0.00017633010056767 0.000172307241664052 0.00304737721750727 -0.00204617548883016 -0.0014940987053321 -0.00228362569411586 -0.00349409819379327 -0.000472077718100458 2.77200161868744e-05 -0.000581094694565217 -0.00264532017726188 0.0134325024681996 -0.003815251245535 0.00120791734725697 -0.000372422982825395 0.00108628920091427
"OPILD" 0.000998144771425897 -0.000313101124821779 0.000695579709782916 -0.000266784200958499 -2.14899349674657e-05 6.81720528169116e-05 0.00226532111712527 -0.000683457744855138 0.00032814648597269 0.000477334998909896 0.000385719363715984 0.000895142778532478 -0.00023436971551184 0.000996741479508721 0.00193712200974383 0.00105992476767537 0.000901944594708876 0.00159653684161523 0.00163787271846856 0.000427239029570754 0.000307359190487426 0.00172571300837399 0.000281109811459502 0.00130767640409197 -0.00102730347215775 0.00205312013326424 -0.00124268277330836 0.00134401842120176 0.00217538234191042 0.00051823458949704 0.000828949037937577 0.00020022459066125 0.00378122449545411 -0.003815251245535 0.00569393799992255 0.000171146586433766 0.000663142300644368 -0.00113269376051765
"PTAS" 0.000103953779122506 0.000282371665952808 -3.49933759562399e-05 0.00105015345945189 0.000494064313968447 -2.04298634321599e-05 -0.00158679078968619 0.00269187622631098 0.00117897611809439 0.00122300633892791 0.000818328260631515 0.000140617391288912 0.00163442164766468 0.000168037496691356 -0.0027879767693694 0.000241467281469856 0.00136997820984832 0.00327587542475092 0.00116072141217026 -0.00182528878416025 0.000385712908444605 -0.000130217125382073 0.000191233547136761 0.000668426888230447 0.000369842075187808 -0.000472522056120703 0.00224633311141976 -0.00040738270665038 -0.000994323035119091 0.00088025155557707 0.00045940213610501 -0.000214086562596766 -0.000412538407538723 0.00120791734725697 0.000171146586433766 0.00413805344510036 0.00200077746385859 0.000419668637724922
"JPAS" 0.000131207012714809 0.000929685248079578 0.000691938334382062 0.00143419180203565 0.000543664468966338 0.000325464598181771 0.00203328026814145 0.000963478069425586 0.000658822097005256 0.000901444603442892 0.00058321418653075 0.000217652300095759 7.06259684783876e-05 0.000183147800303977 0.000519464060363986 0.000922555356761159 0.00102467427348519 0.00211404353894153 0.00208994345311128 -0.000842740380878332 0.000356935537357971 0.00117520214005209 -0.000755545053030299 0.00214120966336224 0.000435027354494819 0.000898362804226902 0.00119442032126136 0.000821846227392482 0.000498436400002791 0.000863514116154222 7.66488456017858e-05 0.00177787549496391 -0.000252836378108642 -0.000372422982825395 0.000663142300644368 0.00200077746385859 0.00297955828672758 -3.75832097749046e-05
"BAOPI" 0.000443616873746347 0.0014737277028843 0.000164491427240653 -7.45785514325574e-06 0.000791258300183764 -0.000159326761430868 -0.000307513040437732 0.00164187257884476 0.00120419550954182 0.00107928990352049 0.000199334793826573 0.00083876146247041 0.00155138458559232 0.000654589395931209 -0.00039832053308608 0.00110245119601976 0.000920819621587198 0.000494788511999184 -9.1415677733905e-05 -0.000139176904157167 -5.56116471019095e-05 2.91810408500933e-05 -5.75371227731939e-05 -0.00100850244029209 -0.000287943455167399 -0.000239015691817789 -0.000686338490107275 0.000518324137369214 0.00134257131534479 0.000300315432957857 0.0003558706357537 -0.000966150818791453 0.00139620777634873 0.00108628920091427 -0.00113269376051765 0.000419668637724922 -3.75832097749046e-05 0.00503261495064216
