"" "ISPM" "ISNSL" "ISPNS" "PMZS" "PMZI" "PMMT" "NSLNA" "NSLZS" "NSLZI" "NABR" "NAFM" "NAPNS" "BRPT" "BRAPET" "PTFM" "PTAPET" "PTBA" "PTEAM" "PTZYGO" "FMZS" "FMMT" "ZSZI" "ZIMT" "ZIZYGO" "ZITSP" "MTPNS" "PNSAPET" "APETBA" "APETTS" "BAEAM" "EAMZYGO" "ZYGOTSP" "LDAS" "BRLD" "OPILD" "PTAS" "JPAS" "BAOPI"
"ISPM" 0.00392795107755792 0.00199871916598121 0.00170864521628756 0.00146551952794797 0.00104525101993801 0.00106784872768781 0.00133713332086956 0.00146031000572431 0.000946498535705931 0.000944829988474849 0.000805640390112858 0.00103306813976094 0.000498661721509682 0.000845869140252953 0.00145006887510057 0.00108053107903932 0.000623102647692859 0.000840792597741754 0.0010599686852135 0.00100142330604243 0.00152186885709183 0.000393315327912173 0.000804563797165283 0.000451847150423631 0.00132106847531256 0.000993602811014945 0.00181569423986653 0.000327617552310595 0.000630651315404919 0.000919607542354002 0.000775823139222405 0.00110114856433304 0.00104174488098459 -0.000115857986144952 0.00144583262616095 0.000461325369102718 0.00044566467074444 0.00013518776462502
"ISNSL" 0.00199871916598121 0.00588095819217434 0.0030467219495792 0.00410179268288132 0.00255973449287061 0.00111435626872447 -0.000917468824642917 0.00222906578191142 0.00169445036983584 0.000475097810938917 0.000860265025188868 0.00196579744550575 3.20849652065536e-05 0.000296057642957869 0.0028815935553156 0.000274473899198798 0.00036152325783056 0.00058146578383746 0.00136649664217025 0.000898545917643076 0.00205158227030756 0.000362271952219173 0.000461850037143466 0.00136697515489712 0.00118323946631559 0.0018952702235642 0.000973324276066438 0.00121853755298404 0.000869630284346818 0.00170941048459925 0.00171397297014251 0.00128707873746454 0.000594974633505285 -6.66643317148134e-05 0.000125378932524321 0.000386863098833019 0.000365940473253996 0.000424547953375916
"ISPNS" 0.00170864521628756 0.0030467219495792 0.00342869141218637 0.00271542280532998 0.00171868559766375 0.00117095533772932 3.78740451621357e-05 0.00123556753987191 0.000835294451409669 0.000503784453925055 0.000706321376353443 0.00186880191598416 0.000433480462528278 0.000601405315005613 0.00219218233919874 0.000241591357723991 0.000296082333522233 0.00021193468441814 0.000787603887500919 0.000604246398371338 0.00156663530001061 8.47129202672309e-05 0.00115365703981312 0.00165430954512386 0.00177543834889979 0.00127301723067265 -0.00090761572537045 0.000756212007866978 -5.55584741310924e-05 0.00118057209850876 0.00140286948927813 0.00141267566787688 0.00116654293635748 0.00026205881515998 0.000949792346079503 0.000260332486904352 0.000124659643903619 0.000536636437078117
"PMZS" 0.00146551952794797 0.00410179268288132 0.00271542280532998 0.00514920312184618 0.00322376578090179 0.00158754220999147 -0.00102976918144419 0.00242578211341574 0.00162308746291684 0.000899743596921625 0.00122050167588609 0.00149218060459928 6.33066126574246e-06 0.000483768335228406 0.00259852180935053 0.000127345943064626 0.000399416428819186 0.000664100258819573 0.00128779751910851 0.000353633017003635 0.00189799034000338 0.000409892509624534 0.000867615095147721 0.000761597843967361 0.00167173732679279 0.00169551187147073 0.00139757932894879 0.00187706707463632 0.00167941330549709 0.0016364048787544 0.00226940218058581 0.00184100355763346 0.000540185365348682 0.000118826847936061 0.000543168954092751 0.000570783491618358 0.000583165321738983 0.000228666416698066
"PMZI" 0.00104525101993801 0.00255973449287061 0.00171868559766375 0.00322376578090179 0.00362022145406119 0.00127289101773886 -0.000356875435482703 0.00227905496152892 0.00214089544976436 0.000367463619072697 0.001309653991328 0.00100817970119965 -0.000174748832063998 0.000119341915828648 0.000729840304162755 -0.000209238532085857 0.000164432583426746 0.000430904812172693 0.0001316897028585 0.000485131335162868 0.000809849957009866 0.0016447195633684 0.000211537932828049 -0.000217631184492766 -8.31170328662814e-05 0.00110604447970998 0.000715174785489156 0.00134415285686717 0.000719655186639099 0.0010899887835634 0.000144288320969847 0.000276555762455527 5.27187064009978e-05 0.000983887204933334 5.83320017233243e-05 0.000259412931942177 0.000190547981825469 0.000100742404892082
"PMMT" 0.00106784872768781 0.00111435626872447 0.00117095533772932 0.00158754220999147 0.00127289101773886 0.00134059589939838 8.77253379426964e-05 0.00103209711418122 0.000732902155982724 0.000333407312580719 0.000686392392856164 0.000618106489724891 0.000115604097754149 0.000270101761171849 0.00081317017463879 0.000307141288645753 0.000307441129622517 0.00012400688037882 0.000244187196813781 0.00026582053766364 0.00060230517503538 0.000371292246065646 0.000754868234973882 7.7707252775863e-05 0.000422256310569824 0.000672886581961465 0.000743525423715496 0.00066476432184836 0.000584215334174672 0.000789433958848695 0.000677412470675484 0.0005825065053433 0.000388947242078496 0.000283433121636108 0.000458838164407991 0.000139332361484421 0.000228498821463777 0.000386815275336912
"NSLNA" 0.00133713332086956 -0.000917468824642917 3.78740451621357e-05 -0.00102976918144419 -0.000356875435482703 8.77253379426964e-05 0.0214838678713347 -0.00122902524419567 -0.000142976975784207 -0.0023306906611699 -0.00163145464490786 0.00134497887441758 -0.000162231252198348 -0.000285390394786214 -0.000563825877554254 -0.000395195349885933 0.000128177473155095 0.00084880720038758 0.000899515528445781 0.000106488462553688 -0.00109806792638865 0.00122243986450909 -0.00105303422644711 -0.00105615076347921 0.00198685968936573 -0.000702099886593975 0.000670512413892163 6.08057861804278e-05 -0.000706906570955506 -0.00100703232782852 0.000725971213604896 0.00120589920115147 0.00227247504372823 -0.00106331602289646 0.00158933063995996 -1.20426513228228e-05 -0.000659419379333697 -0.000421179741493215
"NSLZS" 0.00146031000572431 0.00222906578191142 0.00123556753987191 0.00242578211341574 0.00227905496152892 0.00103209711418122 -0.00122902524419567 0.00453247263119876 0.0018211733408911 0.000636045134842601 0.00153077665958692 0.0012685919668782 0.000600267823877246 0.000597740036751227 0.000808562346347316 0.000199016993146753 0.00025747139007602 0.000320071551877377 -0.000262396716161209 -0.000467496825665041 0.000966922073614778 -0.00164491178522787 0.000291311108682283 -0.00112235231322721 0.000148932343216254 0.000833375223563095 0.00117610238832192 0.000718287104664152 0.00103177995988657 0.000947897480743024 0.000926637700263749 -0.000148295896158162 0.000899356334987186 0.00089237393480198 0.000510951153381672 0.00022248631786508 0.000294664842451925 0.000453544960891656
"NSLZI" 0.000946498535705931 0.00169445036983584 0.000835294451409669 0.00162308746291684 0.00214089544976436 0.000732902155982724 -0.000142976975784207 0.0018211733408911 0.00205694512292351 0.00031570879706966 0.000904893641136207 0.000977194042820625 0.000298839801435929 0.000129530376553646 0.000170175094734593 -0.000281799068334655 0.000217727255735137 0.000495825448933173 -0.000211343074610394 0.000194526096637032 0.000551194962029855 0.00208178182487509 0.000166342574474807 -0.000302045144729749 -0.000113580119057339 0.000923084682573388 0.000963380684127455 0.000849349174936486 0.000321389754300203 0.000924272055558701 -3.76017316791295e-05 -8.52914421962731e-05 0.000287760695895792 0.000455667185278563 0.000219857532276578 0.000343972541918307 0.000177334236119316 0.000130264096487538
"NABR" 0.000944829988474849 0.000475097810938917 0.000503784453925055 0.000899743596921625 0.000367463619072697 0.000333407312580719 -0.0023306906611699 0.000636045134842601 0.00031570879706966 0.00262130828615295 0.000844866426422949 0.000285268492440909 0.00171592624996793 0.00129472273515511 0.000860510978129425 0.000759907715429964 0.000703915585238223 0.00136052043905444 0.00129165619910659 0.000630522332017638 0.00116854621565088 7.1154780413854e-05 0.000392258563854499 0.00066739404020725 0.00198895054382091 0.000965215307230414 0.00112758693062308 0.00077919857574236 0.00106513667609117 0.000686514471559242 0.00131203812991315 0.00167474220867703 0.000910091641829983 -0.00155095854780881 0.000593125467862793 0.0011179517710625 0.000879145148722903 0.0012397578746584
"NAFM" 0.000805640390112858 0.000860265025188868 0.000706321376353443 0.00122050167588609 0.001309653991328 0.000686392392856164 -0.00163145464490786 0.00153077665958692 0.000904893641136207 0.000844866426422949 0.00159816368070443 0.000488575057018455 0.000504660061673687 0.000465243204086019 9.8970486516877e-06 0.000327215822823747 0.000324295352764223 0.000413386684566388 8.88592257062772e-05 0.000702102283912615 0.000526515619476094 0.000174838309667576 0.00025031529774009 0.000241109446037031 0.000702725146745558 0.000957646667205809 0.000743220960222602 0.00056949275133693 0.000901157347926409 0.000819924916566757 8.1876299199104e-05 6.15638003535926e-05 0.000603990222404494 0.000699120421079506 0.000669667690716474 0.00048284394072749 0.000205107467211205 0.000590723096540039
"NAPNS" 0.00103306813976094 0.00196579744550575 0.00186880191598416 0.00149218060459928 0.00100817970119965 0.000618106489724891 0.00134497887441758 0.0012685919668782 0.000977194042820625 0.000285268492440909 0.000488575057018455 0.00228990010904346 0.000386251300739617 0.000436356410235315 0.00141118493090189 0.000267101066471168 0.000395463687829366 0.000704921327092466 0.000628655097855658 0.000360641855011813 0.00122825287431361 0.000420693584969937 0.000694164429587026 0.00113119864761567 0.00112723769250413 0.000823502034932504 -0.000479055913202419 0.000558502182969427 -0.000181370162503687 0.000921677958936982 0.000880256166822048 0.000818293307610985 0.00106279305512792 -8.10042366020364e-05 0.000611067193909381 0.000390020355238907 5.34026032287869e-05 0.000642260236022563
"BRPT" 0.000498661721509682 3.20849652065536e-05 0.000433480462528278 6.33066126574246e-06 -0.000174748832063998 0.000115604097754149 -0.000162231252198348 0.000600267823877246 0.000298839801435929 0.00171592624996793 0.000504660061673687 0.000386251300739617 0.00428232883459588 0.00166798524000043 -0.00201633511158367 -0.00105902042701234 7.22490844005236e-05 -0.000132909802712273 -0.00231727917358261 -0.000283821343087464 0.000520441392360721 0.000318652598789723 0.000353601177822574 -0.000281248902365705 0.000810896239481222 0.000200723966882839 0.000395781857454048 -0.000170323587507402 0.000583970573189625 0.000310648519159908 0.000427235198968423 -0.000397466426814196 0.00164690840824186 -0.00119272812044147 0.000859830880440416 0.00115578643346587 0.000224888154066786 0.000944026998353619
"BRAPET" 0.000845869140252953 0.000296057642957869 0.000601405315005613 0.000483768335228406 0.000119341915828648 0.000270101761171849 -0.000285390394786214 0.000597740036751227 0.000129530376553646 0.00129472273515511 0.000465243204086019 0.000436356410235315 0.00166798524000043 0.00164451740627375 0.000515104373758268 0.000792533793584157 0.000710541071109126 0.000721340241122179 0.000714952425555024 7.88296016957832e-05 0.000811504547630275 -0.000165382708866303 0.000387437893608753 0.000203681705566762 0.00173530680020924 0.000572103584240021 0.000829106131229978 0.000372703816848308 0.000995602511675768 0.000580976026895575 0.000936459164127498 0.00108749339094854 0.000982159279674856 -0.000331580468857766 0.001187847042842 0.000698412798612892 0.000390191804129364 0.000486577726267285
"PTFM" 0.00145006887510057 0.0028815935553156 0.00219218233919874 0.00259852180935053 0.000729840304162755 0.00081317017463879 -0.000563825877554254 0.000808562346347316 0.000170175094734593 0.000860510978129425 9.8970486516877e-06 0.00141118493090189 -0.00201633511158367 0.000515104373758268 0.00918214200331315 0.00182307699646231 0.000279590037273022 -0.000382753771646483 0.00416847549876278 0.000110113249709243 0.00230837964532331 -0.00102250727138618 0.00153508715628557 0.00172122311198012 0.0035934858696397 0.00213999983272738 0.000797987412517818 0.0014882363585161 0.00047923523843485 0.0011848675644 0.00358311173315834 0.00389626451535483 0.000845658636375786 0.000256967411174525 0.00103978506781325 -0.000956047252829857 0.000122354908856348 -9.59480619690264e-05
"PTAPET" 0.00108053107903932 0.000274473899198798 0.000241591357723991 0.000127345943064626 -0.000209238532085857 0.000307141288645753 -0.000395195349885933 0.000199016993146753 -0.000281799068334655 0.000759907715429964 0.000327215822823747 0.000267101066471168 -0.00105902042701234 0.000792533793584157 0.00182307699646231 0.00328791282063963 0.00168051245492765 0.00237468834319349 0.00391142187606246 0.000793387369035298 0.00095208829659554 -0.000606875550065756 0.000364064414518681 0.000797582144872571 0.00166802158320311 0.000496152615451203 0.00173627827401886 -0.000144600437460546 0.000698474943648541 0.000633705069380228 0.000729523329591133 0.00237815669039951 5.12452241068659e-05 -0.000404309155685658 0.00142028341661005 0.000544041850500818 0.000612739649162825 0.000228864112987125
"PTBA" 0.000623102647692859 0.00036152325783056 0.000296082333522233 0.000399416428819186 0.000164432583426746 0.000307441129622517 0.000128177473155095 0.00025747139007602 0.000217727255735137 0.000703915585238223 0.000324295352764223 0.000395463687829366 7.22490844005236e-05 0.000710541071109126 0.000279590037273022 0.00168051245492765 0.00151954622049547 0.00203756038217073 0.0021099569779754 0.000550198252386033 0.000754467109823286 0.000345690153995848 0.000268946761140958 0.000721304720245271 0.00111737361847048 0.00056441628836137 0.00143296642177719 0.000693021336526566 0.00076512246260786 0.000966227373210575 0.000525985414797613 0.00157494022455528 0.00011881380792464 -0.00046880853893862 0.0010605698798222 0.000960942083459661 0.000670370137707641 0.00044063680356251
"PTEAM" 0.000840792597741754 0.00058146578383746 0.00021193468441814 0.000664100258819573 0.000430904812172693 0.00012400688037882 0.00084880720038758 0.000320071551877377 0.000495825448933173 0.00136052043905444 0.000413386684566388 0.000704921327092466 -0.000132909802712273 0.000721340241122179 -0.000382753771646483 0.00237468834319349 0.00203756038217073 0.00477335459624987 0.00422998352223238 0.000677233268351817 0.00105278540912521 0.000955974719215027 -2.54871735379262e-06 0.000625931320856046 0.00215783280049384 0.000834457860108133 0.00204609411027498 0.000473847601214297 0.00119388253488017 0.000885616009102286 0.00126335069723678 0.00298073066238226 3.73762038124512e-05 -0.00140301371407278 0.00124297360324868 0.00223566249840988 0.00152587898671876 0.000770483339154873
"PTZYGO" 0.0010599686852135 0.00136649664217025 0.000787603887500919 0.00128779751910851 0.0001316897028585 0.000244187196813781 0.000899515528445781 -0.000262396716161209 -0.000211343074610394 0.00129165619910659 8.88592257062772e-05 0.000628655097855658 -0.00231727917358261 0.000714952425555024 0.00416847549876278 0.00391142187606246 0.0021099569779754 0.00422998352223238 0.00866437401954907 0.00115885581869364 0.00166420071327065 -4.27997715644019e-05 0.000417710549339027 0.00214076984441979 0.00400773955884176 0.00121938506173064 0.00166266655596256 0.00120818183535217 0.00151056397652997 0.000708325336971717 0.00216469371703301 0.00596645482549887 -0.000397370149013281 -0.00149041153994355 0.000852219652130676 0.00108950924083848 0.00111721350206307 0.00047457919807853
"FMZS" 0.00100142330604243 0.000898545917643076 0.000604246398371338 0.000353633017003635 0.000485131335162868 0.00026582053766364 0.000106488462553688 -0.000467496825665041 0.000194526096637032 0.000630522332017638 0.000702102283912615 0.000360641855011813 -0.000283821343087464 7.88296016957832e-05 0.000110113249709243 0.000793387369035298 0.000550198252386033 0.000677233268351817 0.00115885581869364 0.00332514762282354 0.00131888965022075 0.000644765163705621 0.00039760527815832 0.00188671500632643 0.000976563233502202 0.000954532343487918 0.000389568374121478 0.000867823832569994 0.00107176551094081 0.00068245313893501 4.3908815317302e-05 0.000577941969894686 0.000511360805575767 0.000161955353534968 0.000205727754012101 0.000470728627389392 0.000392300173397228 0.00126572116945968
"FMMT" 0.00152186885709183 0.00205158227030756 0.00156663530001061 0.00189799034000338 0.000809849957009866 0.00060230517503538 -0.00109806792638865 0.000966922073614778 0.000551194962029855 0.00116854621565088 0.000526515619476094 0.00122825287431361 0.000520441392360721 0.000811504547630275 0.00230837964532331 0.00095208829659554 0.000754467109823286 0.00105278540912521 0.00166420071327065 0.00131888965022075 0.00286937914686616 9.36294365889961e-05 0.0016273969831344 0.00105553208011047 0.00237298329845742 0.00140216394793128 0.00113144375031346 0.000717339077773855 0.00137120493199325 0.00112587602202172 0.00189036571586508 0.00198342637584168 0.000718066832542218 -0.000673002633872408 0.00110912081661502 0.000767916619487712 0.000695823863095612 0.000589882882963852
"ZSZI" 0.000393315327912173 0.000362271952219173 8.47129202672309e-05 0.000409892509624534 0.0016447195633684 0.000371292246065646 0.00122243986450909 -0.00164491178522787 0.00208178182487509 7.1154780413854e-05 0.000174838309667576 0.000420693584969937 0.000318652598789723 -0.000165382708866303 -0.00102250727138618 -0.000606875550065756 0.000345690153995848 0.000955974719215027 -4.27997715644019e-05 0.000644765163705621 9.36294365889961e-05 0.00689339120357962 -0.000262192752889223 0.0007635803652509 -0.000194513981821573 0.000811887394369013 0.00116393551110058 0.000702413920907838 -0.00056040528051113 0.000862463561498101 -0.00147445553901796 0.000147038306610895 -0.000383837986128241 -0.000486243931655796 0.000249186000502883 0.000729436016478792 -4.28996364093295e-05 -0.000500111429666163
"ZIMT" 0.000804563797165283 0.000461850037143466 0.00115365703981312 0.000867615095147721 0.000211537932828049 0.000754868234973882 -0.00105303422644711 0.000291311108682283 0.000166342574474807 0.000392258563854499 0.00025031529774009 0.000694164429587026 0.000353601177822574 0.000387437893608753 0.00153508715628557 0.000364064414518681 0.000268946761140958 -2.54871735379262e-06 0.000417710549339027 0.00039760527815832 0.0016273969831344 -0.000262192752889223 0.00415673718164398 -0.000507842163592379 0.00146132151223215 0.000113361363942717 0.000144640290561805 -0.000353376418578168 0.000429732387919293 0.000604792940871804 0.00199589060750988 0.00153383482969256 0.000106911726431572 0.00117746449097519 0.000918019972706495 0.000311524738188791 0.000437447759291861 0.000295688772686876
"ZIZYGO" 0.000451847150423631 0.00136697515489712 0.00165430954512386 0.000761597843967361 -0.000217631184492766 7.7707252775863e-05 -0.00105615076347921 -0.00112235231322721 -0.000302045144729749 0.00066739404020725 0.000241109446037031 0.00113119864761567 -0.000281248902365705 0.000203681705566762 0.00172122311198012 0.000797582144872571 0.000721304720245271 0.000625931320856046 0.00214076984441979 0.00188671500632643 0.00105553208011047 0.0007635803652509 -0.000507842163592379 0.00778544597379283 0.00164979050263005 0.0012804431951303 -0.000193556531408145 0.00112902369453845 -0.000882658325528589 0.00104635293723017 -0.00179349506124639 0.00189258837014108 0.000808788446174901 -0.000864233890122609 0.000709041631937085 0.000522463504148921 6.39441072738056e-05 0.000696364842765587
"ZITSP" 0.00132106847531256 0.00118323946631559 0.00177543834889979 0.00167173732679279 -8.31170328662814e-05 0.000422256310569824 0.00198685968936573 0.000148932343216254 -0.000113580119057339 0.00198895054382091 0.000702725146745558 0.00112723769250413 0.000810896239481222 0.00173530680020924 0.0035934858696397 0.00166802158320311 0.00111737361847048 0.00215783280049384 0.00400773955884176 0.000976563233502202 0.00237298329845742 -0.000194513981821573 0.00146132151223215 0.00164979050263005 0.00985691195577596 0.00231598517264493 0.00170363739812465 0.000936892263199017 0.00288094929738725 0.00162914924649167 0.00431509545258386 0.00575660869404355 0.00136906416512263 -0.00107379978645238 0.00143627134883502 0.0014227272505378 0.00102876660366862 0.00232635818834282
"MTPNS" 0.000993602811014945 0.0018952702235642 0.00127301723067265 0.00169551187147073 0.00110604447970998 0.000672886581961465 -0.000702099886593975 0.000833375223563095 0.000923084682573388 0.000965215307230414 0.000957646667205809 0.000823502034932504 0.000200723966882839 0.000572103584240021 0.00213999983272738 0.000496152615451203 0.00056441628836137 0.000834457860108133 0.00121938506173064 0.000954532343487918 0.00140216394793128 0.000811887394369013 0.000113361363942717 0.0012804431951303 0.00231598517264493 0.00310360231101195 0.00142222994428757 0.00135520112918771 0.00142706240085778 0.00160204071961996 0.00168524261839315 0.00132617130152731 0.000820731731212102 -0.000133277862018424 0.00066708580680556 0.00069230735221353 0.000831378719851302 0.000935730924483245
"PNSAPET" 0.00181569423986653 0.000973324276066438 -0.00090761572537045 0.00139757932894879 0.000715174785489156 0.000743525423715496 0.000670512413892163 0.00117610238832192 0.000963380684127455 0.00112758693062308 0.000743220960222602 -0.000479055913202419 0.000395781857454048 0.000829106131229978 0.000797987412517818 0.00173627827401886 0.00143296642177719 0.00204609411027498 0.00166266655596256 0.000389568374121478 0.00113144375031346 0.00116393551110058 0.000144640290561805 -0.000193556531408145 0.00170363739812465 0.00142222994428757 0.00750201338346948 0.000146679611583452 0.000802293518001335 0.00160668793433198 0.00165461907210231 0.0016144966764304 0.000665107005544391 -0.000978707358165456 0.00162988436604341 0.00101606178363169 0.001326250192549 0.000777875780568409
"APETBA" 0.000327617552310595 0.00121853755298404 0.000756212007866978 0.00187706707463632 0.00134415285686717 0.00066476432184836 6.08057861804278e-05 0.000718287104664152 0.000849349174936486 0.00077919857574236 0.00056949275133693 0.000558502182969427 -0.000170323587507402 0.000372703816848308 0.0014882363585161 -0.000144600437460546 0.000693021336526566 0.000473847601214297 0.00120818183535217 0.000867823832569994 0.000717339077773855 0.000702413920907838 -0.000353376418578168 0.00112902369453845 0.000936892263199017 0.00135520112918771 0.000146679611583452 0.00343705943557314 0.00153691473722421 0.00118180089826227 0.000921826248447365 0.00127973640649277 -5.2234425297942e-05 -6.62274263372285e-05 -0.000371598025983272 0.00051596133150248 0.000391799406145984 0.000276540938189665
"APETTS" 0.000630651315404919 0.000869630284346818 -5.55584741310924e-05 0.00167941330549709 0.000719655186639099 0.000584215334174672 -0.000706906570955506 0.00103177995988657 0.000321389754300203 0.00106513667609117 0.000901157347926409 -0.000181370162503687 0.000583970573189625 0.000995602511675768 0.00047923523843485 0.000698474943648541 0.00076512246260786 0.00119388253488017 0.00151056397652997 0.00107176551094081 0.00137120493199325 -0.00056040528051113 0.000429732387919293 -0.000882658325528589 0.00288094929738725 0.00142706240085778 0.000802293518001335 0.00153691473722421 0.00742430424291943 0.00115775572512268 0.00191433389346943 0.000968599751971493 -0.000182825476881021 -2.51109215992469e-05 0.000337367308089178 0.00116976268961429 0.00106755683196136 0.000628453326105488
"BAEAM" 0.000919607542354002 0.00170941048459925 0.00118057209850876 0.0016364048787544 0.0010899887835634 0.000789433958848695 -0.00100703232782852 0.000947897480743024 0.000924272055558701 0.000686514471559242 0.000819924916566757 0.000921677958936982 0.000310648519159908 0.000580976026895575 0.0011848675644 0.000633705069380228 0.000966227373210575 0.000885616009102286 0.000708325336971717 0.00068245313893501 0.00112587602202172 0.000862463561498101 0.000604792940871804 0.00104635293723017 0.00162914924649167 0.00160204071961996 0.00160668793433198 0.00118180089826227 0.00115775572512268 0.00248185353257791 0.000871991360284261 0.00102185246470471 0.000630072016833724 -0.000341466632242166 0.000770965419003411 0.000784550724385815 0.00068397016947728 0.0013966354316636
"EAMZYGO" 0.000775823139222405 0.00171397297014251 0.00140286948927813 0.00226940218058581 0.000144288320969847 0.000677412470675484 0.000725971213604896 0.000926637700263749 -3.76017316791295e-05 0.00131203812991315 8.1876299199104e-05 0.000880256166822048 0.000427235198968423 0.000936459164127498 0.00358311173315834 0.000729523329591133 0.000525985414797613 0.00126335069723678 0.00216469371703301 4.3908815317302e-05 0.00189036571586508 -0.00147445553901796 0.00199589060750988 -0.00179349506124639 0.00431509545258386 0.00168524261839315 0.00165461907210231 0.000921826248447365 0.00191433389346943 0.000871991360284261 0.00662435390700143 0.00346657614320162 0.00127664683450949 -0.00104769470762302 0.000828279898491846 0.00074045150642959 0.00156172176372018 0.00128509316849021
"ZYGOTSP" 0.00110114856433304 0.00128707873746454 0.00141267566787688 0.00184100355763346 0.000276555762455527 0.0005825065053433 0.00120589920115147 -0.000148295896158162 -8.52914421962731e-05 0.00167474220867703 6.15638003535926e-05 0.000818293307610985 -0.000397466426814196 0.00108749339094854 0.00389626451535483 0.00237815669039951 0.00157494022455528 0.00298073066238226 0.00596645482549887 0.000577941969894686 0.00198342637584168 0.000147038306610895 0.00153383482969256 0.00189258837014108 0.00575660869404355 0.00132617130152731 0.0016144966764304 0.00127973640649277 0.000968599751971493 0.00102185246470471 0.00346657614320162 0.00731758734922456 -1.82073110850403e-06 -0.00149956616965288 0.000477075754791305 0.00127933371247725 0.000993035515505822 0.00131345151929324
"LDAS" 0.00104174488098459 0.000594974633505285 0.00116654293635748 0.000540185365348682 5.27187064009978e-05 0.000388947242078496 0.00227247504372823 0.000899356334987186 0.000287760695895792 0.000910091641829983 0.000603990222404494 0.00106279305512792 0.00164690840824186 0.000982159279674856 0.000845658636375786 5.12452241068659e-05 0.00011881380792464 3.73762038124512e-05 -0.000397370149013281 0.000511360805575767 0.000718066832542218 -0.000383837986128241 0.000106911726431572 0.000808788446174901 0.00136906416512263 0.000820731731212102 0.000665107005544391 -5.2234425297942e-05 -0.000182825476881021 0.000630072016833724 0.00127664683450949 -1.82073110850403e-06 0.00460835424664428 -0.00144229633373295 0.00307804035210369 0.000151116670781216 -0.000251096762000228 0.0013627400514661
"BRLD" -0.000115857986144952 -6.66643317148134e-05 0.00026205881515998 0.000118826847936061 0.000983887204933334 0.000283433121636108 -0.00106331602289646 0.00089237393480198 0.000455667185278563 -0.00155095854780881 0.000699120421079506 -8.10042366020364e-05 -0.00119272812044147 -0.000331580468857766 0.000256967411174525 -0.000404309155685658 -0.00046880853893862 -0.00140301371407278 -0.00149041153994355 0.000161955353534968 -0.000673002633872408 -0.000486243931655796 0.00117746449097519 -0.000864233890122609 -0.00107379978645238 -0.000133277862018424 -0.000978707358165456 -6.62274263372285e-05 -2.51109215992469e-05 -0.000341466632242166 -0.00104769470762302 -0.00149956616965288 -0.00144229633373295 0.00765953204482538 -0.000920617716293313 -0.000322842487324854 -0.000608784313402955 -0.00114318235954989
"OPILD" 0.00144583262616095 0.000125378932524321 0.000949792346079503 0.000543168954092751 5.83320017233243e-05 0.000458838164407991 0.00158933063995996 0.000510951153381672 0.000219857532276578 0.000593125467862793 0.000669667690716474 0.000611067193909381 0.000859830880440416 0.001187847042842 0.00103978506781325 0.00142028341661005 0.0010605698798222 0.00124297360324868 0.000852219652130676 0.000205727754012101 0.00110912081661502 0.000249186000502883 0.000918019972706495 0.000709041631937085 0.00143627134883502 0.00066708580680556 0.00162988436604341 -0.000371598025983272 0.000337367308089178 0.000770965419003411 0.000828279898491846 0.000477075754791305 0.00307804035210369 -0.000920617716293313 0.00585619944796779 0.00076861790204964 0.000820045589125888 -0.000861879160853256
"PTAS" 0.000461325369102718 0.000386863098833019 0.000260332486904352 0.000570783491618358 0.000259412931942177 0.000139332361484421 -1.20426513228228e-05 0.00022248631786508 0.000343972541918307 0.0011179517710625 0.00048284394072749 0.000390020355238907 0.00115578643346587 0.000698412798612892 -0.000956047252829857 0.000544041850500818 0.000960942083459661 0.00223566249840988 0.00108950924083848 0.000470728627389392 0.000767916619487712 0.000729436016478792 0.000311524738188791 0.000522463504148921 0.0014227272505378 0.00069230735221353 0.00101606178363169 0.00051596133150248 0.00116976268961429 0.000784550724385815 0.00074045150642959 0.00127933371247725 0.000151116670781216 -0.000322842487324854 0.00076861790204964 0.00199568694488817 0.00121132951535466 0.000763517269494552
"JPAS" 0.00044566467074444 0.000365940473253996 0.000124659643903619 0.000583165321738983 0.000190547981825469 0.000228498821463777 -0.000659419379333697 0.000294664842451925 0.000177334236119316 0.000879145148722903 0.000205107467211205 5.34026032287869e-05 0.000224888154066786 0.000390191804129364 0.000122354908856348 0.000612739649162825 0.000670370137707641 0.00152587898671876 0.00111721350206307 0.000392300173397228 0.000695823863095612 -4.28996364093295e-05 0.000437447759291861 6.39441072738056e-05 0.00102876660366862 0.000831378719851302 0.001326250192549 0.000391799406145984 0.00106755683196136 0.00068397016947728 0.00156172176372018 0.000993035515505822 -0.000251096762000228 -0.000608784313402955 0.000820045589125888 0.00121132951535466 0.00256869363239528 0.00104184663584759
"BAOPI" 0.00013518776462502 0.000424547953375916 0.000536636437078117 0.000228666416698066 0.000100742404892082 0.000386815275336912 -0.000421179741493215 0.000453544960891656 0.000130264096487538 0.0012397578746584 0.000590723096540039 0.000642260236022563 0.000944026998353619 0.000486577726267285 -9.59480619690264e-05 0.000228864112987125 0.00044063680356251 0.000770483339154873 0.00047457919807853 0.00126572116945968 0.000589882882963852 -0.000500111429666163 0.000295688772686876 0.000696364842765587 0.00232635818834282 0.000935730924483245 0.000777875780568409 0.000276540938189665 0.000628453326105488 0.0013966354316636 0.00128509316849021 0.00131345151929324 0.0013627400514661 -0.00114318235954989 -0.000861879160853256 0.000763517269494552 0.00104184663584759 0.00511517067816042
