"" "ISPM" "ISNSL" "ISPNS" "PMZS" "PMZI" "PMMT" "NSLNA" "NSLZS" "NSLZI" "NABR" "NAFM" "NAPNS" "BRPT" "BRAPET" "PTFM" "PTAPET" "PTBA" "PTEAM" "PTZYGO" "PTTSP" "FMZS" "FMMT" "ZSZI" "ZIMT" "ZIZYGO" "ZITSP" "MTPNS" "PNSAPET" "APETBA" "APETTS" "BAEAM" "EAMZYGO" "ZYGOTSP" "LDAS" "BRLD" "OPILD" "PTAS" "JPAS" "BAOPI"
"ISPM" 1.00545132833698 2.05161321015677 3.25472704205537 2.4673243386137 1.73951396925634 1.90584998100929 1.47881067924989 1.37169787592238 1.32615972740277 0.914059844534614 1.02677839394491 1.53046451112357 0.515161597990274 1.08159422076816 1.0152245520266 -0.0251067429024796 0.290948125974062 0.344964039367478 0.681076734217685 0.147160248073708 0.469066374150856 2.06783952074645 0.464915542678848 1.12440357197003 1.63821625612948 1.03727148101925 0.814631946071514 0.484331574538995 0.923772823317043 0.515130651272169 1.34549673820611 0.944116196205516 0.723684825997619 0.594165165993186 0.179526447209128 1.24333834414664 0.714811016254983 0.728370668905403 -0.0715583944822489
"ISNSL" 2.05161321015677 6.52462630012243 8.38273006984148 6.58743094816791 4.51910021373705 4.69162757591865 3.05977375267946 2.24704543737122 2.75806013788887 1.10954480622755 2.03250426532828 3.20384579003938 -0.0181424620832295 1.95723203601991 2.72601949397926 0.671284307795275 1.2365278151726 1.09423483390586 2.71856244120848 0.750188968677781 1.66762840786948 5.73052488749155 1.34379366487727 2.45696134180629 4.70971280729169 3.81888852749686 2.59316681703969 1.87316846933935 1.94448905374313 1.16632041568666 3.04625406503255 2.50713254804178 2.49293242037202 0.934227625798832 0.704926642065253 2.82498599545807 1.78575055689845 2.33847782844638 -0.219626416085306
"ISPNS" 3.25472704205537 8.38273006984148 13.8680677652535 10.5682814757632 7.58294123578718 7.92481293048223 5.75189142542624 4.2261502672971 5.08152240932038 2.55162481041761 3.95031784108769 5.9190017536248 -0.183566242400371 2.95678071485769 4.31347895928529 1.12102802661319 1.79396698483685 1.95947458186014 4.49639135588872 1.4831663585132 2.56982377081143 8.7884314263405 2.69263774876082 4.43609046674972 7.38488670979676 5.61637285996998 3.97996035692166 1.84859243047679 3.1243214513004 2.07883973600961 4.9518861455384 4.05430667092049 3.73982463170584 0.135695365420513 1.57612175200544 3.78464114811508 2.95262891552506 4.10996241244772 -0.589339859420315
"PMZS" 2.4673243386137 6.58743094816791 10.5682814757632 9.30609832200027 6.24326737793169 6.95580628955663 4.93705188830418 3.86421522767955 4.10633844369454 2.43187183846298 3.12514877576298 4.3579268447101 0.0186831312462883 2.74219353806002 3.47897925492378 1.14468510662252 1.3873693605846 1.58065836278914 3.58657699840567 1.02958096528219 1.8018791893372 6.85789843126796 2.08755075732183 3.50749658049783 6.12421211893692 4.23228793755867 2.94269738633789 1.82448866278671 2.59560756654986 1.78124103017536 3.97201248887552 2.9092305036083 3.01299861558636 0.346021741306272 0.974403378461522 3.19946865954761 2.47007751897638 3.60559073434899 -0.370255028373427
"PMZI" 1.73951396925634 4.51910021373705 7.58294123578718 6.24326737793169 5.4084277731139 5.25279472557596 3.22292054327921 2.70378900899926 3.70863321403434 2.08633600239989 2.54625587812969 3.06179516133129 0.377521780652361 2.1976635571219 1.9868081583062 0.526816060322057 1.22286654928565 1.28070606422953 2.26003698303297 0.815576792022414 1.29884755628233 4.44500620234124 1.86581810345879 2.27000547754964 3.32470025562048 1.98347023143869 2.17784752210104 0.908612957629222 2.4134618233278 1.46468766933187 2.76781003271094 1.59080170270353 1.75470269016388 -0.26171829880807 0.095867753958016 1.69432552547294 2.03667268000027 2.7182938254494 0.00231194506193824
"PMMT" 1.90584998100929 4.69162757591865 7.92481293048223 6.95580628955663 5.25279472557596 6.21024311515282 3.63780697320265 3.15078902287764 3.44867580624182 2.27701154220978 2.61976416533239 3.3763602390872 0.729562210218758 2.80827174252417 2.1664953140152 0.692378624172829 1.19555006495425 1.23076612671943 2.26200971752643 0.999272335353768 1.23402984787124 4.811563625211 1.55846510093057 2.96923738376626 3.86937291061104 2.35879177197679 1.88048579226483 1.05656020286491 2.49014546249925 1.64220197773714 3.3695585427019 2.09620931799796 1.66385188757736 0.626146724542407 -0.345032003479056 3.02909209903073 2.26372592725775 2.9404879784771 -0.104997382168926
"NSLNA" 1.47881067924989 3.05977375267946 5.75189142542624 4.93705188830418 3.22292054327921 3.63780697320265 5.10859565457485 2.77195285228803 2.77143263357572 0.844823205659042 1.39373751437163 2.33970808642993 -0.128445566466023 0.588474296965884 1.56591461287957 0.0302693350808867 0.331994684759245 1.11021822142175 1.57356116487759 0.0585455211370809 1.25464662982068 3.51135127011197 1.5026534440064 1.70398808441411 3.13283354205864 2.20852823791368 1.49123679988371 1.28104432623329 1.26264037196139 0.727678257649078 1.52905858541186 2.20560660786158 1.24899075102448 0.603174518085072 -2.0606332937398 1.98084978201823 1.23728616831993 0.728522270134093 -0.3451993012197
"NSLZS" 1.37169787592238 2.24704543737122 4.2261502672971 3.86421522767955 2.70378900899926 3.15078902287764 2.77195285228803 3.66095683857636 2.56028266320624 2.19434842024053 2.07009712368264 2.76695730534745 1.19902461807549 1.51024281687727 1.66607711176554 -0.2012484154854 0.521275231698279 0.637951114850216 0.526150577623468 0.0553796116977917 -0.21902088699714 2.35098423965008 0.131919796460871 1.47570519670101 2.34065287060972 0.968057700356176 0.754602134195823 0.878332138713552 1.84901417953532 1.0318537345546 2.05828277920849 1.31312429524622 0.429819252845196 1.12129460363533 -0.701115076705166 1.46452690326764 1.4401372504322 0.628408035224885 0.0982286050912378
"NSLZI" 1.32615972740277 2.75806013788887 5.08152240932038 4.10633844369454 3.70863321403434 3.44867580624182 2.77143263357572 2.56028266320624 3.40633902013802 2.20908305714102 1.98459721708605 2.51509056685519 0.632182514561846 1.1331433251699 1.25093197223206 -0.197441360443542 0.579371695340711 0.84356459813805 1.14038862500764 0.0866689691079674 0.788386937409122 2.92511829147956 1.68311698444348 1.37829737438153 1.87828260493998 1.17428130142483 1.27868971649636 0.619030651153583 1.66589035130225 0.921740706264195 1.63627190463726 1.41439095448168 1.04484320240037 0.0361222301613111 -1.00703110670231 0.93599582586803 1.58499440229678 1.08445470225964 0.155698535434167
"NABR" 0.914059844534614 1.10954480622755 2.55162481041761 2.43187183846298 2.08633600239989 2.27701154220978 0.844823205659042 2.19434842024053 2.20908305714102 4.38027916060296 2.05318201988781 2.22208104314077 2.13460654466441 1.96472577491832 0.522843414593308 -0.03263284305983 0.947589859863075 1.08234185957571 0.41619654633235 -0.0479731018055105 0.230930791322984 1.97169374897109 0.843637831925162 1.18310126524039 0.92861583371395 0.393334481663423 0.414094810447156 0.0289590482180151 1.57529930268585 0.833776424597639 1.84133786030873 1.01033188922393 0.299207952595892 0.777657160761329 -0.737696525690755 1.15315069339516 2.10468130424153 1.0034172707277 0.407652838312509
"NAFM" 1.02677839394491 2.03250426532828 3.95031784108769 3.12514877576298 2.54625587812969 2.61976416533239 1.39373751437163 2.07009712368264 1.98459721708605 2.05318201988781 2.04409087317049 2.31829106082705 0.653372683746523 1.15509145035169 1.39479722653906 0.0838304432132543 0.545536745639916 0.640349514356026 1.09476008656883 0.299348922660661 0.341651219632347 2.39852796507357 0.558540767970217 1.42465035529436 2.1980210531303 1.32065080181658 1.11191944455974 0.552747054275547 1.35098255981268 1.00407754603775 1.89201302892922 1.20181199606066 0.918080724202911 0.0302614763095673 0.178363450171048 0.87147700852578 1.29382275449577 1.39180091425915 -0.0446879368633236
"NAPNS" 1.53046451112357 3.20384579003938 5.9190017536248 4.3579268447101 3.06179516133129 3.3763602390872 2.33970808642993 2.76695730534745 2.51509056685519 2.22208104314077 2.31829106082705 4.52866364428125 0.528137210578208 1.65557557482837 2.19582990525549 0.879728207651933 1.11021220627382 0.658858017959829 1.51988555524229 0.866897749329368 0.424907376853193 4.0229147941918 0.584105764686857 2.24756923821952 3.09977971538671 1.98085508607132 1.47688797789222 0.154471845821794 1.49502805656741 1.24284754750377 2.44652407312381 1.63032744901056 1.24154284769273 0.88941317903101 0.883071751551831 1.92249934765581 1.35046188109151 1.56148694169091 0.00220183710269245
"BRPT" 0.515161597990274 -0.0181424620832295 -0.183566242400371 0.0186831312462883 0.377521780652361 0.729562210218758 -0.128445566466023 1.19902461807549 0.632182514561846 2.13460654466441 0.653372683746523 0.528137210578208 3.00959529601167 2.38263821047763 -0.741343481855603 -0.635209615458046 0.217800762059655 0.111961724254957 -1.26806983098603 -0.508266588728578 -0.480775226193603 -0.160607761457659 -0.416230634134383 0.124878872408148 -0.971460141169438 -1.04520461490695 -0.743579032639317 -0.261764316642035 0.993817063754218 0.160187576395735 0.744174984426603 -0.165784327812584 -0.844904745682893 1.78334487913762 0.311967550955526 0.935150516783353 1.01239370298572 -0.646737218857786 0.504373837825043
"BRAPET" 1.08159422076816 1.95723203601991 2.95678071485769 2.74219353806002 2.1976635571219 2.80827174252417 0.588474296965884 1.51024281687727 1.1331433251699 1.96472577491832 1.15509145035169 1.65557557482837 2.38263821047763 3.98236016093555 0.659684795031479 0.654211220241935 1.17530675448932 0.576079278908724 0.358384150284881 0.364188067259634 0.0845080629942909 2.08165585232556 -0.141263878900257 1.69344262350751 0.92938105393336 -0.0646788720089248 0.166652710798868 -0.319519241040986 1.87060660477206 0.767843516502032 2.31364174959915 0.125081885366657 0.417792485165904 1.87566353916451 1.60335295593991 2.64933800558639 1.02903071225201 1.51412734453686 0.0642691032714258
"PTFM" 1.0152245520266 2.72601949397926 4.31347895928529 3.47897925492378 1.9868081583062 2.1664953140152 1.56591461287957 1.66607711176554 1.25093197223206 0.522843414593308 1.39479722653906 2.19582990525549 -0.741343481855603 0.659684795031479 3.6127426301157 0.602063811368458 -0.0663860467097706 -0.936832345989122 1.19427321651808 -0.676302230320089 0.460024070527526 3.18110382024124 0.0732751730808771 2.06848342978518 3.68227824759361 1.73719969005669 1.49706558035726 0.6748078864363 1.16472475045418 1.25204642123356 2.06767239734387 1.02697907787585 1.90278283064575 0.421603551507321 1.2591197470516 1.42130902187937 -1.490313866662 1.57736353854116 -0.435245396088831
"PTAPET" -0.0251067429024796 0.671284307795275 1.12102802661319 1.14468510662252 0.526816060322057 0.692378624172829 0.0302693350808867 -0.2012484154854 -0.197441360443542 -0.03263284305983 0.0838304432132543 0.879728207651933 -0.635209615458046 0.654211220241935 0.602063811368458 1.86153067154367 1.36217416614713 0.481676873645368 1.23926323540599 0.80044916957021 0.176679869155039 1.00220666237256 -0.00648763074484249 0.453746476165108 0.70402510306627 0.775286037161514 0.464031566771722 -0.181729924371028 0.17542049461906 0.489197755955318 0.553405697685323 0.198811051491271 0.745279259332357 -0.131281247263126 1.03958776461128 0.457556855120459 0.18209030242747 1.33173889189888 -0.0488934494519102
"PTBA" 0.290948125974062 1.2365278151726 1.79396698483685 1.3873693605846 1.22286654928565 1.19555006495425 0.331994684759245 0.521275231698279 0.579371695340711 0.947589859863075 0.545536745639916 1.11021220627382 0.217800762059655 1.17530675448932 -0.0663860467097706 1.36217416614713 2.45748528223185 1.93392467549306 1.60091392595469 1.37717385633766 0.216122713136961 1.54413645160886 0.194517331239797 0.663352219124818 0.693698440372182 1.26261424605967 0.597890501163903 0.0876894232269178 1.19694913464718 0.50284189942449 1.34348371879944 0.744586524309886 0.46749435686394 0.63561788028398 -0.619409314205243 1.28358934726372 2.25401949270514 1.33164022031156 0.24566961869051
"PTEAM" 0.344964039367478 1.09423483390586 1.95947458186014 1.58065836278914 1.28070606422953 1.23076612671943 1.11021822142175 0.637951114850216 0.84356459813805 1.08234185957571 0.640349514356026 0.658858017959829 0.111961724254957 0.576079278908724 -0.936832345989122 0.481676873645368 1.93392467549306 3.40854717194745 2.38575865602705 2.13697598699724 0.550247229068611 1.80533116899237 0.922566989409509 0.571940177802514 0.745365716057309 2.02636914653711 0.902938892328131 0.785634292836835 0.581394350853009 -0.134916884686237 1.07467425762772 1.71387506652903 0.55172644307315 0.254177583712618 -1.40885151783155 1.38869962917743 3.99581241360665 1.02014089107157 -0.181404135493642
"PTZYGO" 0.681076734217685 2.71856244120848 4.49639135588872 3.58657699840567 2.26003698303297 2.26200971752643 1.57356116487759 0.526150577623468 1.14038862500764 0.41619654633235 1.09476008656883 1.51988555524229 -1.26806983098603 0.358384150284881 1.19427321651808 1.23926323540599 1.60091392595469 2.38575865602705 3.64157359707538 1.9221660803046 1.20650033805729 3.66998214821001 1.29960984442647 1.75808826627872 3.12302667781221 3.52563102353707 1.94899631790271 1.02334615416436 0.597255375651318 0.508145961591025 1.90794520909394 2.14823219061192 2.33128775057614 -0.494467597722985 0.273414100981444 1.53666918802274 2.3356813419072 2.39546035633857 -0.572131112211305
"PTTSP" 0.147160248073708 0.750188968677781 1.4831663585132 1.02958096528219 0.815576792022414 0.999272335353768 0.0585455211370809 0.0553796116977917 0.0866689691079674 -0.0479731018055105 0.299348922660661 0.866897749329368 -0.508266588728578 0.364188067259634 -0.676302230320089 0.80044916957021 1.37717385633766 2.13697598699724 1.9221660803046 3.29131113648912 0.0290676957472944 1.15223256211561 0.239957498496759 0.786667147175942 0.570623689500716 1.32396748862445 0.928433165456228 0.0844475731857626 -0.0124181277471832 -0.24568062213128 0.853651496583066 0.502005485757417 0.125769634368868 -0.317110372642396 0.551111201714977 0.91794868631558 2.49327008988675 1.19892940273264 -0.0536163587665842
"FMZS" 0.469066374150856 1.66762840786948 2.56982377081143 1.8018791893372 1.29884755628233 1.23402984787124 1.25464662982068 -0.21902088699714 0.788386937409122 0.230930791322984 0.341651219632347 0.424907376853193 -0.480775226193603 0.0845080629942909 0.460024070527526 0.176679869155039 0.216122713136961 0.550247229068611 1.20650033805729 0.0290676957472944 1.41118509116922 2.04788967500568 1.19884036496552 0.746230586511589 1.37120425184506 1.49624135052265 0.910614215887152 0.396202889307234 0.242683966046966 0.202937252288382 0.594648246962357 1.0881991810686 1.03565933770984 -0.415577752678926 -0.126015919518696 0.520113103336972 0.511982681880176 0.808641583046978 -0.204246992642754
"FMMT" 2.06783952074645 5.73052488749155 8.7884314263405 6.85789843126796 4.44500620234124 4.811563625211 3.51135127011197 2.35098423965008 2.92511829147956 1.97169374897109 2.39852796507357 4.0229147941918 -0.160607761457659 2.08165585232556 3.18110382024124 1.00220666237256 1.54413645160886 1.80533116899237 3.66998214821001 1.15223256211561 2.04788967500568 7.07451232366032 1.78189128806733 3.54608660916593 5.59222411075237 4.56224949179051 2.9151010676421 1.28974115039247 2.03896486719038 1.47750056022356 3.78099675109128 3.04730040939917 3.10815099904522 0.926749125654018 1.03559008197475 3.34084559971056 2.28149977710591 2.95847005080325 -0.476698536111346
"ZSZI" 0.464915542678848 1.34379366487727 2.69263774876082 2.08755075732183 1.86581810345879 1.55846510093057 1.5026534440064 0.131919796460871 1.68311698444348 0.843637831925162 0.558540767970217 0.584105764686857 -0.416230634134383 -0.141263878900257 0.0732751730808771 -0.00648763074484249 0.194517331239797 0.922566989409509 1.29960984442647 0.239957498496759 1.19884036496552 1.78189128806733 2.10076836899172 0.437589759088215 0.737081146818424 1.35683741864566 0.98342529221367 0.368706326903341 0.0983577607548531 0.0502918477055039 0.212975689486553 1.19004268753165 1.01129806560577 -0.907072280825342 -0.577862087432369 0.170578591893286 1.30419816199823 0.692437562423245 -0.0682176938370679
"ZIMT" 1.12440357197003 2.45696134180629 4.43609046674972 3.50749658049783 2.27000547754964 2.96923738376626 1.70398808441411 1.47570519670101 1.37829737438153 1.18310126524039 1.42465035529436 2.24756923821952 0.124878872408148 1.69344262350751 2.06848342978518 0.453746476165108 0.663352219124818 0.571940177802514 1.75808826627872 0.786667147175942 0.746230586511589 3.54608660916593 0.437589759088215 2.97621292604627 3.23711159113343 1.82030589302717 1.24847703764404 0.124919268691562 1.53548153975198 1.12883589330557 2.74709960535144 1.31819996626898 1.6201343193638 0.948435639186338 -0.0376877994704798 2.95607535295931 0.394289510260321 2.06214839917053 -0.465558140389523
"ZIZYGO" 1.63821625612948 4.70971280729169 7.38488670979676 6.12421211893692 3.32470025562048 3.86937291061104 3.13283354205864 2.34065287060972 1.87828260493998 0.92861583371395 2.1980210531303 3.09977971538671 -0.971460141169438 0.92938105393336 3.68227824759361 0.70402510306627 0.693698440372182 0.745365716057309 3.12302667781221 0.570623689500716 1.37120425184506 5.59222411075237 0.737081146818424 3.23711159113343 6.75950948517138 4.46232833671007 2.54214712390798 1.76520258502766 1.64353412928149 1.45309532570216 3.40601759054067 1.99802278242969 2.82960568580867 0.420043592647932 0.997015662237605 2.65969067428168 0.681417602464891 2.65605556964799 -0.838115303510934
"ZITSP" 1.03727148101925 3.81888852749686 5.61637285996998 4.23228793755867 1.98347023143869 2.35879177197679 2.20852823791368 0.968057700356176 1.17428130142483 0.393334481663423 1.32065080181658 1.98085508607132 -1.04520461490695 -0.0646788720089248 1.73719969005669 0.775286037161514 1.26261424605967 2.02636914653711 3.52563102353707 1.32396748862445 1.49624135052265 4.56224949179051 1.35683741864566 1.82030589302717 4.46232833671007 5.67201444178787 2.1654248915856 1.89043260090575 0.332249808644004 0.449646395350589 2.15391396549134 3.21084594941563 2.71080790104117 0.0611014512278284 0.803376813569471 1.88162080838265 2.60240506792711 1.68572044809976 -0.313613772728031
"MTPNS" 0.814631946071514 2.59316681703969 3.97996035692166 2.94269738633789 2.17784752210104 1.88048579226483 1.49123679988371 0.754602134195823 1.27868971649636 0.414094810447156 1.11191944455974 1.47688797789222 -0.743579032639317 0.166652710798868 1.49706558035726 0.464031566771722 0.597890501163903 0.902938892328131 1.94899631790271 0.928433165456228 0.910614215887152 2.9151010676421 0.98342529221367 1.24847703764404 2.54214712390798 2.1654248915856 1.91422103929377 0.921059036133316 0.629509498339551 0.56676929310626 1.32457666495539 1.28674248469928 1.49065690480221 -0.403009372613313 0.72318088219726 0.744064457971111 1.00845075395651 1.42266229470227 -0.283587100398498
"PNSAPET" 0.484331574538995 1.87316846933935 1.84859243047679 1.82448866278671 0.908612957629222 1.05656020286491 1.28104432623329 0.878332138713552 0.619030651153583 0.0289590482180151 0.552747054275547 0.154471845821794 -0.261764316642035 -0.319519241040986 0.6748078864363 -0.181729924371028 0.0876894232269178 0.785634292836835 1.02334615416436 0.0844475731857626 0.396202889307234 1.28974115039247 0.368706326903341 0.124919268691562 1.76520258502766 1.89043260090575 0.921059036133316 1.89516101539875 0.0806333683521568 0.0992261201950514 0.573066669481075 1.28164495899058 0.747682843220673 0.350856166573233 -0.88709888300358 0.604327066101866 1.21140880826827 0.211221594583298 -0.128483219349643
"APETBA" 0.923772823317043 1.94448905374313 3.1243214513004 2.59560756654986 2.4134618233278 2.49014546249925 1.26264037196139 1.84901417953532 1.66589035130225 1.57529930268585 1.35098255981268 1.49502805656741 0.993817063754218 1.87060660477206 1.16472475045418 0.17542049461906 1.19694913464718 0.581394350853009 0.597255375651318 -0.0124181277471832 0.242683966046966 2.03896486719038 0.0983577607548531 1.53548153975198 1.64353412928149 0.332249808644004 0.629509498339551 0.0806333683521568 2.3053725887596 1.1712710630802 2.12194340499387 0.464748634599187 0.49260678891366 0.945638580623484 -0.873288458012611 1.58903391292279 0.837100402436302 1.29292383575678 0.0951409941952485
"APETTS" 0.515130651272169 1.16632041568666 2.07883973600961 1.78124103017536 1.46468766933187 1.64220197773714 0.727678257649078 1.0318537345546 0.921740706264195 0.833776424597639 1.00407754603775 1.24284754750377 0.160187576395735 0.767843516502032 1.25204642123356 0.489197755955318 0.50284189942449 -0.134916884686237 0.508145961591025 -0.24568062213128 0.202937252288382 1.47750056022356 0.0502918477055039 1.12883589330557 1.45309532570216 0.449646395350589 0.56676929310626 0.0992261201950514 1.1712710630802 1.2409993506463 1.36109409495561 0.374538679357564 0.725411550186644 0.141405163900904 -0.666213427830225 0.768664475201812 -0.120234855138707 1.25160300614758 -0.0885521896245114
"BAEAM" 1.34549673820611 3.04625406503255 4.9518861455384 3.97201248887552 2.76781003271094 3.3695585427019 1.52905858541186 2.05828277920849 1.63627190463726 1.84133786030873 1.89201302892922 2.44652407312381 0.744174984426603 2.31364174959915 2.06767239734387 0.553405697685323 1.34348371879944 1.07467425762772 1.90794520909394 0.853651496583066 0.594648246962357 3.78099675109128 0.212975689486553 2.74709960535144 3.40601759054067 2.15391396549134 1.32457666495539 0.573066669481075 2.12194340499387 1.36109409495561 3.37194780567272 1.4097745208373 1.55313117142728 1.14896599291918 -0.165578576902548 2.86281112572287 1.39188984004225 2.44423893496279 -0.138211361370917
"EAMZYGO" 0.944116196205516 2.50713254804178 4.05430667092049 2.9092305036083 1.59080170270353 2.09620931799796 2.20560660786158 1.31312429524622 1.41439095448168 1.01033188922393 1.20181199606066 1.63032744901056 -0.165784327812584 0.125081885366657 1.02697907787585 0.198811051491271 0.744586524309886 1.71387506652903 2.14823219061192 0.502005485757417 1.0881991810686 3.04730040939917 1.19004268753165 1.31819996626898 1.99802278242969 3.21084594941563 1.28674248469928 1.28164495899058 0.464748634599187 0.374538679357564 1.4097745208373 3.46497868217125 1.60013175744135 0.528326931910676 -0.939512248307657 1.85096215169614 2.26834982455543 0.639950532486375 -0.387809736544184
"ZYGOTSP" 0.723684825997619 2.49293242037202 3.73982463170584 3.01299861558636 1.75470269016388 1.66385188757736 1.24899075102448 0.429819252845196 1.04484320240037 0.299207952595892 0.918080724202911 1.24154284769273 -0.844904745682893 0.417792485165904 1.90278283064575 0.745279259332357 0.46749435686394 0.55172644307315 2.33128775057614 0.125769634368868 1.03565933770984 3.10815099904522 1.01129806560577 1.6201343193638 2.82960568580867 2.71080790104117 1.49065690480221 0.747682843220673 0.49260678891366 0.725411550186644 1.55313117142728 1.60013175744135 2.51958661480204 -0.165946129359021 0.689004912965451 1.26523986945507 0.168008913876719 1.82089628848846 -0.48082792164378
"LDAS" 0.594165165993186 0.934227625798832 0.135695365420513 0.346021741306272 -0.26171829880807 0.626146724542407 0.603174518085072 1.12129460363533 0.0361222301613111 0.777657160761329 0.0302614763095673 0.88941317903101 1.78334487913762 1.87566353916451 0.421603551507321 -0.131281247263126 0.63561788028398 0.254177583712618 -0.494467597722985 -0.317110372642396 -0.415577752678926 0.926749125654018 -0.907072280825342 0.948435639186338 0.420043592647932 0.0611014512278284 -0.403009372613313 0.350856166573233 0.945638580623484 0.141405163900904 1.14896599291918 0.528326931910676 -0.165946129359021 3.69134788708345 -1.19915526460206 3.29715315047483 0.409505229251194 -0.599809502676078 0.0836233887531158
"BRLD" 0.179526447209128 0.704926642065253 1.57612175200544 0.974403378461522 0.095867753958016 -0.345032003479056 -2.0606332937398 -0.701115076705166 -1.00703110670231 -0.737696525690755 0.178363450171048 0.883071751551831 0.311967550955526 1.60335295593991 1.2591197470516 1.03958776461128 -0.619409314205243 -1.40885151783155 0.273414100981444 0.551111201714977 -0.126015919518696 1.03559008197475 -0.577862087432369 -0.0376877994704798 0.997015662237605 0.803376813569471 0.72318088219726 -0.88709888300358 -0.873288458012611 -0.666213427830225 -0.165578576902548 -0.939512248307657 0.689004912965451 -1.19915526460206 12.5003103582084 -2.76150098769307 -0.912582245380296 -0.0404491542789835 0.441469092241091
"OPILD" 1.24333834414664 2.82498599545807 3.78464114811508 3.19946865954761 1.69432552547294 3.02909209903073 1.98084978201823 1.46452690326764 0.93599582586803 1.15315069339516 0.87147700852578 1.92249934765581 0.935150516783353 2.64933800558639 1.42130902187937 0.457556855120459 1.28358934726372 1.38869962917743 1.53666918802274 0.91794868631558 0.520113103336972 3.34084559971056 0.170578591893286 2.95607535295931 2.65969067428168 1.88162080838265 0.744064457971111 0.604327066101866 1.58903391292279 0.768664475201812 2.86281112572287 1.85096215169614 1.26523986945507 3.29715315047483 -2.76150098769307 6.04313394560705 1.10884450115246 1.71595740400377 -0.840971174507734
"PTAS" 0.714811016254983 1.78575055689845 2.95262891552506 2.47007751897638 2.03667268000027 2.26372592725775 1.23728616831993 1.4401372504322 1.58499440229678 2.10468130424153 1.29382275449577 1.35046188109151 1.01239370298572 1.02903071225201 -1.490313866662 0.18209030242747 2.25401949270514 3.99581241360665 2.3356813419072 2.49327008988675 0.511982681880176 2.28149977710591 1.30419816199823 0.394289510260321 0.681417602464891 2.60240506792711 1.00845075395651 1.21140880826827 0.837100402436302 -0.120234855138707 1.39188984004225 2.26834982455543 0.168008913876719 0.409505229251194 -0.912582245380296 1.10884450115246 6.02063478644078 0.901301347821154 0.411901524901219
"JPAS" 0.728370668905403 2.33847782844638 4.10996241244772 3.60559073434899 2.7182938254494 2.9404879784771 0.728522270134093 0.628408035224885 1.08445470225964 1.0034172707277 1.39180091425915 1.56148694169091 -0.646737218857786 1.51412734453686 1.57736353854116 1.33173889189888 1.33164022031156 1.02014089107157 2.39546035633857 1.19892940273264 0.808641583046978 2.95847005080325 0.692437562423245 2.06214839917053 2.65605556964799 1.68572044809976 1.42266229470227 0.211221594583298 1.29292383575678 1.25160300614758 2.44423893496279 0.639950532486375 1.82089628848846 -0.599809502676078 -0.0404491542789835 1.71595740400377 0.901301347821154 3.49111736930991 -0.302019943441204
"BAOPI" -0.0715583944822489 -0.219626416085306 -0.589339859420315 -0.370255028373427 0.00231194506193824 -0.104997382168926 -0.3451993012197 0.0982286050912378 0.155698535434167 0.407652838312509 -0.0446879368633236 0.00220183710269245 0.504373837825043 0.0642691032714258 -0.435245396088831 -0.0488934494519102 0.24566961869051 -0.181404135493642 -0.572131112211305 -0.0536163587665842 -0.204246992642754 -0.476698536111346 -0.0682176938370679 -0.465558140389523 -0.838115303510934 -0.313613772728031 -0.283587100398498 -0.128483219349643 0.0951409941952485 -0.0885521896245114 -0.138211361370917 -0.387809736544184 -0.48082792164378 0.0836233887531158 0.441469092241091 -0.840971174507734 0.411901524901219 -0.302019943441204 1.02066657337068
