"" "ISPM" "ISNSL" "ISPNS" "PMZS" "PMZI" "PMMT" "NSLNA" "NSLZS" "NSLZI" "NABR" "NAFM" "NAPNS" "BRPT" "BRAPET" "PTFM" "PTAPET" "PTBA" "PTEAM" "PTZYGO" "PTTSP" "FMZS" "FMMT" "ZSZI" "ZIMT" "ZIZYGO" "ZITSP" "MTPNS" "PNSAPET" "APETBA" "APETTS" "BAEAM" "EAMZYGO" "ZYGOTSP" "LDAS" "BRLD" "OPILD" "PTAS" "JPAS" "BAOPI"
"ISPM" 0.507900112313974 1.14729575874747 1.3097979970136 0.738370784269215 0.702428113439969 0.389818493612761 0.0399577144405143 0.22031394438316 0.54622780529649 0.162823416362003 0.109792753262695 -0.00888696028525933 0.030320672317109 0.257639953887372 0.333814175746408 0.180028674677671 0.340978883261363 0.0358012629696266 0.164397306018052 0.0857882859924655 0.266338256990022 0.640093885059582 0.331528628572585 0.000154598873010551 -0.137285588109191 0.569171171879109 0.569992214928622 0.278069163936149 0.364347744736247 0.187615769865948 0.352629554253625 0.652983435571897 -0.0357488521916423 0.30758782528731 0.0569324319240023 0.182477895003529 -0.145560176676103 -0.0815978643772744 0.0233903442517953
"ISNSL" 1.14729575874747 6.55923129835181 4.81553650226962 3.49351729754792 3.79494605846885 0.784427699985904 -0.49201290603566 0.365609577426556 2.14090791726631 0.899558133514381 0.280185438326582 -0.0104305111673518 -0.0314231615278021 -0.0579869545241716 1.15955106694032 0.486594231804049 1.00199763523358 -0.211784476428634 0.125403002221586 -0.127194282171544 1.47269101443546 2.39182763581984 1.07324439659088 -0.304163075933691 -0.497817595879376 1.17436643771709 2.74645693389015 1.58724873696252 0.673743065557985 0.521439668347626 0.59912426837017 1.09825766711878 -0.439924460249682 0.956570991282797 -0.904661166516022 0.471833819596787 -0.641693181995918 -0.548901289088947 0.0457238407006338
"ISPNS" 1.3097979970136 4.81553650226962 7.34070211592875 3.74930097588861 3.65367729248331 1.55278269847989 -0.325681141243316 1.30436841781999 2.72144448231355 2.52779548675844 0.771094180564281 1.71382270655456 0.208931528969936 1.37093338003984 1.8124493821151 0.721729800088481 1.78270551514507 0.523355172543584 1.54120386806308 0.419449688161871 0.703332102941647 2.91938854629695 1.45633710263503 -0.0492454059992139 0.853484795605171 4.03058267486706 3.52093297411532 0.196567235179642 1.56479434988788 1.21695561016138 1.53776626993792 1.8787182254853 0.464541917488708 0.922090068436767 -0.534079001224908 0.84623096095996 0.165318630791386 -0.0468820592095845 0.364632386161956
"PMZS" 0.738370784269215 3.49351729754792 3.74930097588861 3.80229056669539 3.02197354938678 1.64800622996533 1.10427606785972 1.17318430118493 1.74111280091098 1.25107050861466 0.465716725764083 0.712395562517821 -0.271839445123679 0.60156083327403 1.71536100835145 0.366141540553412 0.659267275010834 -0.134504536392384 1.06848321460891 -0.0775338328987352 0.479255681117858 2.24355159491272 0.959602954329438 0.0692798307510251 0.946638669117835 1.74275351807464 2.13117265165153 0.922418089897615 1.20269520932392 0.926460844515626 1.05784697390097 0.712664949545747 0.976664905590259 0.196759817367695 -0.860202740051208 0.112586660012576 -0.581343979304614 -0.34665811666605 0.206940717549352
"PMZI" 0.702428113439969 3.79494605846885 3.65367729248331 3.02197354938678 4.03329754481753 1.1927170127275 -0.00854797576107303 0.543552763050227 2.57425513927198 1.46274732292556 0.383487085409527 0.180868700303663 0.418607421094077 0.848199151447333 1.64990007663835 0.438122268629222 0.645719627304569 -0.609277894228982 0.51578536346223 -0.289734855256091 1.02296286422219 2.16411505714132 1.64315079854421 -0.226928431695619 -0.516787656066045 0.922774066684033 2.55645269335094 1.39758608977307 0.485785485435573 0.712877036286955 0.84699796726949 0.605345376032253 0.573162540646085 0.322887796048002 -0.245705700928936 0.451947651938898 -0.469944903278386 0.280415369695606 0.443002875019545
"PMMT" 0.389818493612761 0.784427699985904 1.55278269847989 1.64800622996533 1.1927170127275 1.66517723961497 0.778415354746449 0.726252439488167 0.858589385462164 0.499626161043839 0.139227550266252 0.330860419372788 -0.0676723421314632 0.175517194264167 0.632344757324585 0.148269814946096 0.430386802049359 0.245776985388673 0.737322426127197 0.0739643144078676 -0.0787508260965821 0.712183974518345 0.606178140981372 0.403517949360728 0.284126743172683 1.11701555662412 0.224739443277963 0.422016645375425 0.818567841943116 0.287029333744866 0.45748456086156 0.938960862918685 0.784962108587611 0.108728030573864 -0.769309383266335 -0.168677173577948 0.0263608959177367 0.0108228580517126 0.309562981160394
"NSLNA" 0.0399577144405143 -0.49201290603566 -0.325681141243316 1.10427606785972 -0.00854797576107303 0.778415354746449 4.75028260234956 0.311111345194948 -0.020915656704563 -1.88491481651671 0.126653104249818 1.319490449361 -0.669549654738594 -0.241828258757881 0.740292392518413 0.163691720287329 0.0730549808925194 0.852772020784122 0.847323092687792 0.494829470150577 0.502209876359605 1.15035330194666 0.310999682076479 0.697259083689132 1.45642031543282 1.11665793944802 0.104436707213292 0.555073219134383 0.79604373063732 0.284734767930404 0.837328918721035 1.25714200007232 0.712772422108899 -0.468351592466672 -0.696005261703279 -0.24450803393162 0.794022416341458 -0.388586661555119 0.286285412253184
"NSLZS" 0.22031394438316 0.365609577426556 1.30436841781999 1.17318430118493 0.543552763050227 0.726252439488167 0.311111345194948 1.49125267624391 0.751205553754647 1.4477806902474 0.439173475238254 0.406361251194571 0.0771717769104415 0.4393855630038 0.500115909866758 0.198990385649966 0.37870500597402 0.306201790062309 0.928529883281017 -0.239221733892601 -0.669096506638241 0.366355563839223 -0.210348998997022 0.104153908219518 0.654437131804146 0.981923985753697 0.453299545882272 0.0120043309266001 0.577509683021729 0.461462102075881 0.616241785371667 0.215196916730553 1.06955814329572 0.293845916829442 -0.285935206415975 0.086428991719623 0.145748637234774 -0.139885926790114 -0.00464303114250214
"NSLZI" 0.54622780529649 2.14090791726631 2.72144448231355 1.74111280091098 2.57425513927198 0.858589385462164 -0.020915656704563 0.751205553754647 2.53431459978834 1.5070681695646 0.539488225530902 0.714343026939181 0.305210183033932 0.70443707952072 1.32965812939105 0.526458669025802 0.724734713678737 -0.151471230208297 0.838365556590146 -0.408521163827026 0.605050750329489 1.76719441653696 1.54239668774564 0.122901785914998 -0.395027527023473 1.459669297266 1.93789216216198 0.908419572459903 0.441216406680951 0.535390674009472 0.953953186336227 0.872219510707908 0.941281558922413 0.250829833729691 -0.140481415528462 0.283916260239713 0.0431315826281921 0.124210721959091 0.435352548570324
"NABR" 0.162823416362003 0.899558133514381 2.52779548675844 1.25107050861466 1.46274732292556 0.499626161043839 -1.88491481651671 1.4477806902474 1.5070681695646 7.23949813830966 0.945580966821063 0.867747992408857 2.91587820414581 2.6771534402686 0.706109069162888 0.430290030576372 1.09354237323738 1.05508767280842 1.68366805955397 0.309041406941775 -0.350816068080898 1.73571384830927 0.194156985605805 0.215547707296464 0.646771088194887 1.94706755511268 2.26742017924237 -0.174051380553157 0.378329145373513 0.686351643235951 0.901110139805933 -0.147621243539276 1.3338871190586 1.43731630343219 -1.89164013052599 1.66738117445797 1.11155199826174 1.01824632410176 0.257240636830154
"NAFM" 0.109792753262695 0.280185438326582 0.771094180564281 0.465716725764083 0.383487085409527 0.139227550266252 0.126653104249818 0.439173475238254 0.539488225530902 0.945580966821063 0.641225736828513 0.645379660907391 0.209071333370727 0.522305095876809 0.379826277289982 0.312920771572021 0.358139941260605 0.190099729754092 0.604904227580128 -0.0623158042395177 0.117190067628779 0.517855356790454 0.137485024396429 0.129737831921467 0.231806553361571 0.776330871197146 0.670968935979471 0.0086005876270342 0.17269722505843 0.143361907765353 0.444682092100564 0.395433831101906 0.447462426789355 0.314428421912198 0.00631880623615537 0.380830923624542 0.160109754380349 -0.0687065930814329 0.0835782737583231
"NAPNS" -0.00888696028525933 -0.0104305111673518 1.71382270655456 0.712395562517821 0.180868700303663 0.330860419372788 1.319490449361 0.406361251194571 0.714343026939181 0.867747992408857 0.645379660907391 2.53201636765111 -0.372470287576843 0.734857335148555 0.953661482442907 0.657496971644466 1.06261629287692 1.00293905663816 1.68258208571364 0.0876195737530261 0.255542690683114 1.41627413265391 0.600757877580925 0.4662961264321 1.32904270931431 3.21739663087716 1.00278481479759 -0.534890159493361 0.844004689260345 0.399605661471847 0.958929249699566 1.01211743432697 1.16593928191015 0.234220758278596 -0.43635086552301 0.792504860326123 0.84027463496859 -0.279458930713093 0.116342998848837
"BRPT" 0.030320672317109 -0.0314231615278021 0.208931528969936 -0.271839445123679 0.418607421094077 -0.0676723421314632 -0.669549654738594 0.0771717769104415 0.305210183033932 2.91587820414581 0.209071333370727 -0.372470287576843 4.12001763397467 1.75648306393456 -2.01635414240064 -0.373582352351793 0.278714422188882 1.0526824142746 -0.641571863001609 1.25016516739537 0.497668164005466 0.768358459643746 -0.0137337399024652 -0.278922289512077 -0.803241591439871 -1.99716793631835 1.01809940120485 0.538498457317897 -0.892091739340752 0.230993615838611 0.0953939946443428 0.255809169223023 -1.14035017381076 1.13416534129751 -1.67110516344188 1.24009716700602 1.54736711819919 0.449840603600666 0.0697513101667122
"BRAPET" 0.257639953887372 -0.0579869545241716 1.37093338003984 0.60156083327403 0.848199151447333 0.175517194264167 -0.241828258757881 0.4393855630038 0.70443707952072 2.6771534402686 0.522305095876809 0.734857335148555 1.75648306393456 3.08502811516593 0.722360190821279 0.590291542805422 0.972445355786201 0.576837772022499 1.02836740102068 0.595380558294942 0.318016719248649 1.8130762960678 0.420182308599034 0.245242602144515 0.532567176403607 1.6060494912292 1.45316089583525 0.0883009988990832 0.470192335618831 0.508188440549743 0.922404467045861 0.503674705873043 0.424339713805422 0.749379144377602 0.580627563960065 1.84440614707634 0.516409746195581 0.183544016091478 0.101139693727176
"PTFM" 0.333814175746408 1.15955106694032 1.8124493821151 1.71536100835145 1.64990007663835 0.632344757324585 0.740292392518413 0.500115909866758 1.32965812939105 0.706109069162888 0.379826277289982 0.953661482442907 -2.01635414240064 0.722360190821279 4.81200775627139 0.364122481866076 0.0328588431650709 -1.72524106030472 0.639559318360795 -0.966839993969823 -0.320966535302543 1.41056670067211 1.11544254039019 0.627705717123549 1.41245563912005 3.3477245860873 1.21923694547633 0.404575339230707 1.93650845454854 0.462648762685061 1.12364288914316 0.541191060455249 1.39153097972495 -0.580683813728883 1.49098770106324 -0.142517416455803 -1.74624946239048 -0.289149173232041 0.481159178506525
"PTAPET" 0.180028674677671 0.486594231804049 0.721729800088481 0.366141540553412 0.438122268629222 0.148269814946096 0.163691720287329 0.198990385649966 0.526458669025802 0.430290030576372 0.312920771572021 0.657496971644466 -0.373582352351793 0.590291542805422 0.364122481866076 1.6857542879194 1.70030097404127 1.18017842089603 1.20179285301246 -0.137148943181274 0.119364540382368 0.578252879736214 0.368646754189448 0.129396142094362 0.15063912197636 0.976837816948636 0.261689161522956 0.505593929531692 0.147208948293492 0.159064781025325 0.516007542789677 0.608305985653294 0.860215820916244 0.612888139848556 0.302524124141019 0.577948598168402 0.787372638612244 -0.0543291949746684 0.341086769972754
"PTBA" 0.340978883261363 1.00199763523358 1.78270551514507 0.659267275010834 0.645719627304569 0.430386802049359 0.0730549808925194 0.37870500597402 0.724734713678737 1.09354237323738 0.358139941260605 1.06261629287692 0.278714422188882 0.972445355786201 0.0328588431650709 1.70030097404127 2.62449090849781 2.02744451424632 1.43291719972865 0.462865214582864 0.107185319770171 1.00899933773889 0.48379972044297 0.216504934089165 0.753482467700134 1.63922400968479 0.666835055092991 0.687724736445853 0.658462765622593 0.143971873637261 0.921251542866539 0.877623729153357 0.598602224903289 0.984712132126102 -0.233837735440967 1.06231404343328 1.67609873580725 0.0141047326543641 0.35588421385294
"PTEAM" 0.0358012629696266 -0.211784476428634 0.523355172543584 -0.134504536392384 -0.609277894228982 0.245776985388673 0.852772020784122 0.306201790062309 -0.151471230208297 1.05508767280842 0.190099729754092 1.00293905663816 1.0526824142746 0.576837772022499 -1.72524106030472 1.18017842089603 2.02744451424632 3.36997965055449 1.6949802788667 1.56588920971237 0.19358829382154 0.616487327644519 -0.213449436533191 0.278492791932951 1.00353764482204 0.745414707857946 0.100237518815682 0.356003901614801 -0.217381098139997 -0.0365255381769645 0.294881615057837 0.998271386558525 0.0640866230394319 0.843409239131315 -1.30402505776233 1.08430052683757 2.85125743619324 0.310117719000726 0.153833314261144
"PTZYGO" 0.164397306018052 0.125403002221586 1.54120386806308 1.06848321460891 0.51578536346223 0.737322426127197 0.847323092687792 0.928529883281017 0.838365556590146 1.68366805955397 0.604904227580128 1.68258208571364 -0.641571863001609 1.02836740102068 0.639559318360795 1.20179285301246 1.43291719972865 1.6949802788667 2.89923827108431 0.419430710286219 0.11863545364361 1.25834088419063 0.261281390738041 0.44318352517465 1.27964764661427 2.98188322190339 0.83153006025809 -0.276587412438895 0.661863182546863 0.194547791570408 0.746972582664893 0.481916739859683 1.98689513438338 0.419524560242001 -0.34116348367988 0.984299037954684 1.10580295005646 0.451414611141431 0.154703887020826
"PTTSP" 0.0857882859924655 -0.127194282171544 0.419449688161871 -0.0775338328987352 -0.289734855256091 0.0739643144078676 0.494829470150577 -0.239221733892601 -0.408521163827026 0.309041406941775 -0.0623158042395177 0.0876195737530261 1.25016516739537 0.595380558294942 -0.966839993969823 -0.137148943181274 0.462865214582864 1.56588920971237 0.419430710286219 2.79250737391182 0.505367387890893 0.51006074047935 -0.267266025859635 0.0781511074227701 0.765657867822483 -0.660299304781226 0.433351542014369 0.194717553522914 -0.269581616216677 -0.269957572972049 -0.0636187318153669 0.0983685681934272 -1.36223257911169 0.187216724291072 -0.403059805549833 0.526357491842523 1.3477852576105 0.95440985151094 0.112690400892167
"FMZS" 0.266338256990022 1.47269101443546 0.703332102941647 0.479255681117858 1.02296286422219 -0.0787508260965821 0.502209876359605 -0.669096506638241 0.605050750329489 -0.350816068080898 0.117190067628779 0.255542690683114 0.497668164005466 0.318016719248649 -0.320966535302543 0.119364540382368 0.107185319770171 0.19358829382154 0.11863545364361 0.505367387890893 1.92044593537341 1.595310258043 0.611503640109231 0.141514928667583 -0.113053556737997 0.0694584364912344 1.20244707722515 0.517830767133619 -0.225175798044618 -0.0560866562246604 0.163356555011404 0.534028831417468 -0.322060469320109 0.134311916434008 -0.097539145311627 0.350576689029571 0.367765963943525 -0.147827306598504 0.244912373646037
"FMMT" 0.640093885059582 2.39182763581984 2.91938854629695 2.24355159491272 2.16411505714132 0.712183974518345 1.15035330194666 0.366355563839223 1.76719441653696 1.73571384830927 0.517855356790454 1.41627413265391 0.768358459643746 1.8130762960678 1.41056670067211 0.578252879736214 1.00899933773889 0.616487327644519 1.25834088419063 0.51006074047935 1.595310258043 3.71936491723487 1.33966192955521 0.758516627411785 1.39480297144519 2.58663429375895 2.74556738494574 1.17478568732121 0.841837696304484 0.748061237957439 1.46824553925074 1.11346565868275 0.552706176745702 0.507890697044868 -0.179970979152954 0.981105454152993 0.598046445013898 -0.377351380044854 0.338615958011455
"ZSZI" 0.331528628572585 1.07324439659088 1.45633710263503 0.959602954329438 1.64315079854421 0.606178140981372 0.310999682076479 -0.210348998997022 1.54239668774564 0.194156985605805 0.137485024396429 0.600757877580925 -0.0137337399024652 0.420182308599034 1.11544254039019 0.368646754189448 0.48379972044297 -0.213449436533191 0.261281390738041 -0.267266025859635 0.611503640109231 1.33966192955521 1.66217639316726 0.0916565361432655 -0.280398508952868 1.00720863850059 1.1173957974942 0.761153944016406 0.346963286685239 0.317389486182524 0.609266852860714 0.800097794741606 0.381677078594725 -0.176015351675567 0.00114584447395233 0.062462034640148 -0.0857432974878851 0.065841415524996 0.335028063594069
"ZIMT" 0.000154598873010551 -0.304163075933691 -0.0492454059992139 0.0692798307510251 -0.226928431695619 0.403517949360728 0.697259083689132 0.104153908219518 0.122901785914998 0.215547707296464 0.129737831921467 0.4662961264321 -0.278922289512077 0.245242602144515 0.627705717123549 0.129396142094362 0.216504934089165 0.278492791932951 0.44318352517465 0.0781511074227701 0.141514928667583 0.758516627411785 0.0916565361432655 1.23956556142618 0.700285099481099 0.986877602266638 -0.109038815333226 0.207866364913562 0.515959925766235 -0.0102810095275017 0.421557459050657 0.563157318972545 0.350253096797428 0.00534741713064436 0.157401399508964 -0.189808660891134 0.312906521960237 -0.165671826105281 0.253079141838041
"ZIZYGO" -0.137285588109191 -0.497817595879376 0.853484795605171 0.946638669117835 -0.516787656066045 0.284126743172683 1.45642031543282 0.654437131804146 -0.395027527023473 0.646771088194887 0.231806553361571 1.32904270931431 -0.803241591439871 0.532567176403607 1.41245563912005 0.15063912197636 0.753482467700134 1.00353764482204 1.27964764661427 0.765657867822483 -0.113053556737997 1.39480297144519 -0.280398508952868 0.700285099481099 4.33074369787181 2.90316437646456 0.90037617568405 -0.15954525353002 1.6058531336393 0.495274360655162 1.05400522566063 -0.519128821690879 0.826995303657194 -0.989330814036975 -0.205333477370252 -0.232175274244963 1.05080908004956 -0.571508800501125 0.243116772745978
"ZITSP" 0.569171171879109 1.17436643771709 4.03058267486706 1.74275351807464 0.922774066684033 1.11701555662412 1.11665793944802 0.981923985753697 1.459669297266 1.94706755511268 0.776330871197146 3.21739663087716 -1.99716793631835 1.6060494912292 3.3477245860873 0.976837816948636 1.63922400968479 0.745414707857946 2.98188322190339 -0.660299304781226 0.0694584364912344 2.58663429375895 1.00720863850059 0.986877602266638 2.90316437646456 9.70430484717862 1.81090543823693 -1.06844046250633 2.57030279506557 0.90719731816628 1.60047635366505 1.77158344350619 2.38166796226241 -0.0957387550610227 1.03769727098681 1.39907362589736 0.41073021208502 -0.892691696354339 0.121290342367184
"MTPNS" 0.569992214928622 2.74645693389015 3.52093297411532 2.13117265165153 2.55645269335094 0.224739443277963 0.104436707213292 0.453299545882272 1.93789216216198 2.26742017924237 0.670968935979471 1.00278481479759 1.01809940120485 1.45316089583525 1.21923694547633 0.261689161522956 0.666835055092991 0.100237518815682 0.83153006025809 0.433351542014369 1.20244707722515 2.74556738494574 1.1173957974942 -0.109038815333226 0.90037617568405 1.81090543823693 3.48450046437228 0.669850571772815 0.49176518849388 0.791205468376931 1.21087804822413 0.502724810659413 0.167200971977628 0.191157438924543 -0.624750943377166 0.888169906795996 0.441230564260548 0.332282018595972 0.367690060654509
"PNSAPET" 0.278069163936149 1.58724873696252 0.196567235179642 0.922418089897615 1.39758608977307 0.422016645375425 0.555073219134383 0.0120043309266001 0.908419572459903 -0.174051380553157 0.0086005876270342 -0.534890159493361 0.538498457317897 0.0883009988990832 0.404575339230707 0.505593929531692 0.687724736445853 0.356003901614801 -0.276587412438895 0.194717553522914 0.517830767133619 1.17478568732121 0.761153944016406 0.207866364913562 -0.15954525353002 -1.06844046250633 0.669850571772815 2.66759629248542 -0.33251852392826 -0.121149263041711 0.549775040617428 0.737824614745378 -0.543370723470529 0.62648087343515 -0.0342512949715533 0.26360816052414 0.543498854481189 -0.116883224360452 0.349952087787449
"APETBA" 0.364347744736247 0.673743065557985 1.56479434988788 1.20269520932392 0.485785485435573 0.818567841943116 0.79604373063732 0.577509683021729 0.441216406680951 0.378329145373513 0.17269722505843 0.844004689260345 -0.892091739340752 0.470192335618831 1.93650845454854 0.147208948293492 0.658462765622593 -0.217381098139997 0.661863182546863 -0.269581616216677 -0.225175798044618 0.841837696304484 0.346963286685239 0.515959925766235 1.6058531336393 2.57030279506557 0.49176518849388 -0.33251852392826 2.05940036779183 0.345266645098914 0.869850437068887 0.569863234731121 0.942279433659037 -0.250740925434269 -0.0717974920148926 -0.0586849067997355 -0.403968296421908 -0.379697106654427 0.180949480269568
"APETTS" 0.187615769865948 0.521439668347626 1.21695561016138 0.926460844515626 0.712877036286955 0.287029333744866 0.284734767930404 0.461462102075881 0.535390674009472 0.686351643235951 0.143361907765353 0.399605661471847 0.230993615838611 0.508188440549743 0.462648762685061 0.159064781025325 0.143971873637261 -0.0365255381769645 0.194547791570408 -0.269957572972049 -0.0560866562246604 0.748061237957439 0.317389486182524 -0.0102810095275017 0.495274360655162 0.90719731816628 0.791205468376931 -0.121149263041711 0.345266645098914 1.06075403401658 0.627291212022581 0.29922983075698 0.48706575855872 -0.129519492268127 -0.193985590806573 0.0287991163322814 -0.112063553772472 -0.532680633747703 -0.0497753776065269
"BAEAM" 0.352629554253625 0.59912426837017 1.53776626993792 1.05784697390097 0.84699796726949 0.45748456086156 0.837328918721035 0.616241785371667 0.953953186336227 0.901110139805933 0.444682092100564 0.958929249699566 0.0953939946443428 0.922404467045861 1.12364288914316 0.516007542789677 0.921251542866539 0.294881615057837 0.746972582664893 -0.0636187318153669 0.163356555011404 1.46824553925074 0.609266852860714 0.421557459050657 1.05400522566063 1.60047635366505 1.21087804822413 0.549775040617428 0.869850437068887 0.627291212022581 1.51680805658824 0.776670897675741 0.681934810055914 0.0391218291944779 0.178654871966164 0.127488675678369 0.471447518684255 0.033714712111987 0.342675826173662
"EAMZYGO" 0.652983435571897 1.09825766711878 1.8787182254853 0.712664949545747 0.605345376032253 0.938960862918685 1.25714200007232 0.215196916730553 0.872219510707908 -0.147621243539276 0.395433831101906 1.01211743432697 0.255809169223023 0.503674705873043 0.541191060455249 0.608305985653294 0.877623729153357 0.998271386558525 0.481916739859683 0.0983685681934272 0.534028831417468 1.11346565868275 0.800097794741606 0.563157318972545 -0.519128821690879 1.77158344350619 0.502724810659413 0.737824614745378 0.569863234731121 0.29922983075698 0.776670897675741 3.47869177745938 -0.169437805697995 0.712367432507021 -0.764491933901404 0.758510706555686 0.554731344206794 -0.702516820558524 0.314236689066062
"ZYGOTSP" -0.0357488521916423 -0.439924460249682 0.464541917488708 0.976664905590259 0.573162540646085 0.784962108587611 0.712772422108899 1.06955814329572 0.941281558922413 1.3338871190586 0.447462426789355 1.16593928191015 -1.14035017381076 0.424339713805422 1.39153097972495 0.860215820916244 0.598602224903289 0.0640866230394319 1.98689513438338 -1.36223257911169 -0.322060469320109 0.552706176745702 0.381677078594725 0.350253096797428 0.826995303657194 2.38166796226241 0.167200971977628 -0.543370723470529 0.942279433659037 0.48706575855872 0.681934810055914 -0.169437805697995 3.07672092289376 -0.137253996917872 -0.0869832503748279 0.0266141784490674 -0.0087596887470968 -0.184601761370005 0.184575620538345
"LDAS" 0.30758782528731 0.956570991282797 0.922090068436767 0.196759817367695 0.322887796048002 0.108728030573864 -0.468351592466672 0.293845916829442 0.250829833729691 1.43731630343219 0.314428421912198 0.234220758278596 1.13416534129751 0.749379144377602 -0.580683813728883 0.612888139848556 0.984712132126102 0.843409239131315 0.419524560242001 0.187216724291072 0.134311916434008 0.507890697044868 -0.176015351675567 0.00534741713064436 -0.989330814036975 -0.0957387550610227 0.191157438924543 0.62648087343515 -0.250740925434269 -0.129519492268127 0.0391218291944779 0.712367432507021 -0.137253996917872 2.53771117698295 -0.0464006576208654 1.30787185002252 0.340688308583543 -0.445073429011875 0.112846603858172
"BRLD" 0.0569324319240023 -0.904661166516022 -0.534079001224908 -0.860202740051208 -0.245705700928936 -0.769309383266335 -0.696005261703279 -0.285935206415975 -0.140481415528462 -1.89164013052599 0.00631880623615537 -0.43635086552301 -1.67110516344188 0.580627563960065 1.49098770106324 0.302524124141019 -0.233837735440967 -1.30402505776233 -0.34116348367988 -0.403059805549833 -0.097539145311627 -0.179970979152954 0.00114584447395233 0.157401399508964 -0.205333477370252 1.03769727098681 -0.624750943377166 -0.0342512949715533 -0.0717974920148926 -0.193985590806573 0.178654871966164 -0.764491933901404 -0.0869832503748279 -0.0464006576208654 7.95981628710352 -1.09193069131856 -0.697759962902095 0.839580791641552 0.00462301429144595
"OPILD" 0.182477895003529 0.471833819596787 0.84623096095996 0.112586660012576 0.451947651938898 -0.168677173577948 -0.24450803393162 0.086428991719623 0.283916260239713 1.66738117445797 0.380830923624542 0.792504860326123 1.24009716700602 1.84440614707634 -0.142517416455803 0.577948598168402 1.06231404343328 1.08430052683757 0.984299037954684 0.526357491842523 0.350576689029571 0.981105454152993 0.062462034640148 -0.189808660891134 -0.232175274244963 1.39907362589736 0.888169906795996 0.26360816052414 -0.0586849067997355 0.0287991163322814 0.127488675678369 0.758510706555686 0.0266141784490674 1.30787185002252 -1.09193069131856 3.08815870761392 0.781408152677282 -0.250610307053771 -0.410840481317131
"PTAS" -0.145560176676103 -0.641693181995918 0.165318630791386 -0.581343979304614 -0.469944903278386 0.0263608959177367 0.794022416341458 0.145748637234774 0.0431315826281921 1.11155199826174 0.160109754380349 0.84027463496859 1.54736711819919 0.516409746195581 -1.74624946239048 0.787372638612244 1.67609873580725 2.85125743619324 1.10580295005646 1.3477852576105 0.367765963943525 0.598046445013898 -0.0857432974878851 0.312906521960237 1.05080908004956 0.41073021208502 0.441230564260548 0.543498854481189 -0.403968296421908 -0.112063553772472 0.471447518684255 0.554731344206794 -0.0087596887470968 0.340688308583543 -0.697759962902095 0.781408152677282 3.45393613635893 1.05457542297515 0.35126630657709
"JPAS" -0.0815978643772744 -0.548901289088947 -0.0468820592095845 -0.34665811666605 0.280415369695606 0.0108228580517126 -0.388586661555119 -0.139885926790114 0.124210721959091 1.01824632410176 -0.0687065930814329 -0.279458930713093 0.449840603600666 0.183544016091478 -0.289149173232041 -0.0543291949746684 0.0141047326543641 0.310117719000726 0.451414611141431 0.95440985151094 -0.147827306598504 -0.377351380044854 0.065841415524996 -0.165671826105281 -0.571508800501125 -0.892691696354339 0.332282018595972 -0.116883224360452 -0.379697106654427 -0.532680633747703 0.033714712111987 -0.702516820558524 -0.184601761370005 -0.445073429011875 0.839580791641552 -0.250610307053771 1.05457542297515 3.34665465792477 0.264111025668044
"BAOPI" 0.0233903442517953 0.0457238407006338 0.364632386161956 0.206940717549352 0.443002875019545 0.309562981160394 0.286285412253184 -0.00464303114250214 0.435352548570324 0.257240636830154 0.0835782737583231 0.116342998848837 0.0697513101667122 0.101139693727176 0.481159178506525 0.341086769972754 0.35588421385294 0.153833314261144 0.154703887020826 0.112690400892167 0.244912373646037 0.338615958011455 0.335028063594069 0.253079141838041 0.243116772745978 0.121290342367184 0.367690060654509 0.349952087787449 0.180949480269568 -0.0497753776065269 0.342675826173662 0.314236689066062 0.184575620538345 0.112846603858172 0.00462301429144595 -0.410840481317131 0.35126630657709 0.264111025668044 0.891439873295789
