"" "ISPM" "ISNSL" "ISPNS" "PMZS" "PMZI" "PMMT" "NSLNA" "NSLZS" "NSLZI" "NABR" "NAFM" "NAPNS" "BRPT" "BRAPET" "PTFM" "PTAPET" "PTBA" "PTEAM" "PTZYGO" "PTTSP" "FMZS" "FMMT" "ZSZI" "ZIMT" "ZIZYGO" "ZITSP" "MTPNS" "PNSAPET" "APETBA" "APETTS" "BAEAM" "EAMZYGO" "ZYGOTSP" "LDAS" "BRLD" "OPILD" "PTAS" "JPAS" "BAOPI"
"ISPM" 0.761459547209802 1.17865873420581 1.77641335772622 1.13618141875501 0.91842156474562 0.743701765942901 0.97803312221416 0.749856573100895 1.06028975063729 0.711203593800247 0.580930745643489 0.778503305627467 0.364449121895114 0.639670248153679 0.46416749564693 0.512521744664798 1.09231232354055 0.864219650299777 0.855305668499879 -0.0262293703045758 0.279936341615065 0.890861252151893 0.405381448845853 0.201331098134475 0.747234633691809 0.462135999304801 0.618685772366347 0.347824950610904 0.910574163364474 0.158775723096533 0.764578974042118 0.569919923424918 0.726007106482512 0.396233988572766 0.071887241505172 0.497782421134215 0.753176604077418 0.0967643307415789 0.0341847564440073
"ISNSL" 1.17865873420581 4.45279013020465 4.06766738520527 3.86515108428884 2.86868752575044 1.83597684014535 2.47944532403055 1.41016300548447 2.49504406099654 0.691702413021004 1.40429499183772 1.69186016535005 0.561974915411952 0.942820625327973 1.13223892509386 0.921063392082533 2.45864468040663 1.72565420337982 1.81323176868307 -0.31790373693552 1.02181221634858 2.26974823184854 1.24567540685138 0.481704408516981 1.86618897106256 1.21160662490794 1.6689515908234 1.13245783367404 2.6002134349218 0.526743841176783 1.87709515043674 1.61821870979625 1.93865158105064 0.0569145926037457 -0.151996772738526 -0.179787701849878 1.50706185347 0.304106647317885 -0.129148520735888
"ISPNS" 1.77641335772622 4.06766738520527 7.71823596463795 4.74289630800575 4.42592004194556 3.45142581935056 4.74990618266161 2.92863477386596 3.87767371890999 2.16977020093646 2.69295064970427 3.84264716710866 1.69575969688108 2.44356386537806 2.62426315600071 1.90607660890987 3.95535246794617 2.30910749368365 2.19743672648873 -0.181519477265568 1.65953554680191 3.93141116725513 1.54589328137362 0.48564953946326 2.75695450268004 2.03201320800579 2.64971958017245 0.843313703433872 3.53568866439784 0.420012091298762 2.50046025129 2.02501796029214 2.14468648565447 0.976174125351676 -0.131706948703566 1.67988681566216 2.17172337696012 -0.254666758686427 0.0372849174617296
"PMZS" 1.13618141875501 3.86515108428884 4.74289630800575 4.80784602275604 3.8615219668857 2.36539061889783 3.63997479262644 2.43646859978525 3.21756850803759 1.28891768564971 1.74870253133743 2.16794612525898 1.08340525081716 1.62524162413865 1.54053627701972 1.45488222941383 3.03566738206065 1.87868720428188 2.07379653708707 -0.59368346746219 0.911517342804798 2.90765301188751 1.29834515604416 0.210951695548871 1.90615805554614 1.44604940716633 2.2165272691858 1.20608064212905 2.78902109468515 0.544128793317468 2.27018062869933 1.44558179275873 2.40727561909111 0.197840904418285 -0.0756835867470358 0.0976717972756656 1.61620419482065 0.294918862366699 -0.0119803355743678
"PMZI" 0.91842156474562 2.86868752575044 4.42592004194556 3.8615219668857 4.1709893762701 2.3701993305569 3.20788268946949 2.43957198383378 3.87315975227405 1.99325960190182 1.7409012921262 2.12492898179469 1.48941157344154 1.88210681215329 1.54616628998723 1.58077346097741 3.01957171868774 1.9350343732606 1.96454377829641 -0.348160439491574 0.931078550776992 2.97334293017813 1.86957623786088 0.0202931010683063 1.28095311322205 1.27398219723739 2.08232844367296 1.13058673147283 2.47582792861531 0.500790577939372 2.13828651239712 1.3742437119237 2.21623275086863 0.394876439566358 -0.420448167636577 0.25432465330076 1.93665809934946 0.0742681311846718 0.231053670813183
"PMMT" 0.743701765942901 1.83597684014535 3.45142581935056 2.36539061889783 2.3701993305569 2.17461425125423 2.02606703233067 1.41251711712623 1.98083957837924 1.59250883144932 1.16146917677139 1.59557761720894 1.03505324001193 1.29411856256355 1.26888899475186 1.04032150651346 1.97797268969811 1.33176976426935 1.17059342358506 -0.207741261645259 0.795548276707946 2.03616125781887 0.807190326425414 0.515041726719611 1.44528905830756 0.875038987218921 1.11448793499322 0.620914954385032 1.56866898606828 0.245029132061494 1.21567032419925 1.10977763496779 1.16253206915453 0.661044147160695 -0.305582129617938 0.986940500482483 1.27293342452379 0.118964773129973 0.167018772881297
"NSLNA" 0.97803312221416 2.47944532403055 4.74990618266161 3.63997479262644 3.20788268946949 2.02606703233067 5.81512838219222 2.19159840228539 2.67077683883944 0.412799481267545 1.78654723862589 2.79815921257556 0.752310373373373 1.25191345795367 1.64100393597942 1.21854749383347 2.19214990791752 1.39418025211762 1.5032859563869 -0.331039791636596 1.61321175284674 2.97966277363967 0.895059021782139 0.404005716401286 2.00403350913044 1.38150949979451 1.66316579820754 0.55394741198393 2.14584080618082 0.439027466501008 1.69497160671735 0.924043506618958 1.52882606355099 -0.0804851511620312 0.261744606367413 -0.507141741931319 0.996344614780849 -0.0138684705112423 0.31935431323102
"NSLZS" 0.749856573100895 1.41016300548447 2.92863477386596 2.43646859978525 2.43957198383378 1.41251711712623 2.19159840228539 2.94321895669856 2.56044817002338 1.57058436545945 1.44789667308987 1.59188722157254 1.08552004974036 1.1610528109079 1.00941051878586 0.985774097367274 1.63471365715826 0.862943560555612 1.04065813934059 -0.111306720611939 -0.283028459064262 1.55720890239675 0.24180931698803 -0.138976329213822 0.717229146052435 0.711521351421243 1.19467701545563 0.492646231050694 1.42427121207138 0.271504648304477 1.17153759599372 0.515559212772943 1.01028490843396 0.351332463886485 -0.375063138459179 0.460716614058304 0.895305944611514 0.467180559723169 -0.188684249750074
"NSLZI" 1.06028975063729 2.49504406099654 3.87767371890999 3.21756850803759 3.87315975227405 1.98083957837924 2.67077683883944 2.56044817002338 4.50686852319389 2.39505358877884 1.68629246768192 1.90306455601199 1.45179216345868 1.579720889161 1.36326940703986 1.69036565843588 2.8820327497089 2.07789847997147 2.35040809578347 -0.506623202451032 0.572061405084708 2.70497390571 2.30982782844412 0.0559632339355896 0.879302998268281 1.13748999294953 1.9192427417929 1.12842398487395 2.03799431521036 0.429102688435983 2.08227696170543 1.42726986140808 2.59464967776163 0.37311571379645 -0.807812785002219 0.0451837054763816 2.01518431818329 0.142206456465335 0.179995242656335
"NABR" 0.711203593800247 0.691702413021004 2.16977020093646 1.28891768564971 1.99325960190182 1.59250883144932 0.412799481267545 1.57058436545945 2.39505358877884 5.2013955582937 0.93358810526199 1.04561234572542 2.11823812494174 1.70449714779428 1.30076495648419 1.66575052336301 2.59085696555319 1.84737777227716 1.66802568229999 0.574557709461617 0.565974830705245 2.08323369264029 0.802768058432064 0.562921589378139 0.548701175448123 1.11182846615759 1.00782637809674 1.65094659431956 1.06598811831712 0.144219893133273 1.26024623944014 1.98177529267121 1.36463963408507 1.42629201055471 -2.73141436340958 1.28974076382073 1.53437340238831 0.282137085902654 0.675348874450893
"NAFM" 0.580930745643489 1.40429499183772 2.69295064970427 1.74870253133743 1.7409012921262 1.16146917677139 1.78654723862589 1.44789667308987 1.68629246768192 0.93358810526199 1.60856660425945 1.76861018922102 0.782585977720828 1.07975379335949 0.874388594123256 0.76533693106596 1.57562664383457 1.01461357543545 1.0298945357277 0.267043816297336 0.678176688099065 1.49961291599161 0.565789908597524 0.10148346193402 1.09781346228481 0.785286807244957 1.05558884017967 0.420409604339231 1.36394952453585 0.200080550304434 1.07137351165771 0.814250692368687 0.857643912891468 0.51131551309175 0.398864046220681 0.60803867250231 1.07370015239358 0.204621208999069 0.108172514575272
"NAPNS" 0.778503305627467 1.69186016535005 3.84264716710866 2.16794612525898 2.12492898179469 1.59557761720894 2.79815921257556 1.59188722157254 1.90306455601199 1.04561234572542 1.76861018922102 2.89130735957773 1.06510697083661 1.35184262891724 1.47706920302824 1.02850922067523 2.08039417084642 1.20490435354499 1.13588087140834 0.211196860590479 0.985678130450234 2.28076030832162 0.665797763106797 0.332611713464951 1.62533385631296 1.0333157389645 1.25094618123364 0.375264765134692 1.76333793724361 0.147409385401356 1.19206708461523 1.02150346050927 0.99253284040128 0.443333859214993 0.386030085299235 0.625226204327464 1.17388776992489 -0.124908419649348 -0.0670934854280573
"BRPT" 0.364449121895114 0.561974915411952 1.69575969688108 1.08340525081716 1.48941157344154 1.03505324001193 0.752310373373373 1.08552004974036 1.45179216345868 2.11823812494174 0.782585977720828 1.06510697083661 2.13754916256941 2.05825152196036 0.484356308058492 1.12306831331679 1.88341671282997 1.20310913693938 0.775035480003098 0.618003262227202 0.214769643496374 1.51511357840791 0.599936562281304 0.133527494516539 0.156378056794335 0.256271567364364 0.848232713659389 1.05716398816302 0.625072524699292 -0.0953377125047051 0.718936624401047 1.20373499839216 0.44073567566034 1.32489590539629 -0.231333078858313 1.37171232968344 1.33502336362007 0.155905598495723 0.440092114073155
"BRAPET" 0.639670248153679 0.942820625327973 2.44356386537806 1.62524162413865 1.88210681215329 1.29411856256355 1.25191345795367 1.1610528109079 1.579720889161 1.70449714779428 1.07975379335949 1.35184262891724 2.05825152196036 3.31986956448916 0.774375846763176 1.67861937949976 2.65848926152582 1.53241344116414 1.51396642830491 0.905663316133037 0.656416686758382 2.1804968432269 0.736812532349298 0.262681430946533 0.764654796440744 1.05151309645311 1.18628489841353 0.966022348820763 1.30647335930445 0.0807125076982419 1.280117889372 1.02117589293831 0.939796699681456 1.79556533061499 1.07075399490727 2.21824606436892 1.38686474808595 0.4596783828982 0.412499594285183
"PTFM" 0.46416749564693 1.13223892509386 2.62426315600071 1.54053627701972 1.54616628998723 1.26888899475186 1.64100393597942 1.00941051878586 1.36326940703986 1.30076495648419 0.874388594123256 1.47706920302824 0.484356308058492 0.774375846763176 2.0927063209668 0.745905602432176 1.15819770899106 0.320789438539966 0.57391011771481 -0.162992290580072 0.494079109959027 1.65928918554857 0.507694701704571 0.282995489293795 0.970293418000113 1.1262893925599 1.08228388210825 0.476490659494314 1.24361859236597 0.13783619269489 0.945537856028089 1.17570874271055 0.902868243918564 0.104991259230252 -0.690806347924424 0.44924776604064 -0.104485946824255 -0.386043594269463 -0.176753681294053
"PTAPET" 0.512521744664798 0.921063392082533 1.90607660890987 1.45488222941383 1.58077346097741 1.04032150651346 1.21854749383347 0.985774097367274 1.69036565843588 1.66575052336301 0.76533693106596 1.02850922067523 1.12306831331679 1.67861937949976 0.745905602432176 2.18682648845517 2.54856391798724 1.83718332065265 2.03352623328795 0.318860370350683 0.623395469655428 2.01801071322619 0.863288830393812 0.510711795076332 0.843553895841488 1.39490030994462 1.14981002574955 1.12312561853193 0.662508224262316 0.205313706341676 1.08031265964695 1.23132280875649 1.82093806209366 0.953694646394328 -0.31495416410021 0.960014888778894 1.14540836117528 -0.121369088759104 0.0348944948475785
"PTBA" 1.09231232354055 2.45864468040663 3.95535246794617 3.03566738206065 3.01957171868774 1.97797268969811 2.19214990791752 1.63471365715826 2.8820327497089 2.59085696555319 1.57562664383457 2.08039417084642 1.88341671282997 2.65848926152582 1.15819770899106 2.54856391798724 4.4699855900403 3.35158562691857 3.10968064609386 0.709251720739265 1.11978120241396 3.23391449392029 1.53565526524908 0.482481295298788 1.76716832096679 1.70425496362979 2.06519492603635 1.79650982401311 2.41098980008089 0.381779664734258 2.13948274192571 2.20563939927086 2.57096988577724 1.45275991934115 -0.0196896004876809 1.78605770952813 2.78405519129501 -0.0733660002355172 0.0572147393229962
"PTEAM" 0.864219650299777 1.72565420337982 2.30910749368365 1.87868720428188 1.9350343732606 1.33176976426935 1.39418025211762 0.862943560555612 2.07789847997147 1.84737777227716 1.01461357543545 1.20490435354499 1.20310913693938 1.53241344116414 0.320789438539966 1.83718332065265 3.35158562691857 4.0401902777326 3.11958134785606 1.23659103017455 0.573828115662821 2.23332344344049 1.37184676702506 0.484041000712785 1.60331408631067 1.3655578636879 1.47550866820096 1.7505275031921 1.5194868706729 0.477760041341492 1.42396696912545 2.18755983653341 2.25967646057649 1.07895857746179 0.359318936030374 1.03420683175521 3.42955661065173 -0.0510161637303728 0.420216561199824
"PTZYGO" 0.855305668499879 1.81323176868307 2.19743672648873 2.07379653708707 1.96454377829641 1.17059342358506 1.5032859563869 1.04065813934059 2.35040809578347 1.66802568229999 1.0298945357277 1.13588087140834 0.775035480003098 1.51396642830491 0.57391011771481 2.03352623328795 3.10968064609386 3.11958134785606 3.65102242230526 0.338891284014042 0.591147506664201 2.09290877335917 1.44109023012712 0.458817919567825 1.87835080933413 1.68701102144521 1.4186554941927 1.32491565209615 1.47435696394344 0.485157577375019 1.62503611553979 1.21871486672251 3.21645799946671 1.01120319784329 0.345352776423977 0.750119112622925 2.37517655381022 -0.0698078501489183 0.05402326078669
"PTTSP" -0.0262293703045758 -0.31790373693552 -0.181519477265568 -0.59368346746219 -0.348160439491574 -0.207741261645259 -0.331039791636596 -0.111306720611939 -0.506623202451032 0.574557709461617 0.267043816297336 0.211196860590479 0.618003262227202 0.905663316133037 -0.162992290580072 0.318860370350683 0.709251720739265 1.23659103017455 0.338891284014042 3.18664643388786 -0.121505131493161 0.320353903591775 -0.258291663993672 -0.00668368186058274 0.189015155361658 1.30704739764077 0.128417843404871 0.835678129414214 0.106831933531681 0.187115425345756 -0.193447706462421 1.04242417470227 -1.45124114714853 0.321632490832143 0.484600425427009 0.631606758375218 1.25922429851622 0.298016740307609 0.419232406509358
"FMZS" 0.279936341615065 1.02181221634858 1.65953554680191 0.911517342804798 0.931078550776992 0.795548276707946 1.61321175284674 -0.283028459064262 0.572061405084708 0.565974830705245 0.678176688099065 0.985678130450234 0.214769643496374 0.656416686758382 0.494079109959027 0.623395469655428 1.11978120241396 0.573828115662821 0.591147506664201 -0.121505131493161 2.0412592531035 1.59781441021238 0.551356917220877 0.735049301242857 1.02817932623524 0.522622258903664 0.40214104931523 0.318209395195188 0.864544588513146 0.130604836714051 0.616541087935077 0.548389774910581 0.610989287076448 0.192868902996163 -0.0674068717031761 0.0344666800370414 0.399242260883755 -0.0154931855115703 0.405912176913091
"FMMT" 0.890861252151893 2.26974823184854 3.93141116725513 2.90765301188751 2.97334293017813 2.03616125781887 2.97966277363967 1.55720890239675 2.70497390571 2.08323369264029 1.49961291599161 2.28076030832162 1.51511357840791 2.1804968432269 1.65928918554857 2.01801071322619 3.23391449392029 2.23332344344049 2.09290877335917 0.320353903591775 1.59781441021238 3.73954222251266 1.33438030668203 1.07264179887315 1.64101317555334 1.33704028225945 1.75943663728091 1.45583842016938 2.00208056165466 0.245600718970032 1.69856271428251 1.99894168969401 1.97084990696106 0.788673754945195 -0.406163189998377 0.831454906954368 1.75575051095659 -0.0325993604166671 0.211032037310368
"ZSZI" 0.405381448845853 1.24567540685138 1.54589328137362 1.29834515604416 1.86957623786088 0.807190326425414 0.895059021782139 0.24180931698803 2.30982782844412 0.802768058432064 0.565789908597524 0.665797763106797 0.599936562281304 0.736812532349298 0.507694701704571 0.863288830393812 1.53565526524908 1.37184676702506 1.44109023012712 -0.258291663993672 0.551356917220877 1.33438030668203 2.24210317409578 -0.183152983846935 0.0951321239741532 0.647662749041638 1.01306512158306 0.618541809349471 0.87289347487011 0.159547671416401 1.0821257172204 1.05516558958733 1.65972986783497 0.0492961394744052 0.210235311803304 -0.34283246637252 1.38755211213732 -0.492199504635952 0.363918637809681
"ZIMT" 0.201331098134475 0.481704408516981 0.48564953946326 0.210951695548871 0.0202931010683063 0.515041726719611 0.404005716401286 -0.138976329213822 0.0559632339355896 0.562921589378139 0.10148346193402 0.332611713464951 0.133527494516539 0.262681430946533 0.282995489293795 0.510711795076332 0.482481295298788 0.484041000712785 0.458817919567825 -0.00668368186058274 0.735049301242857 1.07264179887315 -0.183152983846935 1.46625405921692 0.625156234654063 0.0776165177538009 -0.0960560568070705 0.397862950162025 0.0599840816144572 -0.0481919612011999 0.0922499921177835 0.754320194223982 0.43777908052196 0.326242310408631 -0.798719656277854 0.344401738550841 0.0753804463592091 0.475355809107233 -0.0420054191895682
"ZIZYGO" 0.747234633691809 1.86618897106256 2.75695450268004 1.90615805554614 1.28095311322205 1.44528905830756 2.00403350913044 0.717229146052435 0.879302998268281 0.548701175448123 1.09781346228481 1.62533385631296 0.156378056794335 0.764654796440744 0.970293418000113 0.843553895841488 1.76716832096679 1.60331408631067 1.87835080933413 0.189015155361658 1.02817932623524 1.64101317555334 0.0951321239741532 0.625156234654063 3.58845354090686 1.24572108699805 0.921211020903482 0.625061621173042 1.50903842150608 0.300917436984781 1.28043632417795 -0.161788448416343 1.31108532461219 0.582702045677599 0.281917186480852 0.92869642638322 0.990100195094608 -0.0572108086161196 -0.069229445409307
"ZITSP" 0.462135999304801 1.21160662490794 2.03201320800579 1.44604940716633 1.27398219723739 0.875038987218921 1.38150949979451 0.711521351421243 1.13748999294953 1.11182846615759 0.785286807244957 1.0333157389645 0.256271567364364 1.05151309645311 1.1262893925599 1.39490030994462 1.70425496362979 1.3655578636879 1.68701102144521 1.30704739764077 0.522622258903664 1.33704028225945 0.647662749041638 0.0776165177538009 1.24572108699805 3.00759078688541 1.04378504485513 0.693845315882303 0.98695062573214 0.556843908475048 0.912449454224459 1.0398113720574 0.98095696748021 -0.0403312935751011 0.0463899835663625 -0.00179155633598743 0.811708089880431 0.122845125595915 0.179672261600228
"MTPNS" 0.618685772366347 1.6689515908234 2.64971958017245 2.2165272691858 2.08232844367296 1.11448793499322 1.66316579820754 1.19467701545563 1.9192427417929 1.00782637809674 1.05558884017967 1.25094618123364 0.848232713659389 1.18628489841353 1.08228388210825 1.14981002574955 2.06519492603635 1.47550866820096 1.4186554941927 0.128417843404871 0.40214104931523 1.75943663728091 1.01306512158306 -0.0960560568070705 0.921211020903482 1.04378504485513 1.74560595311357 0.94148436404589 1.45163799804958 0.304924168344662 1.30864487469071 1.27723199544294 1.54614691685412 0.446657270610203 -0.0321007343834315 0.571689000552395 1.20293602832692 -0.417752542328305 -0.0293085578433696
"PNSAPET" 0.347824950610904 1.13245783367404 0.843313703433872 1.20608064212905 1.13058673147283 0.620914954385032 0.55394741198393 0.492646231050694 1.12842398487395 1.65094659431956 0.420409604339231 0.375264765134692 1.05716398816302 0.966022348820763 0.476490659494314 1.12312561853193 1.79650982401311 1.7505275031921 1.32491565209615 0.835678129414214 0.318209395195188 1.45583842016938 0.618541809349471 0.397862950162025 0.625061621173042 0.693845315882303 0.94148436404589 2.00772026052535 0.531204018712714 0.117247304372337 0.800674509532806 1.60903588446299 0.992527333751254 0.782505885083509 -0.682239866593915 0.533970600421172 1.26959990223754 -0.105183709420241 0.241678763828975
"APETBA" 0.910574163364474 2.6002134349218 3.53568866439784 2.78902109468515 2.47582792861531 1.56866898606828 2.14584080618082 1.42427121207138 2.03799431521036 1.06598811831712 1.36394952453585 1.76333793724361 0.625072524699292 1.30647335930445 1.24361859236597 0.662508224262316 2.41098980008089 1.5194868706729 1.47435696394344 0.106831933531681 0.864544588513146 2.00208056165466 0.87289347487011 0.0599840816144572 1.50903842150608 0.98695062573214 1.45163799804958 0.531204018712714 2.79173064808421 0.429325563263679 1.7219308441619 1.14535656448656 1.39032678919926 0.358273967050726 0.0574432582863281 0.540931747615998 1.41036296533337 0.177271288724709 -0.112149217331156
"APETTS" 0.158775723096533 0.526743841176783 0.420012091298762 0.544128793317468 0.500790577939372 0.245029132061494 0.439027466501008 0.271504648304477 0.429102688435983 0.144219893133273 0.200080550304434 0.147409385401356 -0.0953377125047051 0.0807125076982419 0.13783619269489 0.205313706341676 0.381779664734258 0.477760041341492 0.485157577375019 0.187115425345756 0.130604836714051 0.245600718970032 0.159547671416401 -0.0481919612011999 0.300917436984781 0.556843908475048 0.304924168344662 0.117247304372337 0.429325563263679 0.569908690275008 0.408036097817333 0.220383195796665 0.414472925588153 0.0546293298545688 0.0479281639998836 0.0698735069338629 0.470153446236301 0.1380446739375 0.014238210814384
"BAEAM" 0.764578974042118 1.87709515043674 2.50046025129 2.27018062869933 2.13828651239712 1.21567032419925 1.69497160671735 1.17153759599372 2.08227696170543 1.26024623944014 1.07137351165771 1.19206708461523 0.718936624401047 1.280117889372 0.945537856028089 1.08031265964695 2.13948274192571 1.42396696912545 1.62503611553979 -0.193447706462421 0.616541087935077 1.69856271428251 1.0821257172204 0.0922499921177835 1.28043632417795 0.912449454224459 1.30864487469071 0.800674509532806 1.7219308441619 0.408036097817333 1.94176400496478 0.80372290126367 1.72685240446046 0.765539368883204 0.0464703980010331 0.590641841730085 1.10165604541062 -0.0672919429824721 0.0452358778202447
"EAMZYGO" 0.569919923424918 1.61821870979625 2.02501796029214 1.44558179275873 1.3742437119237 1.10977763496779 0.924043506618958 0.515559212772943 1.42726986140808 1.98177529267121 0.814250692368687 1.02150346050927 1.20373499839216 1.02117589293831 1.17570874271055 1.23132280875649 2.20563939927086 2.18755983653341 1.21871486672251 1.04242417470227 0.548389774910581 1.99894168969401 1.05516558958733 0.754320194223982 -0.161788448416343 1.0398113720574 1.27723199544294 1.60903588446299 1.14535656448656 0.220383195796665 0.80372290126367 3.73224827346944 1.10888282365212 0.334055925359234 -0.823856557996614 0.323535748995093 1.78764605185029 -0.272175227277342 0.22381845711605
"ZYGOTSP" 0.726007106482512 1.93865158105064 2.14468648565447 2.40727561909111 2.21623275086863 1.16253206915453 1.52882606355099 1.01028490843396 2.59464967776163 1.36463963408507 0.857643912891468 0.99253284040128 0.44073567566034 0.939796699681456 0.902868243918564 1.82093806209366 2.57096988577724 2.25967646057649 3.21645799946671 -1.45124114714853 0.610989287076448 1.97084990696106 1.65972986783497 0.43777908052196 1.31108532461219 0.98095696748021 1.54614691685412 0.992527333751254 1.39032678919926 0.414472925588153 1.72685240446046 1.10888282365212 4.29023580087244 0.718581241391696 -0.0904831059932816 0.196534921617365 1.54031266162036 -0.469239553551011 -0.20005524758109
"LDAS" 0.396233988572766 0.0569145926037457 0.976174125351676 0.197840904418285 0.394876439566358 0.661044147160695 -0.0804851511620312 0.351332463886485 0.37311571379645 1.42629201055471 0.51131551309175 0.443333859214993 1.32489590539629 1.79556533061499 0.104991259230252 0.953694646394328 1.45275991934115 1.07895857746179 1.01120319784329 0.321632490832143 0.192868902996163 0.788673754945195 0.0492961394744052 0.326242310408631 0.582702045677599 -0.0403312935751011 0.446657270610203 0.782505885083509 0.358273967050726 0.0546293298545688 0.765539368883204 0.334055925359234 0.718581241391696 3.60384224830175 0.947717785397814 3.49353079822875 0.520754308683207 0.136367057685583 0.0829916406895113
"BRLD" 0.071887241505172 -0.151996772738526 -0.131706948703566 -0.0756835867470358 -0.420448167636577 -0.305582129617938 0.261744606367413 -0.375063138459179 -0.807812785002219 -2.73141436340958 0.398864046220681 0.386030085299235 -0.231333078858313 1.07075399490727 -0.690806347924424 -0.31495416410021 -0.0196896004876809 0.359318936030374 0.345352776423977 0.484600425427009 -0.0674068717031761 -0.406163189998377 0.210235311803304 -0.798719656277854 0.281917186480852 0.0463899835663625 -0.0321007343834315 -0.682239866593915 0.0574432582863281 0.0479281639998836 0.0464703980010331 -0.823856557996614 -0.0904831059932816 0.947717785397814 7.63525963839338 1.53869239358339 1.16509551129082 -0.646760718612954 -0.268239419747188
"OPILD" 0.497782421134215 -0.179787701849878 1.67988681566216 0.0976717972756656 0.25432465330076 0.986940500482483 -0.507141741931319 0.460716614058304 0.0451837054763816 1.28974076382073 0.60803867250231 0.625226204327464 1.37171232968344 2.21824606436892 0.44924776604064 0.960014888778894 1.78605770952813 1.03420683175521 0.750119112622925 0.631606758375218 0.0344666800370414 0.831454906954368 -0.34283246637252 0.344401738550841 0.92869642638322 -0.00179155633598743 0.571689000552395 0.533970600421172 0.540931747615998 0.0698735069338629 0.590641841730085 0.323535748995093 0.196534921617365 3.49353079822875 1.53869239358339 5.28217235454897 0.907703066634627 0.137144304741193 -0.39227314622787
"PTAS" 0.753176604077418 1.50706185347 2.17172337696012 1.61620419482065 1.93665809934946 1.27293342452379 0.996344614780849 0.895305944611514 2.01518431818329 1.53437340238831 1.07370015239358 1.17388776992489 1.33502336362007 1.38686474808595 -0.104485946824255 1.14540836117528 2.78405519129501 3.42955661065173 2.37517655381022 1.25922429851622 0.399242260883755 1.75575051095659 1.38755211213732 0.0753804463592091 0.990100195094608 0.811708089880431 1.20293602832692 1.26959990223754 1.41036296533337 0.470153446236301 1.10165604541062 1.78764605185029 1.54031266162036 0.520754308683207 1.16509551129082 0.907703066634627 4.18127123527047 -0.0952318266920889 0.637144230963978
"JPAS" 0.0967643307415789 0.304106647317885 -0.254666758686427 0.294918862366699 0.0742681311846718 0.118964773129973 -0.0138684705112423 0.467180559723169 0.142206456465335 0.282137085902654 0.204621208999069 -0.124908419649348 0.155905598495723 0.4596783828982 -0.386043594269463 -0.121369088759104 -0.0733660002355172 -0.0510161637303728 -0.0698078501489183 0.298016740307609 -0.0154931855115703 -0.0325993604166671 -0.492199504635952 0.475355809107233 -0.0572108086161196 0.122845125595915 -0.417752542328305 -0.105183709420241 0.177271288724709 0.1380446739375 -0.0672919429824721 -0.272175227277342 -0.469239553551011 0.136367057685583 -0.646760718612954 0.137144304741193 -0.0952318266920889 3.5938467399438 0.158112041045675
"BAOPI" 0.0341847564440073 -0.129148520735888 0.0372849174617296 -0.0119803355743678 0.231053670813183 0.167018772881297 0.31935431323102 -0.188684249750074 0.179995242656335 0.675348874450893 0.108172514575272 -0.0670934854280573 0.440092114073155 0.412499594285183 -0.176753681294053 0.0348944948475785 0.0572147393229962 0.420216561199824 0.05402326078669 0.419232406509358 0.405912176913091 0.211032037310368 0.363918637809681 -0.0420054191895682 -0.069229445409307 0.179672261600228 -0.0293085578433696 0.241678763828975 -0.112149217331156 0.014238210814384 0.0452358778202447 0.22381845711605 -0.20005524758109 0.0829916406895113 -0.268239419747188 -0.39227314622787 0.637144230963978 0.158112041045675 1.15712768579849
