"" "ISPM" "ISNSL" "ISPNS" "PMZS" "PMZI" "PMMT" "NSLNA" "NSLZS" "NSLZI" "NABR" "NAFM" "NAPNS" "BRPT" "BRAPET" "PTFM" "PTAPET" "PTBA" "PTEAM" "PTZYGO" "PTTSP" "FMZS" "FMMT" "ZSZI" "ZIMT" "ZIZYGO" "ZITSP" "MTPNS" "PNSAPET" "APETBA" "APETTS" "BAEAM" "EAMZYGO" "ZYGOTSP" "LDAS" "BRLD" "OPILD" "PTAS" "JPAS" "BAOPI"
"ISPM" 0.926861081183582 1.99926992789407 2.87838464420567 1.79714985742665 1.40438148792139 1.40792152375108 1.06639820226511 0.665456773405608 1.12581043171898 1.0972127320898 0.516678665845975 1.08312024641408 0.37800718717093 0.8931748190483 0.974557184731911 0.478330849334999 0.974037842405899 0.691804337797933 0.860762703075061 0.533185759144652 0.692561912990137 1.56774923361446 0.721352337412487 0.643358462787913 0.835760391615792 1.33154752770396 0.989247192814642 0.600379836337858 0.84641852893326 0.220435557376421 0.864760085812851 1.19179151580437 0.680313288064652 0.386006958665774 0.382831998182534 0.508106671813761 0.657214793567493 0.43823891492556 0.19245120397528
"ISNSL" 1.99926992789407 7.64099175000904 9.01778822505225 6.65838173915638 5.15999384167317 4.68515060388935 2.829077829592 1.55472586515872 3.67964532351107 3.4361275445726 2.01305906403635 3.61771000783366 0.981910488196869 2.48945119479772 3.5944829785808 1.36074910661776 2.9234425411822 2.19971717628764 3.14639727811086 1.72092240179145 2.25290904992101 5.05614672398198 2.467639513453 2.07716991240401 3.32482072820423 5.7942141826591 4.06196743734307 2.45238515466467 2.63434705416193 1.00354783491394 2.84692721538115 4.51854521756612 2.19337792667848 1.15080021062628 2.20549373041351 1.09185226920296 2.51139693057031 1.82182007172421 0.760244897907385
"ISPNS" 2.87838464420567 9.01778822505225 15.221347322258 9.9691418257185 7.8191457488598 7.79687178582041 4.91590575404383 3.70314315386523 5.98329172584662 6.40537021481531 2.76534456358345 6.35720522923284 2.12150586603507 5.03684157362203 5.49245784458282 2.43318514740482 5.33690826802132 4.00573214546214 5.19393256674492 1.84679789878306 3.03552121123027 8.13788315360458 3.5770965776763 3.49046661230676 5.99756845444246 8.05791045317209 6.02702502694618 1.59852029442612 4.55426384915427 1.36711671275826 4.90244610027003 5.02434048945636 4.52988342512632 2.98255032105867 3.53964433736698 4.06966233204019 4.2501423270674 2.72211943920666 0.799486224842526
"PMZS" 1.79714985742665 6.65838173915638 9.9691418257185 8.56503340286172 6.21894374898958 5.99841071211402 4.12207266448349 3.2139239907893 4.61823412108624 4.9403603737405 2.45587823691721 4.08401094525729 1.49653757248898 3.45674636468535 3.81784736956235 1.49287957823231 3.91645167388381 3.4868785361909 4.25097797383555 1.47505733077957 2.09122723660066 6.0622946871848 2.60965598194459 2.82703340645376 4.97102673734745 6.94534629855175 4.327838914988 2.40541888955112 3.50457932725572 1.35592600145207 3.61226980898836 3.79519142640241 3.02502833187061 1.53814390026621 3.18913707351767 2.0947709053497 3.64757375263976 1.63090763679245 0.705936924934171
"PMZI" 1.40438148792139 5.15999384167317 7.8191457488598 6.21894374898958 5.6595892781972 4.82888918782144 3.02089142285716 2.28464192782155 4.15730396097689 3.50287209695524 1.92212819787672 3.03970283967058 1.17648801463695 2.84468099098031 2.59356623274426 1.43378265501341 3.21639148075635 2.56506481682192 3.32898685047571 1.14759557341623 1.82447513301979 4.61025872267202 2.45683673084951 1.9573228901448 2.70835094814076 4.6715420330174 3.37265360623583 1.9230377053309 2.72245778960705 0.887158454578689 2.82949918091087 3.25826762553622 2.53728220419609 1.42558518594295 2.10097970821368 1.9820675669504 2.8070921381173 1.45293894732339 0.429944321426497
"PMMT" 1.40792152375108 4.68515060388935 7.79687178582041 5.99841071211402 4.82888918782144 6.11675644941497 2.7246185494006 2.4889954281369 4.09968199726283 4.3478248777774 2.14386574615237 3.52933650182252 2.10070050214656 3.67497103473856 3.18782567266194 1.86942766975471 4.11613936256719 2.7447581062249 3.23141892160728 1.76630719684288 1.74452267149059 4.38678148140385 2.33132173472465 2.59893294441915 3.82200933672047 5.12375109166015 2.67108763032259 2.19000216101967 3.06212601180717 0.805472658867159 3.37884020486861 3.21397714417515 2.4310692548633 2.71571203629298 3.2049160487043 3.29842154909621 3.55485050539916 1.67717413597073 0.926828149373098
"NSLNA" 1.06639820226511 2.829077829592 4.91590575404383 4.12207266448349 3.02089142285716 2.7246185494006 6.14814935330386 1.7815465170563 2.3986890454381 0.39738005933796 0.83827549064797 2.88255317922733 0.192482105595924 1.21320097446743 2.20672027502632 0.377191308349841 1.79445344841281 1.40902074504605 1.47884339898756 0.29879100138273 1.38796178516818 3.17311423771282 1.4243714062576 1.6150161245322 2.81211231434499 2.91065304670894 1.65643820749098 0.72817000650451 2.14637750855192 0.822420367039938 1.67818035598303 0.963273029073585 1.97593492033643 0.363976808809417 0.945658957597431 0.284530965401783 0.843658700181354 -0.410163226550023 0.0169618820471578
"NSLZS" 0.665456773405608 1.55472586515872 3.70314315386523 3.2139239907893 2.28464192782155 2.4889954281369 1.7815465170563 3.10081173672517 2.33964441417232 2.27514826704132 1.14354651516511 1.73307532197825 0.621734442506001 1.30784062557227 0.880480788407164 0.439501841422369 1.66448994367379 1.8462991845003 1.88782903852071 0.683209420813017 -0.0443707901548532 2.09065428331306 0.144317855907874 1.20969854685726 2.15822651873953 1.81481988331432 1.05310641519247 0.385745147398353 1.4757641993097 0.389271589947368 1.2738924020458 0.555551131017165 0.915897092678531 0.979601197999471 0.38086718374175 1.58292638354968 1.63248018437725 0.28193645904906 0.0699992162317546
"NSLZI" 1.12581043171898 3.67964532351107 5.98329172584662 4.61823412108624 4.15730396097689 4.09968199726283 2.3986890454381 2.33964441417232 4.14526935362763 3.7251967072131 1.76054550858532 3.05148339259747 1.46653953032168 2.60196332036746 2.05575962259983 1.42692974272219 3.25078593736999 2.57348828275734 2.94849259758768 0.976047616256079 1.54503992636332 4.0061525798131 2.3271392352124 1.83241055268398 2.74315024353821 3.65193460079086 2.34254826344721 1.38033712661801 2.46954419913502 0.780844641681968 2.65783853529823 2.33289369013646 2.5193217672913 2.00727814509563 1.6092332185634 2.63123744440292 3.17673727471359 1.04947291007868 0.328154113861061
"NABR" 1.0972127320898 3.4361275445726 6.40537021481531 4.9403603737405 3.50287209695524 4.3478248777774 0.39738005933796 2.27514826704132 3.7251967072131 10.9529922380883 2.16707042324462 3.37811234378245 4.2394221783965 5.06053232803145 3.70906293369743 2.92450889714682 4.30725649257213 3.38481135583969 3.37324608374296 0.618543792533076 1.97358886264006 4.82765709258922 2.50316550340825 2.23369200209437 3.92455090717342 6.00552251352848 2.67787371686144 1.38638355154008 2.48639107149578 1.39856669057438 3.41279111308548 3.24601995064316 3.04127449670451 3.70813858928612 1.70269569064637 4.58533233116761 4.49768601508294 1.41227851410004 1.41117049067261
"NAFM" 0.516678665845975 2.01305906403635 2.76534456358345 2.45587823691721 1.92212819787672 2.14386574615237 0.83827549064797 1.14354651516511 1.76054550858532 2.16707042324462 1.50377957074074 1.50838611269313 0.9389872499662 1.28295843662897 1.03037585362834 0.553606291641469 1.34520025386791 1.3208059941249 1.41270943355865 0.721098118444454 0.851548896764356 1.71982950856052 0.933997646802254 0.870300396068296 1.42789701499163 1.90629910931134 1.14607251776789 1.10712412980758 1.07374349958041 0.434650461824552 1.38841562130175 1.64272272966543 0.850226704104197 0.978222923192654 1.21579830117974 0.962645262822893 1.7055989287588 0.606022162026532 0.623459919789903
"NAPNS" 1.08312024641408 3.61771000783366 6.35720522923284 4.08401094525729 3.03970283967058 3.52933650182252 2.88255317922733 1.73307532197825 3.05148339259747 3.37811234378245 1.50838611269313 4.40578402966299 1.52850120902578 2.83193000576401 2.90321332532155 1.29090503370617 2.70602134844929 1.84556298814872 2.34146227368706 0.809579632784081 1.52637182622603 4.05419156214958 1.96123979088212 1.97048369682696 3.30350579250959 3.07913117989491 2.18969864591132 0.276010220911915 2.17088502101199 0.719766760853111 2.52930881827831 1.84703304704215 2.54921213855498 2.11315831246157 2.13181740454233 2.76976027841476 2.50066764428391 1.13639721504791 0.489560683281978
"BRPT" 0.37800718717093 0.981910488196869 2.12150586603507 1.49653757248898 1.17648801463695 2.10070050214656 0.192482105595924 0.621734442506001 1.46653953032168 4.2394221783965 0.9389872499662 1.52850120902578 3.65177064067405 3.39905673250676 0.741189634939301 1.276187590562 2.22102049196535 1.18553080502814 0.681100403831205 -0.22379924663226 1.04380758179626 1.81070893798638 1.19070275465213 0.919251007627332 1.33072477922652 1.99339524724712 0.651786291724206 0.639349856633599 1.199375560366 0.44200691105203 1.76121560738198 1.46863670900047 1.14865915259384 2.83750706303428 1.6690589434862 3.07892648613138 2.42045609100291 0.501929415143503 1.02268265439587
"BRAPET" 0.8931748190483 2.48945119479772 5.03684157362203 3.45674636468535 2.84468099098031 3.67497103473856 1.21320097446743 1.30784062557227 2.60196332036746 5.06053232803145 1.28295843662897 2.83193000576401 3.39905673250676 4.91878946479267 2.1457181991408 2.38434916286114 3.71534015633776 2.18050739828559 2.2852014144593 1.06231837733575 1.61134909742819 3.60939159877113 1.93415064589919 1.6831991095009 2.582533758703 3.10377865496733 1.77724746284237 0.770533889886551 2.21684839158176 0.846620542115257 2.87292890015913 2.1419657181645 2.11940507353411 3.40584534220687 2.83754453072559 4.41677599525362 3.2899999486635 1.28513120737844 0.989011128661678
"PTFM" 0.974557184731911 3.5944829785808 5.49245784458282 3.81784736956235 2.59356623274426 3.18782567266194 2.20672027502632 0.880480788407164 2.05575962259983 3.70906293369743 1.03037585362834 2.90321332532155 0.741189634939301 2.1457181991408 5.37458004704269 1.70569437183101 2.14071834955397 0.791159583415577 2.19541342333605 1.86877679726066 1.20805982839634 3.47575235656794 1.79369910081366 1.84176801395942 3.48968968009204 3.12421364939588 2.1539410398428 1.10053153583672 2.18666070190808 0.94008267953183 1.93197447762412 2.20025312898751 2.88036452990099 1.62814454926903 1.98047218508772 1.44726397031633 0.953123420358782 0.399604134146688 0.720656164525031
"PTAPET" 0.478330849334999 1.36074910661776 2.43318514740482 1.49287957823231 1.43378265501341 1.86942766975471 0.377191308349841 0.439501841422369 1.42692974272219 2.92450889714682 0.553606291641469 1.29090503370617 1.276187590562 2.38434916286114 1.70569437183101 2.49058053900382 2.68881166887742 1.51400002116179 1.88511158302701 1.95659883137179 0.841628076789503 2.1364561227876 1.20778622188019 0.838620797541804 1.49374523635659 1.30663776273591 1.20007995992747 0.591942387334935 1.00226356762142 0.642081943871803 1.51648821610566 1.1308120936899 1.33221927129446 2.22714110425731 1.29228114221588 2.35107671443717 1.69378627048122 0.488094514036872 0.550835941778275
"PTBA" 0.974037842405899 2.9234425411822 5.33690826802132 3.91645167388381 3.21639148075635 4.11613936256719 1.79445344841281 1.66448994367379 3.25078593736999 4.30725649257213 1.34520025386791 2.70602134844929 2.22102049196535 3.71534015633776 2.14071834955397 2.68881166887742 4.80145785855136 3.32565364467175 3.20007771294377 1.6989690570163 1.54394125451246 4.16534624625501 2.21963614542462 2.05061445072125 3.1413334642995 3.97709758636341 2.27165608216138 1.44837448438694 2.76018699532028 0.901312137789128 3.10879992772644 2.52212293673875 2.39022603505551 3.50102532363457 2.71541326752887 4.15892381220316 4.07013707502637 0.787803764144678 0.643150264856583
"PTEAM" 0.691804337797933 2.19971717628764 4.00573214546214 3.4868785361909 2.56506481682192 2.7447581062249 1.40902074504605 1.8462991845003 2.57348828275734 3.38481135583969 1.3208059941249 1.84556298814872 1.18553080502814 2.18050739828559 0.791159583415577 1.51400002116179 3.32565364467175 4.14689294905281 3.14189297902685 0.514733533959081 1.07335205538841 3.31735070495449 1.4153439351755 1.49589732844273 2.87916538160163 3.74978105209214 2.18648968042101 1.13832104967469 1.90362890469366 0.864440958720348 1.9970968602917 2.14041438207067 2.06075573408948 2.12377418849817 1.97939988072479 2.86768020983417 3.87471177293777 0.660508900692712 0.312413574851707
"PTZYGO" 0.860762703075061 3.14639727811086 5.19393256674492 4.25097797383555 3.32898685047571 3.23141892160728 1.47884339898756 1.88782903852071 2.94849259758768 3.37324608374296 1.41270943355865 2.34146227368706 0.681100403831205 2.2852014144593 2.19541342333605 1.88511158302701 3.20007771294377 3.14189297902685 4.22821404994676 2.38513859725841 1.24517529925854 3.96599753164489 1.72992600461641 1.70596357106042 2.97999176544478 2.86869296666541 2.53699929083053 0.886034825772606 2.04209002767647 0.847082665312451 2.2595379615402 2.28015767932903 2.964724303471 1.6573967195742 2.02579173540533 2.46259007495056 2.95187542442317 0.975276751615386 0.282895883228729
"PTTSP" 0.533185759144652 1.72092240179145 1.84679789878306 1.47505733077957 1.14759557341623 1.76630719684288 0.29879100138273 0.683209420813017 0.976047616256079 0.618543792533076 0.721098118444454 0.809579632784081 -0.22379924663226 1.06231837733575 1.86877679726066 1.95659883137179 1.6989690570163 0.514733533959081 2.38513859725841 7.34733038437052 0.53862282324284 1.19762088997046 0.526002648091904 0.881562936948689 1.33870884380537 -2.93971595627313 0.196924542729074 0.777962717290036 0.88672499638769 0.24341570306017 1.08299676228053 0.857665713667867 -0.159394835495035 0.688965652860838 1.62930940178123 0.340788014208374 0.166176514104195 0.592988980511072 0.806405457312335
"FMZS" 0.692561912990137 2.25290904992101 3.03552121123027 2.09122723660066 1.82447513301979 1.74452267149059 1.38796178516818 -0.0443707901548532 1.54503992636332 1.97358886264006 0.851548896764356 1.52637182622603 1.04380758179626 1.61134909742819 1.20805982839634 0.841628076789503 1.54394125451246 1.07335205538841 1.24517529925854 0.53862282324284 1.96791582081643 2.314248792943 1.53315807910469 0.743016934951785 1.3442124608066 2.33590711514339 1.47576218006942 1.01118763594814 1.15083055278233 0.524793889915101 1.67004202068713 2.12065667149414 1.29906425226473 1.04660816428691 1.64493253692344 1.05306109369213 1.43006718205957 0.750464331247147 0.454698347931428
"FMMT" 1.56774923361446 5.05614672398198 8.13788315360458 6.0622946871848 4.61025872267202 4.38678148140385 3.17311423771282 2.09065428331306 4.0061525798131 4.82765709258922 1.71982950856052 4.05419156214958 1.81070893798638 3.60939159877113 3.47575235656794 2.1364561227876 4.16534624625501 3.31735070495449 3.96599753164489 1.19762088997046 2.314248792943 6.47562178645065 2.85037898067394 2.61579788204535 4.33405191850455 5.31107310670814 4.04046530571562 1.46023312612417 3.0279689810831 1.14405752482782 3.46599932048586 3.14908621263441 3.67744030229829 2.31655960200266 3.11329711200991 2.93751304700009 3.42309059232514 0.917740190290772 0.525070399165176
"ZSZI" 0.721352337412487 2.467639513453 3.5770965776763 2.60965598194459 2.45683673084951 2.33132173472465 1.4243714062576 0.144317855907874 2.3271392352124 2.50316550340825 0.933997646802254 1.96123979088212 1.19070275465213 1.93415064589919 1.79369910081366 1.20778622188019 2.21963614542462 1.4153439351755 1.72992600461641 0.526002648091904 1.53315807910469 2.85037898067394 2.50064483108239 1.03850088064049 1.59448461704541 2.57860488985141 1.65991177590018 1.0258714832234 1.61116181130527 0.555474455905541 1.85716150119272 1.82855009563474 2.0936570290175 1.36599065195362 1.54251282020126 1.60146581111106 2.12636322324803 0.568830089561497 0.405806212330192
"ZIMT" 0.643358462787913 2.07716991240401 3.49046661230676 2.82703340645376 1.9573228901448 2.59893294441915 1.6150161245322 1.20969854685726 1.83241055268398 2.23369200209437 0.870300396068296 1.97048369682696 0.919251007627332 1.6831991095009 1.84176801395942 0.838620797541804 2.05061445072125 1.49589732844273 1.70596357106042 0.881562936948689 0.743016934951785 2.61579788204535 1.03850088064049 2.00906447220533 2.32037970366747 2.47213118854642 1.3129833833852 0.902592503762765 1.45318551180998 0.451799605363108 1.71131657362248 1.14066345928733 1.39926481619782 1.28111838953054 1.7995931506079 1.44449368129142 1.71693027883552 0.318013752090458 0.473736797412124
"ZIZYGO" 0.835760391615792 3.32482072820423 5.99756845444246 4.97102673734745 2.70835094814076 3.82200933672047 2.81211231434499 2.15822651873953 2.74315024353821 3.92455090717342 1.42789701499163 3.30350579250959 1.33072477922652 2.582533758703 3.48968968009204 1.49374523635659 3.1413334642995 2.87916538160163 2.97999176544478 1.33870884380537 1.3442124608066 4.33405191850455 1.59448461704541 2.32037970366747 6.44217116971438 4.77168303274809 2.74261773523803 1.18246692712921 2.56930040210525 1.10701791734291 2.58344882654579 0.941847825274615 3.10530099560098 1.84776913656037 3.06955043276233 2.1230220345482 2.99538954943323 0.778686798838705 0.681097878706709
"ZITSP" 1.33154752770396 5.7942141826591 8.05791045317209 6.94534629855175 4.6715420330174 5.12375109166015 2.91065304670894 1.81481988331432 3.65193460079086 6.00552251352848 1.90629910931134 3.07913117989491 1.99339524724712 3.10377865496733 3.12421364939588 1.30663776273591 3.97709758636341 3.74978105209214 2.86869296666541 -2.93971595627313 2.33590711514339 5.31107310670814 2.57860488985141 2.47213118854642 4.77168303274809 13.4477887882605 4.42747278414268 3.15074977878316 2.68493457706797 1.16392200756965 3.60976612725587 4.34837092500522 2.55816950976947 1.97279046922939 3.5195851345079 2.57402772986088 5.17079124887145 1.95194737514424 0.854246289932174
"MTPNS" 0.989247192814642 4.06196743734307 6.02702502694618 4.327838914988 3.37265360623583 2.67108763032259 1.65643820749098 1.05310641519247 2.34254826344721 2.67787371686144 1.14607251776789 2.18969864591132 0.651786291724206 1.77724746284237 2.1539410398428 1.20007995992747 2.27165608216138 2.18648968042101 2.53699929083053 0.196924542729074 1.47576218006942 4.04046530571562 1.65991177590018 1.3129833833852 2.74261773523803 4.42747278414268 3.65858852922811 1.01270777119365 1.67251673089529 0.805855214985314 1.99284292005598 2.3164783620936 2.26486495028266 0.929810931495626 1.85594510362923 1.17678751508456 2.03469968081033 1.01308456193746 0.27924308247098
"PNSAPET" 0.600379836337858 2.45238515466467 1.59852029442612 2.40541888955112 1.9230377053309 2.19000216101967 0.72817000650451 0.385745147398353 1.38033712661801 1.38638355154008 1.10712412980758 0.276010220911915 0.639349856633599 0.770533889886551 1.10053153583672 0.591942387334935 1.44837448438694 1.13832104967469 0.886034825772606 0.777962717290036 1.01118763594814 1.46023312612417 1.0258714832234 0.902592503762765 1.18246692712921 3.15074977878316 1.01270777119365 3.03447558544674 1.02950279231661 0.277814184639168 1.14567325253201 2.49447261257511 0.185924677589624 0.853100978782265 1.90898468364168 0.352045158551882 1.70716286128926 0.597020318645 0.673340865888641
"APETBA" 0.84641852893326 2.63434705416193 4.55426384915427 3.50457932725572 2.72245778960705 3.06212601180717 2.14637750855192 1.4757641993097 2.46954419913502 2.48639107149578 1.07374349958041 2.17088502101199 1.199375560366 2.21684839158176 2.18666070190808 1.00226356762142 2.76018699532028 1.90362890469366 2.04209002767647 0.88672499638769 1.15083055278233 3.0279689810831 1.61116181130527 1.45318551180998 2.56930040210525 2.68493457706797 1.67251673089529 1.02950279231661 2.69289420656008 0.696239480628385 2.11388998613696 2.13244838885312 2.0965057065089 1.82414589680948 1.53935260736044 2.15176707346328 2.23722964139588 0.335631897721194 0.183936056692708
"APETTS" 0.220435557376421 1.00354783491394 1.36711671275826 1.35592600145207 0.887158454578689 0.805472658867159 0.822420367039938 0.389271589947368 0.780844641681968 1.39856669057438 0.434650461824552 0.719766760853111 0.44200691105203 0.846620542115257 0.94008267953183 0.642081943871803 0.901312137789128 0.864440958720348 0.847082665312451 0.24341570306017 0.524793889915101 1.14405752482782 0.555474455905541 0.451799605363108 1.10701791734291 1.16392200756965 0.805855214985314 0.277814184639168 0.696239480628385 1.1097093777696 0.725712890794424 0.633284702094866 0.665763768432797 0.509873088127515 0.647110379723552 0.49542204283567 0.736813706348863 0.194915484109164 0.0626448907957113
"BAEAM" 0.864760085812851 2.84692721538115 4.90244610027003 3.61226980898836 2.82949918091087 3.37884020486861 1.67818035598303 1.2738924020458 2.65783853529823 3.41279111308548 1.38841562130175 2.52930881827831 1.76121560738198 2.87292890015913 1.93197447762412 1.51648821610566 3.10879992772644 1.9970968602917 2.2595379615402 1.08299676228053 1.67004202068713 3.46599932048586 1.85716150119272 1.71131657362248 2.58344882654579 3.60976612725587 1.99284292005598 1.14567325253201 2.11388998613696 0.725712890794424 2.98352692153633 2.2742644658132 1.90894068143201 2.13613799339917 2.42339224011714 2.47214780934348 2.8261998012773 1.13358182508565 0.770034960411242
"EAMZYGO" 1.19179151580437 4.51854521756612 5.02434048945636 3.79519142640241 3.25826762553622 3.21397714417515 0.963273029073585 0.555551131017165 2.33289369013646 3.24601995064316 1.64272272966543 1.84703304704215 1.46863670900047 2.1419657181645 2.20025312898751 1.1308120936899 2.52212293673875 2.14041438207067 2.28015767932903 0.857665713667867 2.12065667149414 3.14908621263441 1.82855009563474 1.14066345928733 0.941847825274615 4.34837092500522 2.3164783620936 2.49447261257511 2.13244838885312 0.633284702094866 2.2742644658132 5.69121707146762 1.53533313763042 2.01272733226913 1.96408882627448 1.97577204347284 2.70997180246791 1.39021191911472 0.648301989341763
"ZYGOTSP" 0.680313288064652 2.19337792667848 4.52988342512632 3.02502833187061 2.53728220419609 2.4310692548633 1.97593492033643 0.915897092678531 2.5193217672913 3.04127449670451 0.850226704104197 2.54921213855498 1.14865915259384 2.11940507353411 2.88036452990099 1.33221927129446 2.39022603505551 2.06075573408948 2.964724303471 -0.159394835495035 1.29906425226473 3.67744030229829 2.0936570290175 1.39926481619782 3.10530099560098 2.55816950976947 2.26486495028266 0.185924677589624 2.0965057065089 0.665763768432797 1.90894068143201 1.53533313763042 5.19735834698442 1.55605261844557 1.21001915676092 2.07104250328759 2.00666487230108 0.319987818655501 0.0317217070076697
"LDAS" 0.386006958665774 1.15080021062628 2.98255032105867 1.53814390026621 1.42558518594295 2.71571203629298 0.363976808809417 0.979601197999471 2.00727814509563 3.70813858928612 0.978222923192654 2.11315831246157 2.83750706303428 3.40584534220687 1.62814454926903 2.22714110425731 3.50102532363457 2.12377418849817 1.6573967195742 0.688965652860838 1.04660816428691 2.31655960200266 1.36599065195362 1.28111838953054 1.84776913656037 1.97279046922939 0.929810931495626 0.853100978782265 1.82414589680948 0.509873088127515 2.13613799339917 2.01272733226913 1.55605261844557 5.21951319054538 1.91319192356518 5.40996309643038 3.05747872562193 0.641786285690399 0.694957996209557
"BRLD" 0.382831998182534 2.20549373041351 3.53964433736698 3.18913707351767 2.10097970821368 3.2049160487043 0.945658957597431 0.38086718374175 1.6092332185634 1.70269569064637 1.21579830117974 2.13181740454233 1.6690589434862 2.83754453072559 1.98047218508772 1.29228114221588 2.71541326752887 1.97939988072479 2.02579173540533 1.62930940178123 1.64493253692344 3.11329711200991 1.54251282020126 1.7995931506079 3.06955043276233 3.5195851345079 1.85594510362923 1.90898468364168 1.53935260736044 0.647110379723552 2.42339224011714 1.96408882627448 1.21001915676092 1.91319192356518 7.78626689317728 1.80472313067533 3.35778593265757 0.905144280619809 1.30537004081979
"OPILD" 0.508106671813761 1.09185226920296 4.06966233204019 2.0947709053497 1.9820675669504 3.29842154909621 0.284530965401783 1.58292638354968 2.63123744440292 4.58533233116761 0.962645262822893 2.76976027841476 3.07892648613138 4.41677599525362 1.44726397031633 2.35107671443717 4.15892381220316 2.86768020983417 2.46259007495056 0.340788014208374 1.05306109369213 2.93751304700009 1.60146581111106 1.44449368129142 2.1230220345482 2.57402772986088 1.17678751508456 0.352045158551882 2.15176707346328 0.49542204283567 2.47214780934348 1.97577204347284 2.07104250328759 5.40996309643038 1.80472313067533 7.91934994630595 4.27071688359365 1.88871121806229 0.0782522621286295
"PTAS" 0.657214793567493 2.51139693057031 4.2501423270674 3.64757375263976 2.8070921381173 3.55485050539916 0.843658700181354 1.63248018437725 3.17673727471359 4.49768601508294 1.7055989287588 2.50066764428391 2.42045609100291 3.2899999486635 0.953123420358782 1.69378627048122 4.07013707502637 3.87471177293777 2.95187542442317 0.166176514104195 1.43006718205957 3.42309059232514 2.12636322324803 1.71693027883552 2.99538954943323 5.17079124887145 2.03469968081033 1.70716286128926 2.23722964139588 0.736813706348863 2.8261998012773 2.70997180246791 2.00666487230108 3.05747872562193 3.35778593265757 4.27071688359365 5.91533097266498 1.60326830922995 0.823745884256428
"JPAS" 0.43823891492556 1.82182007172421 2.72211943920666 1.63090763679245 1.45293894732339 1.67717413597073 -0.410163226550023 0.28193645904906 1.04947291007868 1.41227851410004 0.606022162026532 1.13639721504791 0.501929415143503 1.28513120737844 0.399604134146688 0.488094514036872 0.787803764144678 0.660508900692712 0.975276751615386 0.592988980511072 0.750464331247147 0.917740190290772 0.568830089561497 0.318013752090458 0.778686798838705 1.95194737514424 1.01308456193746 0.597020318645 0.335631897721194 0.194915484109164 1.13358182508565 1.39021191911472 0.319987818655501 0.641786285690399 0.905144280619809 1.88871121806229 1.60326830922995 3.86577967517072 -0.0677126340275207
"BAOPI" 0.19245120397528 0.760244897907385 0.799486224842526 0.705936924934171 0.429944321426497 0.926828149373098 0.0169618820471578 0.0699992162317546 0.328154113861061 1.41117049067261 0.623459919789903 0.489560683281978 1.02268265439587 0.989011128661678 0.720656164525031 0.550835941778275 0.643150264856583 0.312413574851707 0.282895883228729 0.806405457312335 0.454698347931428 0.525070399165176 0.405806212330192 0.473736797412124 0.681097878706709 0.854246289932174 0.27924308247098 0.673340865888641 0.183936056692708 0.0626448907957113 0.770034960411242 0.648301989341763 0.0317217070076697 0.694957996209557 1.30537004081979 0.0782522621286295 0.823745884256428 -0.0677126340275207 1.28460763780815
