"" "ISPM" "ISNSL" "ISPNS" "PMZS" "PMZI" "PMMT" "NSLNA" "NSLZS" "NSLZI" "NABR" "NAFM" "NAPNS" "BRPT" "BRAPET" "PTFM" "PTAPET" "PTBA" "PTEAM" "PTZYGO" "PTTSP" "FMZS" "FMMT" "ZSZI" "ZIMT" "ZIZYGO" "ZITSP" "MTPNS" "PNSAPET" "APETBA" "APETTS" "BAEAM" "EAMZYGO" "ZYGOTSP" "LDAS" "BRLD" "OPILD" "PTAS" "JPAS" "BAOPI"
"ISPM" 1.04782288153518 1.70496199855674 2.18852075568778 1.4191327128312 1.36286216869584 1.0158483607076 0.222100638159379 0.616250873137717 1.18579296700414 0.472763526297391 0.755368322809272 1.15413622441278 0.595889256986788 0.891034033106593 0.699978600187427 0.171454164353155 0.278435974678495 0.361701994065861 0.251529511591344 -0.348543051475781 -0.189443280961909 1.34184545242808 0.862992352258188 0.714481457288714 0.588244793735956 0.58631861385206 0.697254810881666 0.311479669468078 0.261368020938536 0.079948513733792 0.552911859684222 0.444019053613736 0.585640130850615 0.518378165259697 0.160555099108377 0.679141697442208 0.619774297097187 0.676413933597577 0.417286114828545
"ISNSL" 1.70496199855674 9.11419618343116 8.52345359696941 8.10677186704309 8.50284950526597 4.71254027753851 2.38917605236822 1.77180828661913 4.52131818344791 0.812408787173992 2.74018848181767 4.25803377237391 0.980035305750115 2.94979906964134 2.2305388454242 1.61397805775531 2.14761426239112 2.9877012602649 2.72999844771409 -0.669839997883363 0.131127598731795 5.56746582753674 3.56737853665325 1.95826859569689 1.76201595902822 2.40410475312579 3.09127219648209 2.1091023006316 0.95488775817936 0.214378713707389 2.67018298063134 1.59853197401267 2.95875687399205 1.05634998185842 2.04332916933445 1.8312209366948 2.99683052612746 3.41863736306486 0.0220906165367921
"ISPNS" 2.18852075568778 8.52345359696941 12.6662336077387 10.4511804693373 11.0509258311884 6.1174358474918 3.64485780950342 3.40892011118128 6.0145198748558 2.23143219398076 3.38082870037675 5.58079589045988 0.908920438270285 3.46968095044449 4.46207588929968 1.8845998622781 2.41398511834514 2.29383586788589 3.0949612433592 -0.167601600204609 0.314865128380453 7.24730531211946 4.39550358764957 1.88580386087182 2.40568303733777 2.68922345141652 4.50752624679954 1.24577508765858 1.89864514855633 0.344010602448233 3.05483532683868 1.95199777293075 3.40118370367512 0.899312270436693 2.88992054600894 1.70950771853207 2.98142098445076 4.49283711317547 0.228096074742594
"PMZS" 1.4191327128312 8.10677186704309 10.4511804693373 12.7752671427862 11.5992809288021 6.45165150101651 7.17831252574442 3.92373166464378 5.99472781621034 2.04570278993329 2.97588936217327 5.64953697587154 -0.0375784076832262 2.75960339014429 4.84200580550621 2.24155328387742 2.86951811203571 2.58029109008611 4.18743922025482 0.994279513867886 0.86458632404321 7.06326633931916 4.71225461856411 2.39424153127216 2.83193355636456 2.66628232554863 3.34287997768832 2.40998406001176 2.14253934403299 0.219393493822202 3.45420359390495 1.97254558352206 4.51758340924051 0.537015569724214 2.31479245344461 0.866508601402505 2.75505624220363 4.51745355145076 0.390090624244476
"PMZI" 1.36286216869584 8.50284950526597 11.0509258311884 11.5992809288021 13.0908154453159 7.02318760099814 5.52441995424851 4.0022356030888 7.05822431937037 1.84629211858487 3.13666086594781 5.36964869353634 -0.0463463256508357 3.08652579112074 4.66036103754264 2.75774987132856 3.17634883928115 2.4352571777008 4.10875233555753 0.581688135636903 0.629629979924649 7.23109858484595 4.79156230778985 2.02062612394426 1.9593630411425 2.02516752846474 3.4362374179117 2.19557934124941 2.07698201894361 0.676933416520559 3.192053562643 0.492972342665823 4.27712963144254 0.754120810808519 2.64691475709764 0.882630633975389 2.7904872868663 4.41634834967008 0.113480138814273
"PMMT" 1.0158483607076 4.71254027753851 6.1174358474918 6.45165150101651 7.02318760099814 6.27867841175774 2.87744567382923 1.99361279852453 4.06488900350444 1.04829643557829 2.12059643773661 3.36274197463173 0.515344549803932 2.86167416477375 2.35761089998741 1.69588342469521 2.23700692644093 2.36141902625922 2.78158578177373 -0.163884855645488 0.362176221161775 4.21082583744052 3.17230300244675 2.27332090311594 1.76169079424982 2.04353118127314 1.04142323051009 1.51467635419014 1.46262492129225 0.893238066995651 2.03293151173725 0.850927343070736 2.76167067847036 0.144424822605411 2.33238293141185 1.48942160858616 2.6114543060374 2.85853452101845 -0.310684906198257
"NSLNA" 0.222100638159379 2.38917605236822 3.64485780950342 7.17831252574442 5.52441995424851 2.87744567382923 8.50018002580488 2.96462744573006 3.34319386909692 -0.254842561022182 1.62634312754426 3.08471560356599 -1.38768731414673 -0.147535100987609 2.42651920230311 1.63705006263973 2.0431092488139 1.62479623393799 3.45990444174852 1.56328766429944 0.836565773777536 2.68370903081804 2.58286901478234 0.820686176568581 2.06235233760644 1.98261033767481 1.00558230934644 1.83953168351667 1.39043063446326 0.0425615905528905 1.60041112081106 0.735656060777793 3.59103430711806 0.0569029387836532 -0.565993174013479 -1.148369758154 1.47532466410724 1.66441688762735 0.949737091618417
"NSLZS" 0.616250873137717 1.77180828661913 3.40892011118128 3.92373166464378 4.0022356030888 1.99361279852453 2.96462744573006 3.06990939038649 2.9450707988356 0.906593662061036 0.986172890183271 1.51672103901271 -0.316466438022801 0.36849248639165 2.16126174425586 0.685002081549616 0.70902961151882 -0.3021615503144 1.21152444238466 0.697065405692024 -0.414311285548016 2.10962351323317 1.01875750534267 0.523517821306067 0.328796768049304 0.57910848585882 0.885957792585517 0.612746503615896 0.898335171388392 0.403481170447127 1.01081296770958 0.206080870526655 1.30904680193215 0.401889836456325 0.445059083555757 -0.464655175361489 0.236960525105856 1.16747061053317 0.521416453334316
"NSLZI" 1.18579296700414 4.52131818344791 6.0145198748558 5.99472781621034 7.05822431937037 4.06488900350444 3.34319386909692 2.9450707988356 5.29230167125362 1.44060518751028 2.0619533362751 3.24370685701586 0.405539070904689 1.69801789787384 2.55435923578885 1.27483283219269 1.63209586948531 1.0641748422528 2.07516547678919 0.0336450846896515 0.202691017583893 4.19265385488838 3.41206507794157 1.43757844649395 1.51511677351556 2.16467527852742 1.86862796994602 1.3143147710843 1.22375127357093 0.645289947245704 1.69617536884401 0.0387353008398513 2.12281217597195 0.793930661780794 1.10723419429391 0.612945701362932 1.73736553014816 2.30668468357218 0.397884668496875
"NABR" 0.472763526297391 0.812408787173992 2.23143219398076 2.04570278993329 1.84629211858487 1.04829643557829 -0.254842561022182 0.906593662061036 1.44060518751028 5.57527292728196 0.843475223213059 1.25426641894229 1.90994355079013 1.55899102970822 1.96000237102168 -0.191552544930374 0.299842640470866 0.204324065228106 0.887888632541766 -0.628750529381897 0.590769566808686 2.28416682711663 1.28993138992848 0.5299791413223 0.412944642563994 1.64293692413142 0.902342914205715 -0.129031399849152 0.878046828356402 -0.25728901321149 0.740017761716208 0.548577198462017 0.882353162055491 0.751815000166586 -0.280454025535089 0.856165988812506 -0.0590093657514813 1.14038453949638 0.133317912653564
"NAFM" 0.755368322809272 2.74018848181767 3.38082870037675 2.97588936217327 3.13666086594781 2.12059643773661 1.62634312754426 0.986172890183271 2.0619533362751 0.843475223213059 2.1484490794989 2.73670636326253 1.12418560079487 1.95865377697205 1.25045996569492 0.733241211412247 1.05239965681798 1.37800339680366 1.14019897877834 -0.53534669417671 0.300738093211572 2.46366277527328 1.54502134856438 0.821387048610766 1.23988378059847 1.38299881416564 1.33551772519072 0.78688154396335 0.522506402776414 0.166939974397084 1.11064945423375 0.852511434464464 1.14838961431711 0.733813545554612 1.3150692268132 1.16050262151546 1.49853733509952 1.39133439008813 0.307593641656324
"NAPNS" 1.15413622441278 4.25803377237391 5.58079589045988 5.64953697587154 5.36964869353634 3.36274197463173 3.08471560356599 1.51672103901271 3.24370685701586 1.25426641894229 2.73670636326253 4.91583827061259 1.21218815727656 2.79089244645205 2.31730880929279 1.4126971140974 1.86046629926473 2.25731746726615 1.8115087913435 -0.0397264090606883 0.525359932025226 4.38720649206796 2.78050306031252 1.41742236185708 2.08173363821326 1.70054091956799 1.97479919463305 0.996366819925191 1.01871431082267 0.323080632774061 2.01833498350076 1.56143117248054 2.00262594857162 0.992530040093884 1.83526397270624 1.43725553246935 2.23676089053665 2.21126890568374 0.483043152573395
"BRPT" 0.595889256986788 0.980035305750115 0.908920438270285 -0.0375784076832262 -0.0463463256508357 0.515344549803932 -1.38768731414673 -0.316466438022801 0.405539070904689 1.90994355079013 1.12418560079487 1.21218815727656 3.60871475077055 2.53402646694717 -1.05640536719218 -1.57318938271042 -0.613611476387052 0.550913161160316 -1.53162868942507 -2.46801846270625 0.0656402726590534 1.4882412157248 0.462242618247163 0.907786936593588 0.756122038724157 0.686569935841208 0.549107062695717 -0.300901024198358 0.431267591803537 -0.108428430521928 0.577933148446757 -0.0321214394022344 -0.744059478387856 2.05941001158304 1.59122303506785 2.10155777146177 1.28490929310097 0.160050185674263 -0.0732136772941805
"BRAPET" 0.891034033106593 2.94979906964134 3.46968095044449 2.75960339014429 3.08652579112074 2.86167416477375 -0.147535100987609 0.36849248639165 1.69801789787384 1.55899102970822 1.95865377697205 2.79089244645205 2.53402646694717 4.48395150415813 0.880534006712307 0.978432014556259 1.74848643153208 1.91008620040741 0.822664118454346 -1.56342615406983 0.172396608230491 3.52682857776477 1.41092807464582 1.66671800854731 1.58233136848415 1.30133234521077 1.24825006184179 0.524647431468695 0.993693289790573 0.312665107120586 1.87134973710079 0.648825540090751 1.37461229397431 1.52538523059259 2.60035594262345 3.07131413454114 2.03265057703705 1.99386950273853 -0.297953525778436
"PTFM" 0.699978600187427 2.2305388454242 4.46207588929968 4.84200580550621 4.66036103754264 2.35761089998741 2.42651920230311 2.16126174425586 2.55435923578885 1.96000237102168 1.25045996569492 2.31730880929279 -1.05640536719218 0.880534006712307 5.14495325284793 2.06424292246992 1.37109015231039 -1.02829926483253 1.94456399466294 2.31894732002589 -0.042739450665313 2.71423471138801 1.80224471937431 0.625246652894343 0.858254664468405 0.694751528565711 1.53856921059433 0.976735601552329 0.895603521546702 0.542915377215618 1.30219793469873 1.07935410451019 1.92696885508732 -0.355487013998048 0.499573856162968 -0.183026849791347 -0.909708496183039 2.44171022526274 0.42278677843888
"PTAPET" 0.171454164353155 1.61397805775531 1.8845998622781 2.24155328387742 2.75774987132856 1.69588342469521 1.63705006263973 0.685002081549616 1.27483283219269 -0.191552544930374 0.733241211412247 1.4126971140974 -1.57318938271042 0.978432014556259 2.06424292246992 3.64946504052302 2.98534858912633 1.41647028180314 2.73487918394919 1.65546288829421 0.254529845489457 1.73129333413175 1.01794418439732 0.544095403177578 0.723851445266285 0.373990935423644 0.627193502086316 1.05134309396201 0.159180538592678 0.488785831428688 1.19827900312628 0.782133361372393 2.40893784106118 -0.57829629462865 0.335810504289116 0.254932893066326 0.740437002999944 1.42468485989904 0.023924008538231
"PTBA" 0.278435974678495 2.14761426239112 2.41398511834514 2.86951811203571 3.17634883928115 2.23700692644093 2.0431092488139 0.70902961151882 1.63209586948531 0.299842640470866 1.05239965681798 1.86046629926473 -0.613611476387052 1.74848643153208 1.37109015231039 2.98534858912633 3.63649840804177 2.73349811716132 3.12871144148447 0.873876394850664 0.360146936295143 2.43033607182752 1.4030217052263 0.844958900976878 1.47834695542815 0.970957963339095 0.923771169155843 1.28755418569324 1.09978947049094 0.164001265779653 1.4645274499336 0.688133781869218 2.82350561770879 -0.162090829782108 0.337597508332427 0.604927588817694 1.95127247641939 1.35749910154648 0.381774549123872
"PTEAM" 0.361701994065861 2.9877012602649 2.29383586788589 2.58029109008611 2.4352571777008 2.36141902625922 1.62479623393799 -0.3021615503144 1.0641748422528 0.204324065228106 1.37800339680366 2.25731746726615 0.550913161160316 1.91008620040741 -1.02829926483253 1.41647028180314 2.73349811716132 5.79903359164414 3.14461057921709 -0.882059687950207 0.670598518661722 2.23950582864242 1.74371264468754 0.409445169841942 1.64357616957562 1.91295859504641 0.817287575738424 1.14272503484392 0.47511027693458 -0.498637945954967 1.38554844854128 1.63796129721088 2.69348737925352 -0.152947476233586 1.05945290453069 1.46374423624001 4.09777993009703 0.950709970075466 0.155061620027699
"PTZYGO" 0.251529511591344 2.72999844771409 3.0949612433592 4.18743922025482 4.10875233555753 2.78158578177373 3.45990444174852 1.21152444238466 2.07516547678919 0.887888632541766 1.14019897877834 1.8115087913435 -1.53162868942507 0.822664118454346 1.94456399466294 2.73487918394919 3.12871144148447 3.14461057921709 4.90094129331475 1.14814845391114 0.495911121739904 2.13734968688223 1.88650230186951 0.636274523589339 1.54223158512196 1.97901879563829 0.741439460055436 1.53075066886047 0.897408100722945 0.0385906486755431 1.39347149178999 0.666797944974713 3.966331710748 -1.11260320123807 -0.370866163991022 -0.452763170516036 1.86309401859424 1.85233146700387 0.423758557790192
"PTTSP" -0.348543051475781 -0.669839997883363 -0.167601600204609 0.994279513867886 0.581688135636903 -0.163884855645488 1.56328766429944 0.697065405692024 0.0336450846896515 -0.628750529381897 -0.53534669417671 -0.0397264090606883 -2.46801846270625 -1.56342615406983 2.31894732002589 1.65546288829421 0.873876394850664 -0.882059687950207 1.14814845391114 4.05913407481627 0.147855946685779 -0.362518587459664 0.0776683842023019 -0.601509170035289 -0.40655639903111 -1.32506445110855 -0.439061702593954 0.513348789300651 0.0282248348578831 0.273636248505761 0.031996286275529 0.728114526737286 0.319232518050608 -1.04868986064254 -1.12986360561642 -1.0944939239227 -1.39583742400276 -0.0176713704404832 0.179654613940166
"FMZS" -0.189443280961909 0.131127598731795 0.314865128380453 0.86458632404321 0.629629979924649 0.362176221161775 0.836565773777536 -0.414311285548016 0.202691017583893 0.590769566808686 0.300738093211572 0.525359932025226 0.0656402726590534 0.172396608230491 -0.042739450665313 0.254529845489457 0.360146936295143 0.670598518661722 0.495911121739904 0.147855946685779 1.27746185915726 0.948826477481288 0.744022624404297 0.247772308066016 0.811691658519841 0.53216372196602 0.25930394652574 0.267097693242353 0.0323857718256386 -0.216622135465354 0.0938576986973255 0.0874694877217666 0.0473216987510185 -0.113474728567379 0.0735839976290278 0.300981765912299 0.365385982470774 0.104402714084948 -0.152784381235815
"FMMT" 1.34184545242808 5.56746582753674 7.24730531211946 7.06326633931916 7.23109858484595 4.21082583744052 2.68370903081804 2.10962351323317 4.19265385488838 2.28416682711663 2.46366277527328 4.38720649206796 1.4882412157248 3.52682857776477 2.71423471138801 1.73129333413175 2.43033607182752 2.23950582864242 2.13734968688223 -0.362518587459664 0.948826477481288 7.06505146835352 3.29759450901421 2.46702865564759 2.19978018254876 1.84823442187897 3.0244334738621 1.40426965323979 1.36268300493029 0.304249781362781 2.58032705502092 1.24517258678752 2.10147413645742 1.1923003923608 2.82374105379218 1.94811800061164 2.53885651090022 2.83902877146743 0.0228370003906403
"ZSZI" 0.862992352258188 3.56737853665325 4.39550358764957 4.71225461856411 4.79156230778985 3.17230300244675 2.58286901478234 1.01875750534267 3.41206507794157 1.28993138992848 1.54502134856438 2.78050306031252 0.462242618247163 1.41092807464582 1.80224471937431 1.01794418439732 1.4030217052263 1.74371264468754 1.88650230186951 0.0776683842023019 0.744022624404297 3.29759450901421 3.4475752945536 1.16484504213615 1.69486698392271 2.28645592346951 1.51637727799017 1.18513609855131 0.788517915943015 0.19670777280862 1.33863078596872 0.755028031127243 1.99419755623485 0.398167396845859 0.750090612278583 0.883214614761139 1.83386551179747 1.93073832781811 0.24795482387058
"ZIMT" 0.714481457288714 1.95826859569689 1.88580386087182 2.39424153127216 2.02062612394426 2.27332090311594 0.820686176568581 0.523517821306067 1.43757844649395 0.5299791413223 0.821387048610766 1.41742236185708 0.907786936593588 1.66671800854731 0.625246652894343 0.544095403177578 0.844958900976878 0.409445169841942 0.636274523589339 -0.601509170035289 0.247772308066016 2.46702865564759 1.16484504213615 2.67603311561301 1.20996312223631 0.679415677119253 0.270356832842012 0.592336668495546 0.479047303150723 0.321085663324273 1.07731570107931 0.240255772295345 0.677733859098418 0.192328259674571 1.62294066162328 0.985725053020046 1.24676748036481 1.42667375091402 -0.191577723117809
"ZIZYGO" 0.588244793735956 1.76201595902822 2.40568303733777 2.83193355636456 1.9593630411425 1.76169079424982 2.06235233760644 0.328796768049304 1.51511677351556 0.412944642563994 1.23988378059847 2.08173363821326 0.756122038724157 1.58233136848415 0.858254664468405 0.723851445266285 1.47834695542815 1.64357616957562 1.54223158512196 -0.40655639903111 0.811691658519841 2.19978018254876 1.69486698392271 1.20996312223631 4.84348897882176 2.135912786357 1.45522567417845 1.49517833114454 0.773510040807019 0.0663533611341942 1.03730871222404 -0.600118231657691 1.47887788516346 0.612171691416531 0.467144861273862 1.09705259869386 1.567716824258 1.14217597009767 0.486323367121242
"ZITSP" 0.58631861385206 2.40410475312579 2.68922345141652 2.66628232554863 2.02516752846474 2.04353118127314 1.98261033767481 0.57910848585882 2.16467527852742 1.64293692413142 1.38299881416564 1.70054091956799 0.686569935841208 1.30133234521077 0.694751528565711 0.373990935423644 0.970957963339095 1.91295859504641 1.97901879563829 -1.32506445110855 0.53216372196602 1.84823442187897 2.28645592346951 0.679415677119253 2.135912786357 4.70911787313426 1.38124315926167 0.812445965245485 0.734801652506122 0.0992411255586389 0.859495079556724 1.22054352216233 1.52999624761093 0.198203095461769 -0.511275235758749 1.04441573235263 1.55598212857816 1.58247249241944 -0.00350652227805128
"MTPNS" 0.697254810881666 3.09127219648209 4.50752624679954 3.34287997768832 3.4362374179117 1.04142323051009 1.00558230934644 0.885957792585517 1.86862796994602 0.902342914205715 1.33551772519072 1.97479919463305 0.549107062695717 1.24825006184179 1.53856921059433 0.627193502086316 0.923771169155843 0.817287575738424 0.741439460055436 -0.439061702593954 0.25930394652574 3.0244334738621 1.51637727799017 0.270356832842012 1.45522567417845 1.38124315926167 2.80973786888109 0.62446045858009 0.511820799610594 -0.310099826112679 1.08448997216914 0.777120197812665 0.957607578330982 0.603050615315264 1.1082562390829 0.720386948235822 0.998168464100521 1.56119493375401 0.330278164714331
"PNSAPET" 0.311479669468078 2.1091023006316 1.24577508765858 2.40998406001176 2.19557934124941 1.51467635419014 1.83953168351667 0.612746503615896 1.3143147710843 -0.129031399849152 0.78688154396335 0.996366819925191 -0.300901024198358 0.524647431468695 0.976735601552329 1.05134309396201 1.28755418569324 1.14272503484392 1.53075066886047 0.513348789300651 0.267097693242353 1.40426965323979 1.18513609855131 0.592336668495546 1.49517833114454 0.812445965245485 0.62446045858009 2.23327431452067 -0.00948927279664191 -0.215450257175828 0.73876450755314 0.272722809457425 1.48523419877506 -0.166108435506373 0.379495362568471 0.10097845486578 0.717281123524334 0.604174346629856 0.327876806037584
"APETBA" 0.261368020938536 0.95488775817936 1.89864514855633 2.14253934403299 2.07698201894361 1.46262492129225 1.39043063446326 0.898335171388392 1.22375127357093 0.878046828356402 0.522506402776414 1.01871431082267 0.431267591803537 0.993693289790573 0.895603521546702 0.159180538592678 1.09978947049094 0.47511027693458 0.897408100722945 0.0282248348578831 0.0323857718256386 1.36268300493029 0.788517915943015 0.479047303150723 0.773510040807019 0.734801652506122 0.511820799610594 -0.00948927279664191 1.71466842916542 0.248488419821958 0.626281712897245 -0.121711991373564 1.03820811823401 0.704587859500407 -0.402790081285826 0.129092467459098 0.621840792795713 0.648885581528571 0.452750710694878
"APETTS" 0.079948513733792 0.214378713707389 0.344010602448233 0.219393493822202 0.676933416520559 0.893238066995651 0.0425615905528905 0.403481170447127 0.645289947245704 -0.25728901321149 0.166939974397084 0.323080632774061 -0.108428430521928 0.312665107120586 0.542915377215618 0.488785831428688 0.164001265779653 -0.498637945954967 0.0385906486755431 0.273636248505761 -0.216622135465354 0.304249781362781 0.19670777280862 0.321085663324273 0.0663533611341942 0.0992411255586389 -0.310099826112679 -0.215450257175828 0.248488419821958 1.07889145524163 0.161676077611227 -0.424013662919346 -0.0912124990434431 0.301241180244224 0.292428262001415 0.0578509296025676 -0.173405759194597 0.099299062140668 -0.213392649487282
"BAEAM" 0.552911859684222 2.67018298063134 3.05483532683868 3.45420359390495 3.192053562643 2.03293151173725 1.60041112081106 1.01081296770958 1.69617536884401 0.740017761716208 1.11064945423375 2.01833498350076 0.577933148446757 1.87134973710079 1.30219793469873 1.19827900312628 1.4645274499336 1.38554844854128 1.39347149178999 0.031996286275529 0.0938576986973255 2.58032705502092 1.33863078596872 1.07731570107931 1.03730871222404 0.859495079556724 1.08448997216914 0.73876450755314 0.626281712897245 0.161676077611227 1.72049687963121 0.950745976557329 1.75402448335531 0.484519902063416 1.54342236469292 0.821313422285297 1.45646140227112 1.73052395818426 0.172785882042359
"EAMZYGO" 0.444019053613736 1.59853197401267 1.95199777293075 1.97254558352206 0.492972342665823 0.850927343070736 0.735656060777793 0.206080870526655 0.0387353008398513 0.548577198462017 0.852511434464464 1.56143117248054 -0.0321214394022344 0.648825540090751 1.07935410451019 0.782133361372393 0.688133781869218 1.63796129721088 0.666797944974713 0.728114526737286 0.0874694877217666 1.24517258678752 0.755028031127243 0.240255772295345 -0.600118231657691 1.22054352216233 0.777120197812665 0.272722809457425 -0.121711991373564 -0.424013662919346 0.950745976557329 4.25296315971173 0.688979429213053 -0.744448046854139 0.69348667854214 0.624812418486555 1.05754750024507 1.26755925004173 0.0353269319240836
"ZYGOTSP" 0.585640130850615 2.95875687399205 3.40118370367512 4.51758340924051 4.27712963144254 2.76167067847036 3.59103430711806 1.30904680193215 2.12281217597195 0.882353162055491 1.14838961431711 2.00262594857162 -0.744059478387856 1.37461229397431 1.92696885508732 2.40893784106118 2.82350561770879 2.69348737925352 3.966331710748 0.319232518050608 0.0473216987510185 2.10147413645742 1.99419755623485 0.677733859098418 1.47887788516346 1.52999624761093 0.957607578330982 1.48523419877506 1.03820811823401 -0.0912124990434431 1.75402448335531 0.688979429213053 4.76158509784331 -0.311967389140715 -0.11840982892236 -0.460863884938407 1.77226651358203 2.06172121776128 0.782805947816489
"LDAS" 0.518378165259697 1.05634998185842 0.899312270436693 0.537015569724214 0.754120810808519 0.144424822605411 0.0569029387836532 0.401889836456325 0.793930661780794 0.751815000166586 0.733813545554612 0.992530040093884 2.05941001158304 1.52538523059259 -0.355487013998048 -0.57829629462865 -0.162090829782108 -0.152947476233586 -1.11260320123807 -1.04868986064254 -0.113474728567379 1.1923003923608 0.398167396845859 0.192328259674571 0.612171691416531 0.198203095461769 0.603050615315264 -0.166108435506373 0.704587859500407 0.301241180244224 0.484519902063416 -0.744448046854139 -0.311967389140715 3.66812024568097 -0.478930784395748 2.32359421927871 0.458101188267729 -0.308593505862676 0.267548794578266
"BRLD" 0.160555099108377 2.04332916933445 2.88992054600894 2.31479245344461 2.64691475709764 2.33238293141185 -0.565993174013479 0.445059083555757 1.10723419429391 -0.280454025535089 1.3150692268132 1.83526397270624 1.59122303506785 2.60035594262345 0.499573856162968 0.335810504289116 0.337597508332427 1.05945290453069 -0.370866163991022 -1.12986360561642 0.0735839976290278 2.82374105379218 0.750090612278583 1.62294066162328 0.467144861273862 -0.511275235758749 1.1082562390829 0.379495362568471 -0.402790081285826 0.292428262001415 1.54342236469292 0.69348667854214 -0.11840982892236 -0.478930784395748 8.90242839285067 0.821608393568346 2.34167346033583 1.31526862029851 -0.678145614800066
"OPILD" 0.679141697442208 1.8312209366948 1.70950771853207 0.866508601402505 0.882630633975389 1.48942160858616 -1.148369758154 -0.464655175361489 0.612945701362932 0.856165988812506 1.16050262151546 1.43725553246935 2.10155777146177 3.07131413454114 -0.183026849791347 0.254932893066326 0.604927588817694 1.46374423624001 -0.452763170516036 -1.0944939239227 0.300981765912299 1.94811800061164 0.883214614761139 0.985725053020046 1.09705259869386 1.04441573235263 0.720386948235822 0.10097845486578 0.129092467459098 0.0578509296025676 0.821313422285297 0.624812418486555 -0.460863884938407 2.32359421927871 0.821608393568346 5.12272060184117 1.60554615830657 1.20048337710695 -0.885667148620243
"PTAS" 0.619774297097187 2.99683052612746 2.98142098445076 2.75505624220363 2.7904872868663 2.6114543060374 1.47532466410724 0.236960525105856 1.73736553014816 -0.0590093657514813 1.49853733509952 2.23676089053665 1.28490929310097 2.03265057703705 -0.909708496183039 0.740437002999944 1.95127247641939 4.09777993009703 1.86309401859424 -1.39583742400276 0.365385982470774 2.53885651090022 1.83386551179747 1.24676748036481 1.567716824258 1.55598212857816 0.998168464100521 0.717281123524334 0.621840792795713 -0.173405759194597 1.45646140227112 1.05754750024507 1.77226651358203 0.458101188267729 2.34167346033583 1.60554615830657 4.37683595840897 1.39651098968569 0.261327942041869
"JPAS" 0.676413933597577 3.41863736306486 4.49283711317547 4.51745355145076 4.41634834967008 2.85853452101845 1.66441688762735 1.16747061053317 2.30668468357218 1.14038453949638 1.39133439008813 2.21126890568374 0.160050185674263 1.99386950273853 2.44171022526274 1.42468485989904 1.35749910154648 0.950709970075466 1.85233146700387 -0.0176713704404832 0.104402714084948 2.83902877146743 1.93073832781811 1.42667375091402 1.14217597009767 1.58247249241944 1.56119493375401 0.604174346629856 0.648885581528571 0.099299062140668 1.73052395818426 1.26755925004173 2.06172121776128 -0.308593505862676 1.31526862029851 1.20048337710695 1.39651098968569 3.5167919725868 -0.0818843819845471
"BAOPI" 0.417286114828545 0.0220906165367921 0.228096074742594 0.390090624244476 0.113480138814273 -0.310684906198257 0.949737091618417 0.521416453334316 0.397884668496875 0.133317912653564 0.307593641656324 0.483043152573395 -0.0732136772941805 -0.297953525778436 0.42278677843888 0.023924008538231 0.381774549123872 0.155061620027699 0.423758557790192 0.179654613940166 -0.152784381235815 0.0228370003906403 0.24795482387058 -0.191577723117809 0.486323367121242 -0.00350652227805128 0.330278164714331 0.327876806037584 0.452750710694878 -0.213392649487282 0.172785882042359 0.0353269319240836 0.782805947816489 0.267548794578266 -0.678145614800066 -0.885667148620243 0.261327942041869 -0.0818843819845471 1.65000059468185
