"" "ISPM" "ISNSL" "ISPNS" "PMZS" "PMZI" "PMMT" "NSLNA" "NSLZS" "NSLZI" "NABR" "NAFM" "NAPNS" "BRPT" "BRAPET" "PTFM" "PTAPET" "PTBA" "PTEAM" "PTZYGO" "PTTSP" "FMZS" "FMMT" "ZSZI" "ZIMT" "ZIZYGO" "ZITSP" "MTPNS" "PNSAPET" "APETBA" "APETTS" "BAEAM" "EAMZYGO" "ZYGOTSP" "LDAS" "BRLD" "OPILD" "PTAS" "JPAS" "BAOPI"
"ISPM" 0.631558815566087 0.958966240994516 1.48256353521096 0.734728102926863 0.538371163628097 0.192465180280996 0.304014735097813 0.465911080731246 0.440987524732332 0.77381378292297 0.125298446911428 0.43835076052489 0.227586263294525 0.274026535578545 0.555831019549065 0.0598052456207956 0.143451882923799 0.00471643060401447 0.0988485440853947 -0.0325219228297969 0.0364427553907637 0.856749824786044 0.0630215708651342 0.243212350420694 0.389053691202935 0.530754929729178 0.775474474997324 0.110016968672009 0.23591434670611 0.172490979507355 0.393635003653535 0.393687507996182 -0.120513027438045 -0.112077299794258 0.34810446393422 -0.241247677771758 0.108478353219419 -0.0804738210473339 0.013252329890266
"ISNSL" 0.958966240994516 5.35083954787707 4.65440364576464 4.00573238726977 3.23551251553328 2.45503870047522 0.500068914160804 0.742356903097154 2.2204773019547 1.9672573853527 1.00595123545536 1.41979704334324 0.588155926821582 1.46624747027676 1.95850254194421 0.160491366432527 0.791649503576895 1.0767167401889 0.97731760940365 -0.534032071232059 0.927945497421234 2.32798309128778 1.50008432939525 0.720666803909663 1.47111883966508 2.17464736676045 1.67465349102166 1.59979361837891 1.46019446157622 1.09072186181453 1.35791470770168 3.15373595365453 1.5947790235719 0.181655245036507 2.65333722534652 0.251619432165479 1.68716747273975 -0.774498681713374 0.789624347126693
"ISPNS" 1.48256353521096 4.65440364576464 10.3483042886426 5.62475853992247 4.82569664099284 3.09405528163521 3.51799785365147 1.38715426030346 3.22805601165855 2.17915821438539 0.939297519387956 3.6939683943473 1.05329653368293 2.08226075391336 1.82413542847763 0.400290755638982 1.97915250450969 2.51862990047547 1.92534108859603 0.0410964641661586 1.91396957243928 5.00924152539884 2.43202584955252 1.19508301391532 3.11146239592291 2.78381983180436 4.25307432865961 -0.785504835212606 2.13825036024065 0.8573046208263 1.82088418958895 3.60493291243134 1.13147343258146 0.758562841248673 3.11590061206661 1.13811848780198 3.018083059667 -1.08026385207905 -0.177593238073524
"PMZS" 0.734728102926863 4.00573238726977 5.62475853992247 5.77520333500326 4.58673119012139 3.23710986633103 3.24844683940602 1.51365129629989 2.95848432954976 2.12382301765699 1.26956501342327 2.0985355494361 0.384779789831788 1.46646096416295 2.26387467779857 0.00328695165445713 1.37341697832523 2.14994991425182 1.76302589948249 -0.0955292475092585 1.24196181442685 3.64122410254499 2.39317311716756 1.06179944359488 2.25061367119688 2.12891750005658 2.4467312469949 1.9184851156166 2.17522050455819 1.3067788366507 1.4955120438007 3.60918416176828 1.94778456823676 0.404991041755854 3.5654487444728 1.20725473576237 2.94601176422596 -0.865428517616888 0.589520267546179
"PMZI" 0.538371163628097 3.23551251553328 4.82569664099284 4.58673119012139 5.63405104793876 3.88581131710377 1.912784626472 1.09909481114277 3.73162975581834 1.53552946105815 1.51874570328919 1.7376399668166 -0.063811876952711 2.03156171227674 1.9298047474427 0.711868818409487 1.82732170597943 2.08065072255103 1.74485918053693 -0.323466339977616 1.36627875410933 2.955919968124 2.66366001230973 1.29033935566775 0.622966702480555 0.616152107783557 2.05464052898726 1.77464448100417 2.09995752778247 1.29671542023795 1.56638181369496 2.92128747064367 2.50547853551076 0.87488127999569 3.22944893193122 2.10832860550385 2.3903687439021 -0.377993838136681 0.336898447524236
"PMMT" 0.192465180280996 2.45503870047522 3.09405528163521 3.23710986633103 3.88581131710377 4.19547785819865 0.975925306567863 0.649520781147282 2.50304191141328 0.76745796026108 1.29487433824601 0.936015667454855 -0.23724844388491 1.65965685793464 1.43880052448472 0.871493615162738 1.67813930979577 1.79049074628079 1.53017068091027 0.00853424889317855 0.814113786733382 1.32373262050542 1.87209604746305 1.27441581302179 0.30002170098101 0.51132382707654 0.682703119098505 1.65235547068647 1.74532085051943 1.25106370812692 1.34433054401441 2.47421123358108 2.08919931755948 0.761656894184897 2.88334379550517 1.96364918484536 1.96438413440038 -0.0774679752285905 0.392227236350023
"NSLNA" 0.304014735097813 0.500068914160804 3.51799785365147 3.24844683940602 1.912784626472 0.975925306567863 6.65989776629321 1.42453060750425 1.7118505373601 -0.694467951327768 0.914633263004734 2.45734783043816 0.482639722240053 0.327071472503956 0.476446500290341 -0.452255632851403 0.548668063934825 1.2544251778734 0.995867308843398 0.800822009326869 1.57384806481575 2.73444418688148 1.55975061820114 0.130725943532522 1.28765483825715 0.587998877706414 1.5852523106942 0.0613651041120329 1.03578435621257 0.201013503897087 0.644254695301619 1.73713832460617 0.556928786781503 1.05229108790202 1.75448448648893 0.667639753112022 1.80450857169751 -0.765242711863091 0.404126570870842
"NSLZS" 0.465911080731246 0.742356903097154 1.38715426030346 1.51365129629989 1.09909481114277 0.649520781147282 1.42453060750425 1.91778421222614 1.47124916344613 1.29091443709448 0.556021818043956 0.572101567454958 0.631653151009882 0.599887731150291 0.661133276199398 -0.375400557854067 -0.0538293880790102 0.164959785938018 0.296536165982568 -0.315006549352138 -0.0789978114872635 1.22582666404989 0.0819422742337827 0.0848732142938975 0.39524382375395 0.466815395918561 0.787323523965264 0.449458113348974 0.461485219224754 0.400521267229495 0.442751657952344 0.437240449279869 0.164018129275859 -0.0192681013733366 0.957148391583826 0.165815905508529 0.62819410642691 -0.22462570265344 0.195641656273779
"NSLZI" 0.440987524732332 2.2204773019547 3.22805601165855 2.95848432954976 3.73162975581834 2.50304191141328 1.7118505373601 1.47124916344613 3.59570072978859 1.64522100842214 1.26142401681798 1.42501116181064 0.613521484200337 1.66500820465489 1.2091327178743 0.145034670547316 1.11887446446107 1.39479886840724 1.25293773044366 -0.369875789255643 0.999699990334628 2.09271714646932 2.26890687293037 0.540008803879081 0.341801903657883 0.726129132650761 1.42968511115636 1.16227153971988 1.56406104129869 0.820055140559144 1.16389042270817 1.88874612004245 1.91184569096424 0.801660666042212 1.78089260487316 1.57706858444625 1.79614268514833 -0.161252396326201 0.224963524062596
"NABR" 0.77381378292297 1.9672573853527 2.17915821438539 2.12382301765699 1.53552946105815 0.76745796026108 -0.694467951327768 1.29091443709448 1.64522100842214 5.38771253614503 0.291473065495928 0.44565202508771 1.69643280760028 0.935078443360835 1.31203892122119 0.0209741994106207 0.916007343780896 1.37795866916779 1.19143630667572 -1.12256083539568 0.168001303613732 2.24327809557492 0.876605439916567 0.0267912187906181 0.97628555772785 2.49609403773223 1.4564078935604 1.28882911078473 0.92375062850788 0.702692900430659 0.904117843169593 1.47057916578989 0.908034094992056 -0.21573843788097 -0.00628690245513345 -0.118965778504921 2.15084599629417 0.37047656026661 0.464026904249086
"NAFM" 0.125298446911428 1.00595123545536 0.939297519387956 1.26956501342327 1.51874570328919 1.29487433824601 0.914633263004734 0.556021818043956 1.26142401681798 0.291473065495928 1.16005085839912 0.514102732150315 0.179305990125762 0.994850886126065 0.712649297954851 0.504923270583039 0.698942028469477 0.662949683799151 0.733477155864192 -0.137523218218397 0.672334357582396 0.694481533517809 0.760044614766935 0.298173720905081 -0.164678818385887 0.61225715271319 0.431215640413562 1.02205891869714 0.741457766007121 0.481991018008833 0.581742081502612 1.54222102645399 1.1316261879388 0.445395203858585 1.6801548488761 0.672313913327603 0.71994583640455 -0.301581440433998 0.232630884682592
"NAPNS" 0.43835076052489 1.41979704334324 3.6939683943473 2.0985355494361 1.7376399668166 0.936015667454855 2.45734783043816 0.572101567454958 1.42501116181064 0.44565202508771 0.514102732150315 2.90440408678675 0.80510557368795 1.0902864892547 0.480663836345887 0.401265030105763 1.01293970191483 1.31300622991637 0.597050562813069 0.0717274715491909 0.828088426752979 2.2581929589549 1.22649476532832 -0.0134259562876524 1.27284527622114 1.57660228699761 1.38598773803339 -0.644215307252179 0.866543866692917 0.177898366133684 0.554486073680394 1.133794312006 0.30369840135471 0.449058649202371 0.979877975808231 0.497929747524681 1.40188017800623 -0.326077408127859 -0.137881892624551
"BRPT" 0.227586263294525 0.588155926821582 1.05329653368293 0.384779789831788 -0.063811876952711 -0.23724844388491 0.482639722240053 0.631653151009882 0.613521484200337 1.69643280760028 0.179305990125762 0.80510557368795 1.91646244719883 0.938110888916321 -0.352979491885933 -0.308349737863434 0.171488778329003 0.722883325637422 0.0080262429522425 -0.370227352386849 0.170371025341278 0.618093087311735 0.238847962542494 -0.631929298877718 0.288206607178117 0.608422930728528 0.474171863969485 -0.295041832018221 0.0368276607407778 -0.0161178861310945 0.118675954619992 0.414074024899957 -0.0961121163676145 0.449785944886553 -0.0559491773093745 0.0861794767697342 1.14068586794014 -0.127992503425034 0.254759374623066
"BRAPET" 0.274026535578545 1.46624747027676 2.08226075391336 1.46646096416295 2.03156171227674 1.65965685793464 0.327071472503956 0.599887731150291 1.66500820465489 0.935078443360835 0.994850886126065 1.0902864892547 0.938110888916321 2.5720328930552 0.850713990796057 1.17257069520877 1.36723833391467 1.46992160318809 0.884586006942409 0.0119642446876194 0.522993901070387 1.08493213404685 0.981135906350843 0.519578231129278 0.389800782627054 0.689239328267047 0.618474159328938 0.708779254737707 0.769028781396071 0.401951743489571 0.788121829650613 1.47795308793384 1.09012130514771 0.808019906745703 2.43045433034282 1.57511909877791 1.20838536667715 0.00682937729642788 -0.152516971278482
"PTFM" 0.555831019549065 1.95850254194421 1.82413542847763 2.26387467779857 1.9298047474427 1.43880052448472 0.476446500290341 0.661133276199398 1.2091327178743 1.31203892122119 0.712649297954851 0.480663836345887 -0.352979491885933 0.850713990796057 3.68331827601161 0.621526807854805 0.643619590028715 -0.220065729642754 0.478849588225431 0.383007658569577 0.102854155915813 1.96841279114953 0.816227391677623 0.987192794972535 1.26972875750287 2.02023261823295 1.21131643851789 2.33448724753277 1.29768715258047 0.651714053755565 0.972051041241818 2.03091933338727 0.911070381822986 -0.240455087035077 2.42279175645274 0.343123974316544 -0.362950579794465 -0.0596302372737492 0.0354255811207686
"PTAPET" 0.0598052456207956 0.160491366432527 0.400290755638982 0.00328695165445713 0.711868818409487 0.871493615162738 -0.452255632851403 -0.375400557854067 0.145034670547316 0.0209741994106207 0.504923270583039 0.401265030105763 -0.308349737863434 1.17257069520877 0.621526807854805 2.87550921672672 2.19397466246738 1.19019299064776 1.42427928520706 1.41779095270299 0.178266304509526 0.555054736482432 0.299938035332492 0.527069849378195 0.0305016944597022 0.600290954256412 0.216636097742456 0.556241740959762 0.160472619581024 0.078276978193798 0.427644314408449 0.48421260472535 0.789149246910218 0.296065667002887 1.42543389579787 0.347679414278099 0.46901706997441 -0.0574415505048855 -0.231939054413204
"PTBA" 0.143451882923799 0.791649503576895 1.97915250450969 1.37341697832523 1.82732170597943 1.67813930979577 0.548668063934825 -0.0538293880790102 1.11887446446107 0.916007343780896 0.698942028469477 1.01293970191483 0.171488778329003 1.36723833391467 0.643619590028715 2.19397466246738 3.24415705117117 2.41357834692132 2.24365419089321 1.11540209589745 0.600602760551215 1.48589832684904 1.19934998343392 0.721068907180204 0.904681322405815 1.23885418748376 0.82580224116721 0.714965218982588 1.54477713526286 0.638112984405352 1.23482956728643 1.48404151192325 1.80194841320436 0.542132959130239 1.87751573207415 1.09690543331826 2.21286761918191 -0.514321761192569 -0.156071043906377
"PTEAM" 0.00471643060401447 1.0767167401889 2.51862990047547 2.14994991425182 2.08065072255103 1.79049074628079 1.2544251778734 0.164959785938018 1.39479886840724 1.37795866916779 0.662949683799151 1.31300622991637 0.722883325637422 1.46992160318809 -0.220065729642754 1.19019299064776 2.41357834692132 3.53193277240503 2.09604144379413 0.613452323103014 0.954639875604483 1.76242247717355 1.56735242081554 0.522087379213138 0.991208701560688 1.0255917764478 0.989918833273202 0.549097130938071 1.15056494184508 0.627287041831592 0.829404256313279 2.29566627183795 1.55484112568496 0.703030943586445 1.83768390577611 1.32658465075376 3.48160345043238 -0.167467338245701 0.146872829956059
"PTZYGO" 0.0988485440853947 0.97731760940365 1.92534108859603 1.76302589948249 1.74485918053693 1.53017068091027 0.995867308843398 0.296536165982568 1.25293773044366 1.19143630667572 0.733477155864192 0.597050562813069 0.0080262429522425 0.884586006942409 0.478849588225431 1.42427928520706 2.24365419089321 2.09604144379413 2.95573267318743 1.04925762792859 0.709821980085712 1.57174831266799 1.18899197362666 0.632717326302671 1.19642790501411 1.62749499991949 1.12575089715562 0.807362976898188 1.04716008295393 0.873051705389416 0.967089897048629 1.51431126447031 2.21889154120583 0.159016059604456 1.48936035456617 0.857192332258745 2.00036531472875 -0.517682066193729 0.0826300025398031
"PTTSP" -0.0325219228297969 -0.534032071232059 0.0410964641661586 -0.0955292475092585 -0.323466339977616 0.00853424889317855 0.800822009326869 -0.315006549352138 -0.369875789255643 -1.12256083539568 -0.137523218218397 0.0717274715491909 -0.370227352386849 0.0119642446876194 0.383007658569577 1.41779095270299 1.11540209589745 0.613452323103014 1.04925762792859 4.61262203128701 -0.277959875188527 0.329230446406145 0.146261014112197 0.303310473599515 0.445351005112158 -1.55817939977047 0.32867490448419 0.115439821814727 -0.00923658699076896 -0.012892672145445 -0.504075786854986 0.00243952463363386 -0.716354068579922 0.174413998137461 1.27548767057858 0.151792759764636 -0.0666257469362719 -0.354726392139078 -0.180612375716279
"FMZS" 0.0364427553907637 0.927945497421234 1.91396957243928 1.24196181442685 1.36627875410933 0.814113786733382 1.57384806481575 -0.0789978114872635 0.999699990334628 0.168001303613732 0.672334357582396 0.828088426752979 0.170371025341278 0.522993901070387 0.102854155915813 0.178266304509526 0.600602760551215 0.954639875604483 0.709821980085712 -0.277959875188527 1.78465335969975 1.59455208845138 1.07166286566157 0.328861092732564 0.354520725480708 0.406559339799941 0.707819709501511 0.234622487100075 0.575333409478883 0.158844951744034 0.52827068303852 1.44170366716317 0.84966109033038 0.731686152622368 0.947283633307195 0.508996251805599 1.03791917031779 -0.371510011347575 0.14994227149777
"FMMT" 0.856749824786044 2.32798309128778 5.00924152539884 3.64122410254499 2.955919968124 1.32373262050542 2.73444418688148 1.22582666404989 2.09271714646932 2.24327809557492 0.694481533517809 2.2581929589549 0.618093087311735 1.08493213404685 1.96841279114953 0.555054736482432 1.48589832684904 1.76242247717355 1.57174831266799 0.329230446406145 1.59455208845138 5.06515291086795 1.54555966870598 1.08182539827983 2.34148600538309 2.134640668269 3.00130273050119 0.82611273659667 1.39597999397113 0.842004882244514 1.16604943962339 2.21881305539638 0.778650863574429 0.272415131986869 1.46207714794752 0.831522092513632 2.01396807693826 -0.64280584870284 -0.178733179077138
"ZSZI" 0.0630215708651342 1.50008432939525 2.43202584955252 2.39317311716756 2.66366001230973 1.87209604746305 1.55975061820114 0.0819422742337827 2.26890687293037 0.876605439916567 0.760044614766935 1.22649476532832 0.238847962542494 0.981135906350843 0.816227391677623 0.299938035332492 1.19934998343392 1.56735242081554 1.18899197362666 0.146261014112197 1.07166286566157 1.54555966870598 2.52074216623591 0.397047338993566 0.680774294595236 0.938125381541489 1.01495262233376 0.956679331027427 1.3373936312713 0.524975960139318 0.787106851501149 1.85124295040206 1.63761164240928 0.790662694555059 1.09461070487183 1.4204574118307 1.76663053098313 -0.0184674109462614 0.0599688592275653
"ZIMT" 0.243212350420694 0.720666803909663 1.19508301391532 1.06179944359488 1.29033935566775 1.27441581302179 0.130725943532522 0.0848732142938975 0.540008803879081 0.0267912187906181 0.298173720905081 -0.0134259562876524 -0.631929298877718 0.519578231129278 0.987192794972535 0.527069849378195 0.721068907180204 0.522087379213138 0.632717326302671 0.303310473599515 0.328861092732564 1.08182539827983 0.397047338993566 1.59614365539526 0.392273090951975 0.11366637218461 0.470661740433612 0.962944242021547 0.571087054419813 0.350942142236628 0.627701992844393 1.26842520390454 0.580782137437911 0.175141268096075 1.19448743454292 0.848086032786138 0.350817840009851 -0.19702215494494 -0.253599731370261
"ZIZYGO" 0.389053691202935 1.47111883966508 3.11146239592291 2.25061367119688 0.622966702480555 0.30002170098101 1.28765483825715 0.39524382375395 0.341801903657883 0.97628555772785 -0.164678818385887 1.27284527622114 0.288206607178117 0.389800782627054 1.26972875750287 0.0305016944597022 0.904681322405815 0.991208701560688 1.19642790501411 0.445351005112158 0.354520725480708 2.34148600538309 0.680774294595236 0.392273090951975 4.16195573035196 2.79102158576524 1.52818698404386 0.215245665014107 1.06898521799059 0.553387507031517 0.794205811184889 0.187358636687103 0.525290645571162 -0.612321195744639 1.6827609577461 -0.0540833510179046 1.15834483109754 -0.601608603931456 -0.16867274184642
"ZITSP" 0.530754929729178 2.17464736676045 2.78381983180436 2.12891750005658 0.616152107783557 0.51132382707654 0.587998877706414 0.466815395918561 0.726129132650761 2.49609403773223 0.61225715271319 1.57660228699761 0.608422930728528 0.689239328267047 2.02023261823295 0.600290954256412 1.23885418748376 1.0255917764478 1.62749499991949 -1.55817939977047 0.406559339799941 2.134640668269 0.938125381541489 0.11366637218461 2.79102158576524 7.55975970581785 1.55400660382167 0.819635694570308 1.24428830943162 0.745886699980128 1.25861463600723 2.03592915649333 1.51986666312993 -0.843303454926781 -0.0260765314881779 -0.538191618220456 0.971747590241937 0.19843657042704 0.0699094300137304
"MTPNS" 0.775474474997324 1.67465349102166 4.25307432865961 2.4467312469949 2.05464052898726 0.682703119098505 1.5852523106942 0.787323523965264 1.42968511115636 1.4564078935604 0.431215640413562 1.38598773803339 0.474171863969485 0.618474159328938 1.21131643851789 0.216636097742456 0.82580224116721 0.989918833273202 1.12575089715562 0.32867490448419 0.707819709501511 3.00130273050119 1.01495262233376 0.470661740433612 1.52818698404386 1.55400660382167 2.86013953186371 -0.0189026089184653 0.812811739725574 0.551639438530888 0.711739635119732 1.62197987879073 0.454368652894007 -0.0439866947855107 0.799785443446651 0.244913093493941 1.09691731974708 -0.513258184585494 -0.126824932092445
"PNSAPET" 0.110016968672009 1.59979361837891 -0.785504835212606 1.9184851156166 1.77464448100417 1.65235547068647 0.0613651041120329 0.449458113348974 1.16227153971988 1.28882911078473 1.02205891869714 -0.644215307252179 -0.295041832018221 0.708779254737707 2.33448724753277 0.556241740959762 0.714965218982588 0.549097130938071 0.807362976898188 0.115439821814727 0.234622487100075 0.82611273659667 0.956679331027427 0.962944242021547 0.215245665014107 0.819635694570308 -0.0189026089184653 3.95928570426435 0.911725370877945 0.844189807949282 0.819414504504972 2.30124543723374 1.69834628324219 0.279140005398523 2.66517104589509 0.555666196029228 0.64198586475199 -0.0818835763481734 0.635590279018946
"APETBA" 0.23591434670611 1.46019446157622 2.13825036024065 2.17522050455819 2.09995752778247 1.74532085051943 1.03578435621257 0.461485219224754 1.56406104129869 0.92375062850788 0.741457766007121 0.866543866692917 0.0368276607407778 0.769028781396071 1.29768715258047 0.160472619581024 1.54477713526286 1.15056494184508 1.04716008295393 -0.00923658699076896 0.575333409478883 1.39597999397113 1.3373936312713 0.571087054419813 1.06898521799059 1.24428830943162 0.812811739725574 0.911725370877945 2.10061505872758 0.836621077322894 1.19389133432743 1.7316851869469 1.5576890342756 0.197932280835461 1.48443279169205 0.954938303693102 1.47193836797532 -0.548925126926718 0.00635679314733592
"APETTS" 0.172490979507355 1.09072186181453 0.8573046208263 1.3067788366507 1.29671542023795 1.25106370812692 0.201013503897087 0.400521267229495 0.820055140559144 0.702692900430659 0.481991018008833 0.177898366133684 -0.0161178861310945 0.401951743489571 0.651714053755565 0.078276978193798 0.638112984405352 0.627287041831592 0.873051705389416 -0.012892672145445 0.158844951744034 0.842004882244514 0.524975960139318 0.350942142236628 0.553387507031517 0.745886699980128 0.551639438530888 0.844189807949282 0.836621077322894 1.40731596818356 0.709141375285561 0.821643178375054 0.881431907687669 -0.0485750343126449 0.723305457479821 0.604565649707558 0.869604568568349 -0.153840707934302 0.212211693653967
"BAEAM" 0.393635003653535 1.35791470770168 1.82088418958895 1.4955120438007 1.56638181369496 1.34433054401441 0.644254695301619 0.442751657952344 1.16389042270817 0.904117843169593 0.581742081502612 0.554486073680394 0.118675954619992 0.788121829650613 0.972051041241818 0.427644314408449 1.23482956728643 0.829404256313279 0.967089897048629 -0.504075786854986 0.52827068303852 1.16604943962339 0.787106851501149 0.627701992844393 0.794205811184889 1.25861463600723 0.711739635119732 0.819414504504972 1.19389133432743 0.709141375285561 1.5069394711847 1.23316563691265 1.3595479716436 0.124270584386328 1.5599517718858 0.432330210166335 1.10552680867658 -0.478801407810005 0.125375656967908
"EAMZYGO" 0.393687507996182 3.15373595365453 3.60493291243134 3.60918416176828 2.92128747064367 2.47421123358108 1.73713832460617 0.437240449279869 1.88874612004245 1.47057916578989 1.54222102645399 1.133794312006 0.414074024899957 1.47795308793384 2.03091933338727 0.48421260472535 1.48404151192325 2.29566627183795 1.51431126447031 0.00243952463363386 1.44170366716317 2.21881305539638 1.85124295040206 1.26842520390454 0.187358636687103 2.03592915649333 1.62197987879073 2.30124543723374 1.7316851869469 0.821643178375054 1.23316563691265 6.0245720357492 2.0688254594038 0.737254733923627 3.3732848770748 0.703713344643667 2.3356975439737 -0.818255650056282 0.473630862552476
"ZYGOTSP" -0.120513027438045 1.5947790235719 1.13147343258146 1.94778456823676 2.50547853551076 2.08919931755948 0.556928786781503 0.164018129275859 1.91184569096424 0.908034094992056 1.1316261879388 0.30369840135471 -0.0961121163676145 1.09012130514771 0.911070381822986 0.789149246910218 1.80194841320436 1.55484112568496 2.21889154120583 -0.716354068579922 0.84966109033038 0.778650863574429 1.63761164240928 0.580782137437911 0.525290645571162 1.51986666312993 0.454368652894007 1.69834628324219 1.5576890342756 0.881431907687669 1.3595479716436 2.0688254594038 3.6850598668287 0.404135383848277 2.06999325579259 1.1721386929838 1.7101794656237 -0.681220834546172 0.296847309305252
"LDAS" -0.112077299794258 0.181655245036507 0.758562841248673 0.404991041755854 0.87488127999569 0.761656894184897 1.05229108790202 -0.0192681013733366 0.801660666042212 -0.21573843788097 0.445395203858585 0.449058649202371 0.449785944886553 0.808019906745703 -0.240455087035077 0.296065667002887 0.542132959130239 0.703030943586445 0.159016059604456 0.174413998137461 0.731686152622368 0.272415131986869 0.790662694555059 0.175141268096075 -0.612321195744639 -0.843303454926781 -0.0439866947855107 0.279140005398523 0.197932280835461 -0.0485750343126449 0.124270584386328 0.737254733923627 0.404135383848277 2.05033179660759 0.324434653472133 1.67125680024357 0.750928250490026 0.0181491621843165 0.155575198336426
"BRLD" 0.34810446393422 2.65333722534652 3.11590061206661 3.5654487444728 3.22944893193122 2.88334379550517 1.75448448648893 0.957148391583826 1.78089260487316 -0.00628690245513345 1.6801548488761 0.979877975808231 -0.0559491773093745 2.43045433034282 2.42279175645274 1.42543389579787 1.87751573207415 1.83768390577611 1.48936035456617 1.27548767057858 0.947283633307195 1.46207714794752 1.09461070487183 1.19448743454292 1.6827609577461 -0.0260765314881779 0.799785443446651 2.66517104589509 1.48443279169205 0.723305457479821 1.5599517718858 3.3732848770748 2.06999325579259 0.324434653472133 9.36291327219784 0.342621188266429 1.73831584581199 -0.902767353156108 0.58653518962377
"OPILD" -0.241247677771758 0.251619432165479 1.13811848780198 1.20725473576237 2.10832860550385 1.96364918484536 0.667639753112022 0.165815905508529 1.57706858444625 -0.118965778504921 0.672313913327603 0.497929747524681 0.0861794767697342 1.57511909877791 0.343123974316544 0.347679414278099 1.09690543331826 1.32658465075376 0.857192332258745 0.151792759764636 0.508996251805599 0.831522092513632 1.4204574118307 0.848086032786138 -0.0540833510179046 -0.538191618220456 0.244913093493941 0.555666196029228 0.954938303693102 0.604565649707558 0.432330210166335 0.703713344643667 1.1721386929838 1.67125680024357 0.342621188266429 4.27989209656802 1.44272207381898 0.350083649573868 -0.810572087114599
"PTAS" 0.108478353219419 1.68716747273975 3.018083059667 2.94601176422596 2.3903687439021 1.96438413440038 1.80450857169751 0.62819410642691 1.79614268514833 2.15084599629417 0.71994583640455 1.40188017800623 1.14068586794014 1.20838536667715 -0.362950579794465 0.46901706997441 2.21286761918191 3.48160345043238 2.00036531472875 -0.0666257469362719 1.03791917031779 2.01396807693826 1.76663053098313 0.350817840009851 1.15834483109754 0.971747590241937 1.09691731974708 0.64198586475199 1.47193836797532 0.869604568568349 1.10552680867658 2.3356975439737 1.7101794656237 0.750928250490026 1.73831584581199 1.44272207381898 4.52778763064436 -0.386795554950764 0.427275154213031
"JPAS" -0.0804738210473339 -0.774498681713374 -1.08026385207905 -0.865428517616888 -0.377993838136681 -0.0774679752285905 -0.765242711863091 -0.22462570265344 -0.161252396326201 0.37047656026661 -0.301581440433998 -0.326077408127859 -0.127992503425034 0.00682937729642788 -0.0596302372737492 -0.0574415505048855 -0.514321761192569 -0.167467338245701 -0.517682066193729 -0.354726392139078 -0.371510011347575 -0.64280584870284 -0.0184674109462614 -0.19702215494494 -0.601608603931456 0.19843657042704 -0.513258184585494 -0.0818835763481734 -0.548925126926718 -0.153840707934302 -0.478801407810005 -0.818255650056282 -0.681220834546172 0.0181491621843165 -0.902767353156108 0.350083649573868 -0.386795554950764 3.17104342811498 -0.0482160216038976
"BAOPI" 0.013252329890266 0.789624347126693 -0.177593238073524 0.589520267546179 0.336898447524236 0.392227236350023 0.404126570870842 0.195641656273779 0.224963524062596 0.464026904249086 0.232630884682592 -0.137881892624551 0.254759374623066 -0.152516971278482 0.0354255811207686 -0.231939054413204 -0.156071043906377 0.146872829956059 0.0826300025398031 -0.180612375716279 0.14994227149777 -0.178733179077138 0.0599688592275653 -0.253599731370261 -0.16867274184642 0.0699094300137304 -0.126824932092445 0.635590279018946 0.00635679314733592 0.212211693653967 0.125375656967908 0.473630862552476 0.296847309305252 0.155575198336426 0.58653518962377 -0.810572087114599 0.427275154213031 -0.0482160216038976 1.13241646229489
