"" "ISPM" "ISNSL" "ISPNS" "PMZS" "PMZI" "PMMT" "NSLNA" "NSLZS" "NSLZI" "NABR" "NAFM" "NAPNS" "BRPT" "BRAPET" "PTFM" "PTAPET" "PTBA" "PTEAM" "PTZYGO" "PTTSP" "FMZS" "FMMT" "ZSZI" "ZIMT" "ZIZYGO" "ZITSP" "MTPNS" "PNSAPET" "APETBA" "APETTS" "BAEAM" "EAMZYGO" "ZYGOTSP" "LDAS" "BRLD" "OPILD" "PTAS" "JPAS" "BAOPI"
"ISPM" 0.6907606283821 1.09061752545971 1.53980151799852 0.965678393165922 0.830324194484646 0.652643169833803 0.563926483666134 0.635453587798147 0.847165483053647 0.681626818087025 0.479919892909002 0.610326126034886 0.325583824519828 0.656293122608846 0.616394520976108 0.315320321844432 0.672382174614765 0.528504408426636 0.481821948817702 0.228438062373731 0.141924140390074 0.848389979919645 0.267383686035328 0.265093906724808 0.745169428245369 0.756576511446247 0.569005254579281 0.591943975515147 0.522113782534471 0.163792620098939 0.606578464041777 0.441182304955387 0.325845867077504 0.0919680401922558 0.431050252005224 0.150210998351627 0.643932517198111 0.18244307391889 0.0493586714914317
"ISNSL" 1.09061752545971 4.54859749889817 4.10965875120422 3.20121157645776 2.44148373747053 1.76043996200484 0.62294435403163 1.01277462771556 1.68005663272212 1.73883953784739 0.918805203706241 1.37526728879253 0.748235774989674 1.4137641511408 1.56722098106118 0.834873883304996 1.56953797703599 1.2660903348889 1.33115201790858 0.516585049263943 0.592276246170922 2.48734637705034 0.589211718088401 0.722810256825068 2.17521481045894 1.7173459497112 1.60787523993004 1.45671203896276 1.19478527736503 0.333576633740849 1.61233802264431 1.39718740635925 0.881579901519682 0.0386364598257152 0.0949037394835102 0.247223108278958 1.55455201625425 0.397293748247794 0.00845609240354327
"ISPNS" 1.53980151799852 4.10965875120422 6.86672497832368 3.74354542272377 3.60936794663974 2.69773672512705 1.46122604385069 1.61847118532324 2.64256536732114 2.60022588853225 1.48404154883351 2.38827115650892 1.16691297995623 2.09450259897369 2.05788049758861 1.09063955043362 2.13763885690696 1.71901595011133 1.52440836031619 0.387175450241095 0.800343292337244 2.7734711741207 1.13257966285594 0.75507185820398 2.85905504644571 2.65251287318189 2.11303826771561 1.02912114827914 1.60054619088065 0.482733739628032 2.22761156134849 1.76866924490683 1.20653746605476 0.00941847508128572 0.508386919866124 0.296629699766539 2.18367277640269 0.646759430942708 0.0699276932361365
"PMZS" 0.965678393165922 3.20121157645776 3.74354542272377 4.15857017889142 2.87392080014303 1.94132061143021 1.72343808159441 1.86234864703002 1.99789623425285 1.78491665200711 1.00203720721093 1.14839465611621 0.27750737020733 1.13291374228142 1.77604337042276 0.561696732868587 1.20154443084668 1.12104593874722 1.71580221979215 0.463493656193451 -0.0886534008501094 2.1861318973686 0.777676154790624 0.483717943433979 2.27952188639143 2.20290933028644 1.58192409224659 1.55219773617212 1.25319143062229 0.443467479312798 1.50937720503133 1.23890177694502 1.38029142426436 -0.163942895960465 -0.227724933957501 0.278702390760424 1.07625018612014 0.386750862945658 -0.103999259842716
"PMZI" 0.830324194484646 2.44148373747053 3.60936794663974 2.87392080014303 3.55668920918651 2.13300917837308 0.923018742690821 1.3925903028322 2.70815312710587 1.94716786620547 1.0972841484183 1.1765948755539 0.613597588367453 1.2764463106149 1.66084283749321 0.780701571877274 1.5505869065573 1.03843472809209 1.25308204511916 0.251570834177294 0.433125517167209 1.79898547130785 1.31600101329502 0.315782567531782 1.48660354389002 1.35117394029306 1.41854556835424 1.55818714634171 1.24075198227611 0.681018326841888 1.59260909594318 0.953667852099967 1.1863624463088 0.216914161413316 0.0834846662574319 0.535426245956783 1.35350962857647 0.402024995337194 0.0154943776187724
"PMMT" 0.652643169833803 1.76043996200484 2.69773672512705 1.94132061143021 2.13300917837308 2.18267492525383 0.598658238461396 0.875987971826972 1.63488314204039 1.32474304217458 0.828899238453834 0.840699650205471 0.728989604957771 0.936543771305838 1.08899489749733 0.457492485708671 1.01275468783094 0.859614084275736 0.807301950165098 -0.0201965754576403 0.383603960556899 1.27087329225529 0.820771292276297 0.554798014741229 1.36628975840092 1.24152380648616 0.841677841597197 1.15415621968466 0.761326388714996 0.493606759106417 1.04442655126255 1.01451562344276 0.780489947460907 0.428718623460628 0.545239545694636 0.648035428181354 1.16653022673684 0.12530469291033 0.210439811005
"NSLNA" 0.563926483666134 0.62294435403163 1.46122604385069 1.72343808159441 0.923018742690821 0.598658238461396 3.87603184906067 1.07282271650907 1.13157220406857 -0.80762109358989 0.46761582907174 1.10694256376056 -0.319348388295601 -0.0299612877746409 1.07238751640126 -0.355684283643127 0.0334415031626605 -0.028828972815406 0.324068126057209 -0.0927133525028421 0.0836571902974221 0.623042976610464 0.479160041541139 -0.0611548818848363 0.642541048345052 1.87289161848399 0.600406264648409 0.448126459350786 0.916774396119173 0.293798054420922 0.503529170256719 0.672665396513268 0.28867594176964 -0.316096099583868 -0.0651566424929367 0.00744423513374228 -0.0736939150424647 0.0300482539093165 -0.249251150991947
"NSLZS" 0.635453587798147 1.01277462771556 1.61847118532324 1.86234864703002 1.3925903028322 0.875987971826972 1.07282271650907 2.93357806468024 1.839615696448 0.884495508622724 1.04986170785287 0.899632499001807 0.355454389334543 0.838119024215803 0.670007151315653 0.271300452683229 1.0961169629696 0.843111712418721 0.831259846188757 0.119285217034672 -0.940076601225054 0.875278416630631 -0.405981820982789 0.262927503749413 0.883430846194703 1.02508814943187 0.810052863505723 0.880690688270243 0.903280873750509 0.307429696840775 1.04546100481893 0.48415493941032 0.759095728457074 0.324222807312484 0.0167143323634893 0.537751269326164 0.969774662060977 0.372527076442466 0.116652489915215
"NSLZI" 0.847165483053647 1.68005663272212 2.64256536732114 1.99789623425285 2.70815312710587 1.63488314204039 1.13157220406857 1.839615696448 3.44692089698523 1.49721654562044 1.26736097198875 1.43597978215516 0.541108666172862 1.12284757125876 1.47464280853033 0.656154835603526 1.65481120089787 1.04771018984782 1.23663818852916 0.326192539462931 0.155613364044136 1.55305207699142 1.6784569717507 0.325388713274531 0.892817014113787 1.40171740658731 1.21266750440091 1.39849430523759 1.30867038625881 0.710414381486299 1.55269440357678 0.825453008081377 1.20959865543682 0.671666811474386 0.154413983729022 1.00349727240523 1.41028142753275 0.430718577417861 -0.05959423322352
"NABR" 0.681626818087025 1.73883953784739 2.60022588853225 1.78491665200711 1.94716786620547 1.32474304217458 -0.80762109358989 0.884495508622724 1.49721654562044 5.53184096137186 0.756622552168673 0.854452151975127 2.24279706453509 2.20146177976237 0.932192484460684 1.36919868392984 2.04295528944311 1.9223573290318 1.28174101395578 0.524506144283729 0.453721080620472 1.90792450432995 0.518751437327296 0.560841280302484 1.25018669742212 0.597111426298512 1.16282187090177 1.01530799985585 0.719440804501752 0.635478971764601 1.24847572346007 0.734024043878916 1.01695701540783 0.711186449873265 -0.861208532504783 0.509784940496543 2.37512905123023 -0.155450634321962 0.18104080984354
"NAFM" 0.479919892909002 0.918805203706241 1.48404154883351 1.00203720721093 1.0972841484183 0.828899238453834 0.46761582907174 1.04986170785287 1.26736097198875 0.756622552168673 1.3495333758129 1.12741389691541 0.614573756751573 0.982635510569896 0.567932781338319 0.329515850620219 0.878075767257282 0.790640161861661 0.690695009047894 -0.0712331649648611 0.23148741094426 0.878992201971034 0.39808618721338 0.18518717931083 0.930154368770852 0.93208104487448 0.718189535385556 0.756243878678484 0.643689504783524 0.313151540493923 0.921188264843046 0.60494138488173 0.596437560288157 0.545733837612935 0.638123329696933 0.74339376979666 1.04999494421828 0.229580965805097 0.124993008943046
"NAPNS" 0.610326126034886 1.37526728879253 2.38827115650892 1.14839465611621 1.1765948755539 0.840699650205471 1.10694256376056 0.899632499001807 1.43597978215516 0.854452151975127 1.12741389691541 2.80702384021919 1.10139294256508 1.62529934578877 1.05777221381206 0.596238475597088 1.30474630717598 0.989449574254356 0.510895258927795 -0.047668225859865 0.202193715528036 1.68449324743541 0.728500472003502 0.31368227076767 0.787954742292112 1.03923906941308 0.681056734562968 0.0448843565601631 0.975658214962517 0.421948188285783 1.17088547280724 0.778855964133027 0.400892390511625 0.744566186715236 0.76103179136482 0.9102033870383 1.47099091880243 0.0250409779162208 0.088756600764821
"BRPT" 0.325583824519828 0.748235774989674 1.16691297995623 0.27750737020733 0.613597588367453 0.728989604957771 -0.319348388295601 0.355454389334543 0.541108666172862 2.24279706453509 0.614573756751573 1.10139294256508 2.75042210252728 2.17422279801377 -0.0408609377454777 0.426568284220131 0.961563354672216 0.939241470103008 -0.178715142598511 -0.26334788378952 0.128239758727386 0.837207916747294 0.0142343650346404 0.444924245089487 0.493869216463907 -0.398760363970467 0.422040649724543 0.316801917593016 0.297798027270197 0.450774595119722 0.560600977094231 0.299789996642215 -0.219055156958004 1.41869353339764 0.316757520754215 1.07167865930684 1.48689019611485 -0.0534311007496266 0.378785564327617
"BRAPET" 0.656293122608846 1.4137641511408 2.09450259897369 1.13291374228142 1.2764463106149 0.936543771305838 -0.0299612877746409 0.838119024215803 1.12284757125876 2.20146177976237 0.982635510569896 1.62529934578877 2.17422279801377 3.34364802227311 0.832991573589882 1.35554402535257 1.90252978406296 1.477009890431 0.94262361687921 0.471815257488834 0.201180722835111 1.79373899686429 0.34096293891035 0.431021603303688 0.939259309302412 0.630293428947604 0.974072890557147 0.721874678163581 0.781081228389542 0.423454531050565 1.29447942174183 0.747168410575335 0.606271844963128 1.3769858406041 1.19090465996346 1.55867787099644 1.61846438360389 0.18916267058989 0.276605911115687
"PTFM" 0.616394520976108 1.56722098106118 2.05788049758861 1.77604337042276 1.66084283749321 1.08899489749733 1.07238751640126 0.670007151315653 1.47464280853033 0.932192484460684 0.567932781338319 1.05777221381206 -0.0408609377454777 0.832991573589882 3.38236368022788 0.415519758861985 0.483400450010748 -0.559398989039756 0.366019033625039 0.210846780634128 0.146096350288065 1.57456995579163 0.938239717528229 0.362999792594179 1.28452801469793 1.27076614721156 1.04642728015437 1.23197864351953 1.06998284961895 0.476145087499286 1.18254675098973 1.25486942125723 0.965502880385098 0.134937357816392 0.820388788135117 0.346175193491657 -0.533351580971971 0.224991402107005 -0.0145756729131878
"PTAPET" 0.315320321844432 0.834873883304996 1.09063955043362 0.561696732868587 0.780701571877274 0.457492485708671 -0.355684283643127 0.271300452683229 0.656154835603526 1.36919868392984 0.329515850620219 0.596238475597088 0.426568284220131 1.35554402535257 0.415519758861985 2.17094080827203 1.98975403951483 1.35532985203353 1.33537781780329 0.843352986116077 0.25579379817971 1.04919910903866 0.283214170304291 0.188791938888323 0.428331104120304 0.575198605726284 0.550006842419583 0.502064147511816 0.0892307058302464 0.202649991595122 0.705410098972542 0.427727544562239 0.969005854108274 0.35280784485766 -0.178713404010854 0.55287031166241 1.0653057379961 0.187640363795878 0.117739674101628
"PTBA" 0.672382174614765 1.56953797703599 2.13763885690696 1.20154443084668 1.5505869065573 1.01275468783094 0.0334415031626605 1.0961169629696 1.65481120089787 2.04295528944311 0.878075767257282 1.30474630717598 0.961563354672216 1.90252978406296 0.483400450010748 1.98975403951483 3.36224596913414 2.59698695978343 1.77559795085461 0.824618323017556 0.192974136916297 1.68497308068411 0.501538922418426 0.414361604893941 0.984211257489433 1.3897036002112 1.06583782685253 1.03416911410067 1.46273814477028 0.453689422685925 1.56568268391561 1.05788985524733 1.10989841233528 0.854936386707035 0.469554394700207 1.16408568768767 2.5160874552715 0.220312679616406 0.0234702734714553
"PTEAM" 0.528504408426636 1.2660903348889 1.71901595011133 1.12104593874722 1.03843472809209 0.859614084275736 -0.028828972815406 0.843111712418721 1.04771018984782 1.9223573290318 0.790640161861661 0.989449574254356 0.939241470103008 1.477009890431 -0.559398989039756 1.35532985203353 2.59698695978343 3.72410582259126 2.06751796428368 0.82790659445632 0.168933167391297 1.52238589447309 0.376815984426469 0.29814734233843 0.996632097211001 1.757883535852 0.950230887572332 0.953380459144377 0.707256327079447 0.186604212804099 0.984143482373811 1.42855868347389 0.875602059304156 0.561461007745814 0.521098576568442 0.794200893718554 3.3507424714561 0.214781073227066 0.29410161764432
"PTZYGO" 0.481821948817702 1.33115201790858 1.52440836031619 1.71580221979215 1.25308204511916 0.807301950165098 0.324068126057209 0.831259846188757 1.23663818852916 1.28174101395578 0.690695009047894 0.510895258927795 -0.178715142598511 0.94262361687921 0.366019033625039 1.33537781780329 1.77559795085461 2.06751796428368 2.89231237694787 0.942275763234532 0.0803980463594231 1.39986487956483 0.780716191999927 0.0866674328469745 1.52977949836774 1.92837071829595 1.07432683055569 0.953137325985314 0.550697686659683 0.149702772988983 0.934017719168847 0.495722327142227 2.10395241419739 -0.0875457278980992 0.141914603286408 0.366796559358788 1.61877995003687 0.226012487759253 -0.174662322350456
"PTTSP" 0.228438062373731 0.516585049263943 0.387175450241095 0.463493656193451 0.251570834177294 -0.0201965754576403 -0.0927133525028421 0.119285217034672 0.326192539462931 0.524506144283729 -0.0712331649648611 -0.047668225859865 -0.26334788378952 0.471815257488834 0.210846780634128 0.843352986116077 0.824618323017556 0.82790659445632 0.942275763234532 3.97101800841038 -0.0123747738870235 0.842587400227144 0.257394148189063 0.154919494139868 0.588527984460699 -0.264168005359998 0.450266085487335 0.794639766063124 -0.0900059562919506 0.103132399576719 0.292740627417264 -0.107756795061318 -0.957156505430157 -0.365246553621153 0.0438039702619632 -0.34406036549054 0.221611244295731 -0.195891516638987 -0.0909500717768279
"FMZS" 0.141924140390074 0.592276246170922 0.800343292337244 -0.0886534008501094 0.433125517167209 0.383603960556899 0.0836571902974221 -0.940076601225054 0.155613364044136 0.453721080620472 0.23148741094426 0.202193715528036 0.128239758727386 0.201180722835111 0.146096350288065 0.25579379817971 0.192974136916297 0.168933167391297 0.0803980463594231 -0.0123747738870235 1.69164320180122 0.836183035253162 0.553319779309901 0.124195521261723 0.356528931430794 0.35030389099182 0.197543784094826 0.25562516624932 0.120135713052884 0.200648582205865 0.215691059729065 0.348084185515053 0.0564681385430776 0.0150044684193327 0.251602431651253 -0.0137668815252369 0.263030670603367 -0.0693404066320824 -0.0074815222291394
"FMMT" 0.848389979919645 2.48734637705034 2.7734711741207 2.1861318973686 1.79898547130785 1.27087329225529 0.623042976610464 0.875278416630631 1.55305207699142 1.90792450432995 0.878992201971034 1.68449324743541 0.837207916747294 1.79373899686429 1.57456995579163 1.04919910903866 1.68497308068411 1.52238589447309 1.39986487956483 0.842587400227144 0.836183035253162 3.33710740672283 0.931087513232762 0.820815199236961 1.60231717034943 1.61157347477714 1.43824238222721 1.29357185205769 0.993614466161518 0.422494657087734 1.47687343348794 1.2772705046481 0.777420761067829 0.601998923870044 0.566646561681294 0.749285716929503 1.67553895532851 0.300723942821524 0.248221662302949
"ZSZI" 0.267383686035328 0.589211718088401 1.13257966285594 0.777676154790624 1.31600101329502 0.820771292276297 0.479160041541139 -0.405981820982789 1.6784569717507 0.518751437327296 0.39808618721338 0.728500472003502 0.0142343650346404 0.34096293891035 0.938239717528229 0.283214170304291 0.501538922418426 0.376815984426469 0.780716191999927 0.257394148189063 0.553319779309901 0.931087513232762 2.18981861055819 -0.0510608698765674 0.251066634624352 0.919757904843469 0.513533320028835 0.536597753109853 0.455251686034752 0.344725075544371 0.601529472978234 0.440931216627011 0.70371001807444 0.357319388747665 0.110117465370199 0.588297418949899 0.506323609749732 0.218141679199422 -0.134275382788587
"ZIMT" 0.265093906724808 0.722810256825068 0.75507185820398 0.483717943433979 0.315782567531782 0.554798014741229 -0.0611548818848363 0.262927503749413 0.325388713274531 0.560841280302484 0.18518717931083 0.31368227076767 0.444924245089487 0.431021603303688 0.362999792594179 0.188791938888323 0.414361604893941 0.29814734233843 0.0866674328469745 0.154919494139868 0.124195521261723 0.820815199236961 -0.0510608698765674 0.981015393030422 0.381420679282419 0.23048380111021 0.181210902372721 0.407372690856393 0.22288882381378 0.0764335855132574 0.297141780111254 0.525644842617241 -0.092036396567052 0.216061929316508 0.216244795313963 0.102062907670541 0.354016453934739 0.0484469279373532 0.114978150696235
"ZIZYGO" 0.745169428245369 2.17521481045894 2.85905504644571 2.27952188639143 1.48660354389002 1.36628975840092 0.642541048345052 0.883430846194703 0.892817014113787 1.25018669742212 0.930154368770852 0.787954742292112 0.493869216463907 0.939259309302412 1.28452801469793 0.428331104120304 0.984211257489433 0.996632097211001 1.52977949836774 0.588527984460699 0.356528931430794 1.60231717034943 0.251066634624352 0.381420679282419 4.03510539009522 1.6174892041773 1.3992758725779 1.3840545237845 0.964902597839496 0.306348198449933 1.15090796428298 -0.0265993264639862 1.10249068520526 -0.2994365680923 0.888582397248475 -0.0215642635669228 0.796112658793409 0.371384859736643 -0.0815274180232045
"ZITSP" 0.756576511446247 1.7173459497112 2.65251287318189 2.20290933028644 1.35117394029306 1.24152380648616 1.87289161848399 1.02508814943187 1.40171740658731 0.597111426298512 0.93208104487448 1.03923906941308 -0.398760363970467 0.630293428947604 1.27076614721156 0.575198605726284 1.3897036002112 1.757883535852 1.92837071829595 -0.264168005359998 0.35030389099182 1.61157347477714 0.919757904843469 0.23048380111021 1.6174892041773 6.44789588158367 1.12617895266503 1.17670882125437 0.979002107638105 0.348308191262415 1.24456361473764 2.00243234213385 1.17760578281361 -0.203845909042114 0.540995214559329 0.449408947245437 1.59951535317252 0.539043072381891 0.144978259658847
"MTPNS" 0.569005254579281 1.60787523993004 2.11303826771561 1.58192409224659 1.41854556835424 0.841677841597197 0.600406264648409 0.810052863505723 1.21266750440091 1.16282187090177 0.718189535385556 0.681056734562968 0.422040649724543 0.974072890557147 1.04642728015437 0.550006842419583 1.06583782685253 0.950230887572332 1.07432683055569 0.450266085487335 0.197543784094826 1.43824238222721 0.513533320028835 0.181210902372721 1.3992758725779 1.12617895266503 1.50491585422195 0.942797835538162 0.770689319464532 0.275258006803161 1.06879042744643 0.724589588524222 0.834515517533261 0.2220422188624 0.46706318125077 0.240954643599228 0.956428382090345 0.298630491728372 0.0850272598121529
"PNSAPET" 0.591943975515147 1.45671203896276 1.02912114827914 1.55219773617212 1.55818714634171 1.15415621968466 0.448126459350786 0.880690688270243 1.39849430523759 1.01530799985585 0.756243878678484 0.0448843565601631 0.316801917593016 0.721874678163581 1.23197864351953 0.502064147511816 1.03416911410067 0.953380459144377 0.953137325985314 0.794639766063124 0.25562516624932 1.29357185205769 0.536597753109853 0.407372690856393 1.3840545237845 1.17670882125437 0.942797835538162 2.72306806990768 0.483446472151823 0.222906511691286 0.91377015443042 1.24919372685341 0.443361952962251 0.357055858117436 0.659049042354681 0.594961990016709 0.872007617054738 0.0887331242005244 0.219161596123986
"APETBA" 0.522113782534471 1.19478527736503 1.60054619088065 1.25319143062229 1.24075198227611 0.761326388714996 0.916774396119173 0.903280873750509 1.30867038625881 0.719440804501752 0.643689504783524 0.975658214962517 0.297798027270197 0.781081228389542 1.06998284961895 0.0892307058302464 1.46273814477028 0.707256327079447 0.550697686659683 -0.0900059562919506 0.120135713052884 0.993614466161518 0.455251686034752 0.22288882381378 0.964902597839496 0.979002107638105 0.770689319464532 0.483446472151823 2.01928308845641 0.517332999868321 1.20532118812381 0.705434455070592 0.665826989940569 0.402571738887889 0.636366341684907 0.536661059626497 0.835216239055427 0.0949588843247755 -0.23557449687319
"APETTS" 0.163792620098939 0.333576633740849 0.482733739628032 0.443467479312798 0.681018326841888 0.493606759106417 0.293798054420922 0.307429696840775 0.710414381486299 0.635478971764601 0.313151540493923 0.421948188285783 0.450774595119722 0.423454531050565 0.476145087499286 0.202649991595122 0.453689422685925 0.186604212804099 0.149702772988983 0.103132399576719 0.200648582205865 0.422494657087734 0.344725075544371 0.0764335855132574 0.306348198449933 0.348308191262415 0.275258006803161 0.222906511691286 0.517332999868321 1.07865148808714 0.651432103044928 0.257986751693417 0.185785241517653 0.436663058979582 0.176384597673532 0.609106634481497 0.343258349539938 -0.0160452088465163 0.0823969447405872
"BAEAM" 0.606578464041777 1.61233802264431 2.22761156134849 1.50937720503133 1.59260909594318 1.04442655126255 0.503529170256719 1.04546100481893 1.55269440357678 1.24847572346007 0.921188264843046 1.17088547280724 0.560600977094231 1.29447942174183 1.18254675098973 0.705410098972542 1.56568268391561 0.984143482373811 0.934017719168847 0.292740627417264 0.215691059729065 1.47687343348794 0.601529472978234 0.297141780111254 1.15090796428298 1.24456361473764 1.06879042744643 0.91377015443042 1.20532118812381 0.651432103044928 2.02065611743287 1.00393157525209 0.85569191500085 0.807450001765302 0.570470674542615 1.03173551305191 1.33085508846683 0.23893213125782 0.206378748785896
"EAMZYGO" 0.441182304955387 1.39718740635925 1.76866924490683 1.23890177694502 0.953667852099967 1.01451562344276 0.672665396513268 0.48415493941032 0.825453008081377 0.734024043878916 0.60494138488173 0.778855964133027 0.299789996642215 0.747168410575335 1.25486942125723 0.427727544562239 1.05788985524733 1.42855868347389 0.495722327142227 -0.107756795061318 0.348084185515053 1.2772705046481 0.440931216627011 0.525644842617241 -0.0265993264639862 2.00243234213385 0.724589588524222 1.24919372685341 0.705434455070592 0.257986751693417 1.00393157525209 3.64965896950832 0.536809792214469 0.501767683349242 0.488166203489874 0.631742108302185 1.40984500878174 0.0389944138770774 0.55892005915107
"ZYGOTSP" 0.325845867077504 0.881579901519682 1.20653746605476 1.38029142426436 1.1863624463088 0.780489947460907 0.28867594176964 0.759095728457074 1.20959865543682 1.01695701540783 0.596437560288157 0.400892390511625 -0.219055156958004 0.606271844963128 0.965502880385098 0.969005854108274 1.10989841233528 0.875602059304156 2.10395241419739 -0.957156505430157 0.0564681385430776 0.777420761067829 0.70371001807444 -0.092036396567052 1.10249068520526 1.17760578281361 0.834515517533261 0.443361952962251 0.665826989940569 0.185785241517653 0.85569191500085 0.536809792214469 3.55899712342579 0.1521972578108 -0.0443656933744592 0.522532838224653 0.800035598759967 0.242461957994565 -0.0590398626377264
"LDAS" 0.0919680401922558 0.0386364598257152 0.00941847508128572 -0.163942895960465 0.216914161413316 0.428718623460628 -0.316096099583868 0.324222807312484 0.671666811474386 0.711186449873265 0.545733837612935 0.744566186715236 1.41869353339764 1.3769858406041 0.134937357816392 0.35280784485766 0.854936386707035 0.561461007745814 -0.0875457278980992 -0.365246553621153 0.0150044684193327 0.601998923870044 0.357319388747665 0.216061929316508 -0.2994365680923 -0.203845909042114 0.2220422188624 0.357055858117436 0.402571738887889 0.436663058979582 0.807450001765302 0.501767683349242 0.1521972578108 3.45073963560415 0.206555076496638 3.20995931604123 0.825495946840735 0.57270138827054 0.494898240911835
"BRLD" 0.431050252005224 0.0949037394835102 0.508386919866124 -0.227724933957501 0.0834846662574319 0.545239545694636 -0.0651566424929367 0.0167143323634893 0.154413983729022 -0.861208532504783 0.638123329696933 0.76103179136482 0.316757520754215 1.19090465996346 0.820388788135117 -0.178713404010854 0.469554394700207 0.521098576568442 0.141914603286408 0.0438039702619632 0.251602431651253 0.566646561681294 0.110117465370199 0.216244795313963 0.888582397248475 0.540995214559329 0.46706318125077 0.659049042354681 0.636366341684907 0.176384597673532 0.570470674542615 0.488166203489874 -0.0443656933744592 0.206555076496638 7.51595255308734 -0.439777370139724 0.979253753518556 -0.0630028739788974 0.472971350904807
"OPILD" 0.150210998351627 0.247223108278958 0.296629699766539 0.278702390760424 0.535426245956783 0.648035428181354 0.00744423513374228 0.537751269326164 1.00349727240523 0.509784940496543 0.74339376979666 0.9102033870383 1.07167865930684 1.55867787099644 0.346175193491657 0.55287031166241 1.16408568768767 0.794200893718554 0.366796559358788 -0.34406036549054 -0.0137668815252369 0.749285716929503 0.588297418949899 0.102062907670541 -0.0215642635669228 0.449408947245437 0.240954643599228 0.594961990016709 0.536661059626497 0.609106634481497 1.03173551305191 0.631742108302185 0.522532838224653 3.20995931604123 -0.439777370139724 4.84825895959252 0.748988829611875 0.496955700628925 -0.354503079941031
"PTAS" 0.643932517198111 1.55455201625425 2.18367277640269 1.07625018612014 1.35350962857647 1.16653022673684 -0.0736939150424647 0.969774662060977 1.41028142753275 2.37512905123023 1.04999494421828 1.47099091880243 1.48689019611485 1.61846438360389 -0.533351580971971 1.0653057379961 2.5160874552715 3.3507424714561 1.61877995003687 0.221611244295731 0.263030670603367 1.67553895532851 0.506323609749732 0.354016453934739 0.796112658793409 1.59951535317252 0.956428382090345 0.872007617054738 0.835216239055427 0.343258349539938 1.33085508846683 1.40984500878174 0.800035598759967 0.825495946840735 0.979253753518556 0.748988829611875 4.96319102425003 0.0638592789621235 0.798283876199934
"JPAS" 0.18244307391889 0.397293748247794 0.646759430942708 0.386750862945658 0.402024995337194 0.12530469291033 0.0300482539093165 0.372527076442466 0.430718577417861 -0.155450634321962 0.229580965805097 0.0250409779162208 -0.0534311007496266 0.18916267058989 0.224991402107005 0.187640363795878 0.220312679616406 0.214781073227066 0.226012487759253 -0.195891516638987 -0.0693404066320824 0.300723942821524 0.218141679199422 0.0484469279373532 0.371384859736643 0.539043072381891 0.298630491728372 0.0887331242005244 0.0949588843247755 -0.0160452088465163 0.23893213125782 0.0389944138770774 0.242461957994565 0.57270138827054 -0.0630028739788974 0.496955700628925 0.0638592789621235 3.05517719581038 0.106925316907895
"BAOPI" 0.0493586714914317 0.00845609240354327 0.0699276932361365 -0.103999259842716 0.0154943776187724 0.210439811005 -0.249251150991947 0.116652489915215 -0.05959423322352 0.18104080984354 0.124993008943046 0.088756600764821 0.378785564327617 0.276605911115687 -0.0145756729131878 0.117739674101628 0.0234702734714553 0.29410161764432 -0.174662322350456 -0.0909500717768279 -0.0074815222291394 0.248221662302949 -0.134275382788587 0.114978150696235 -0.0815274180232045 0.144978259658847 0.0850272598121529 0.219161596123986 -0.23557449687319 0.0823969447405872 0.206378748785896 0.55892005915107 -0.0590398626377264 0.494898240911835 0.472971350904807 -0.354503079941031 0.798283876199934 0.106925316907895 1.39847518560124
