"" "ISPM" "ISNSL" "ISPNS" "PMZS" "PMZI" "PMMT" "NSLNA" "NSLZS" "NSLZI" "NABR" "NAFM" "NAPNS" "BRPT" "BRAPET" "PTFM" "PTAPET" "PTBA" "PTEAM" "PTZYGO" "PTTSP" "FMZS" "FMMT" "ZSZI" "ZIMT" "ZIZYGO" "ZITSP" "MTPNS" "PNSAPET" "APETBA" "APETTS" "BAEAM" "EAMZYGO" "ZYGOTSP" "LDAS" "BRLD" "OPILD" "PTAS" "JPAS" "BAOPI"
"ISPM" 0.453508057090644 0.480194467895138 0.816695123885962 0.590018009281815 0.438935783761436 0.358175615032626 0.549543882183406 0.287457383577003 0.392805552765859 0.137212259287889 0.283673809106691 0.328787272442212 -0.0815777077568876 0.182614076122639 0.530632797610207 -0.0492961455572259 0.183686804071821 0.0129817386638706 0.195059382660844 0.115410793583329 0.114014270757803 0.400899793366206 0.205299871545061 0.186884161076367 0.55141700139493 0.632320326033481 0.206169430278938 0.404413057617665 0.478298247049361 0.110644556350236 0.388825226572318 0.235197960490087 0.0749282003566168 0.00279215003194114 0.315651060292596 -0.0345675177629067 0.0318378517878342 0.0261452175013202 -0.0736748362447179
"ISNSL" 0.480194467895138 3.52431838920178 3.17624644445522 2.63672466507307 2.082235312825 1.58974180010032 0.524861523485721 -0.173497541856995 0.852830533557316 0.886772274152165 0.532586220719494 0.685011184496865 0.158094770941458 0.617707035398764 1.32295794256892 0.407411236901797 0.571231725757385 0.640067547860346 1.14296146734632 0.282678656426432 0.873632160122449 1.51826270576807 0.944757304494351 0.513290014593395 1.89942749147828 1.3846211851149 1.02839967708779 1.25384132362936 0.617381725626892 0.221785596182194 1.05101796576879 1.34497964718706 0.752923949005862 -0.180061619144548 0.394674551163521 -0.214878374863957 0.64438553045863 0.0820954899270444 -0.25473258496721
"ISPNS" 0.816695123885962 3.17624644445522 4.9017348430402 3.06248245484108 2.91230684189761 2.10228028360668 0.986244516078615 0.38371693015246 1.49123692743533 1.66807894014646 1.02801539779102 1.18946455844144 0.527360792915339 1.24176506208856 1.5487592660375 0.240942732833852 0.653211645582984 0.629641762008246 1.13399994107244 -0.282641918118674 1.00017659014095 1.71246166493285 1.24487908547612 0.570479760926666 2.31406465042917 2.09829559838145 1.41429303906674 1.02617900448789 0.942999420911357 0.23824423051039 1.58783903642443 1.54934107863817 1.05638042936135 -0.182758909311281 0.463391483834491 -0.0639453475348429 0.807495043214064 0.121222593599182 -0.0564814927451009
"PMZS" 0.590018009281815 2.63672466507307 3.06248245484108 4.18267399519547 2.82623400955934 1.90137879041179 1.74650225348661 1.33704942047536 1.35656251115001 0.940665373625988 0.735032124372394 0.567072481456742 -0.440962172341592 0.19051900028041 1.49125332421638 0.0126494746274798 0.244717259984346 0.587901431292205 1.64391326503856 0.553842149259534 -0.188950324405433 1.45965648873085 0.92913443894793 0.297174866465933 2.01990279247708 1.96402603228356 1.13816029421025 1.56968903155041 0.708603738779573 0.404798989961829 1.15377162996468 1.29008273943018 1.16769854003257 -0.84700754236259 -0.170851142472587 -0.371724794501895 0.314046429704275 -0.015690561179589 -0.172652793252617
"PMZI" 0.438935783761436 2.082235312825 2.91230684189761 2.82623400955934 3.55304807687388 2.08309305481127 0.917952089787028 0.739711983486854 2.25767755588362 1.3280284380603 1.03630222894321 0.79605089079538 0.145494832818371 0.549977565385903 1.60617451931063 0.110049797287438 0.537310461810422 0.283796028988659 0.77429894219415 -0.0931924726034028 0.576106596714614 1.26567089663803 1.66223811624204 0.0988071472140973 1.14193854333281 0.754854661714831 1.05381382219556 1.63603211269013 0.842575916907776 0.545067482111009 1.32566381931167 1.03517186351073 0.943376397503156 -0.0421982985395813 0.200168983673096 0.242438493777868 0.489714220319299 0.164814087617246 -0.0326251542802542
"PMMT" 0.358175615032626 1.58974180010032 2.10228028360668 1.90137879041179 2.08309305481127 2.29374727264503 0.294834154786848 0.437447631524412 1.27205166474456 0.793194263936648 0.761966311722875 0.474946384775929 0.35274773943832 0.558416686767391 0.969100942972513 0.102148307020097 0.403111857695097 0.4314978186814 0.654774830671866 -0.503704098614874 0.414375541626851 0.906676465272811 0.996487861389975 0.476878162113332 1.0645977359675 0.861743832380646 0.481335979318553 1.11944142444177 0.470435071373585 0.321563599964994 0.841597797418749 1.11309373349342 0.809458689809039 0.49938689566981 0.918306665730264 0.774076559326023 0.830365505770919 -0.00611299924810877 0.195809932783108
"NSLNA" 0.549543882183406 0.524861523485721 0.986244516078615 1.74650225348661 0.917952089787028 0.294834154786848 4.19772823436751 1.23261930747959 1.10428878329625 -1.9907803626803 0.538024706582154 0.927063289459917 -1.09491286172752 -0.565643681209031 1.45695838706611 -0.799126749708604 -0.111229134438234 -0.326745214995605 0.216119747766538 0.0549948747328994 0.0598186361838205 0.629687021324814 0.689647473561774 -0.397225330997326 0.379759870883075 2.81246035837997 0.610458656701335 0.928663114233752 1.31904241834689 0.148790848800942 0.635164431738226 1.20550111248548 -0.158119809797504 -0.553006346901513 -0.0100137340770732 -0.0905933591127719 -0.575715837963764 0.279595649775196 -0.40489626942207
"NSLZS" 0.287457383577003 -0.173497541856995 0.38371693015246 1.33704942047536 0.739711983486854 0.437447631524412 1.23261930747959 3.21335361416953 1.50732195988598 0.0978112297206901 1.01928645216694 0.75271974072167 -0.0132931980244395 0.168474596856052 0.282424879984176 -0.218713370770159 0.670868389252708 0.622807330767849 0.425279787013601 -0.00188187193441293 -1.70888120374334 -0.14452611102864 -0.665427629638937 -0.0355294802389032 0.349499345899508 0.656546335629513 0.311663224312512 0.413503390063597 0.830001631506269 0.435902032565801 0.684637464703012 0.442239483859348 0.465521110469497 0.468595888748836 -0.202418203955387 0.778139119850215 0.492235589838542 0.398436778397995 0.220913794885792
"NSLZI" 0.392805552765859 0.852830533557316 1.49123692743533 1.35656251115001 2.25767755588362 1.27205166474456 1.10428878329625 1.50732195988598 3.09059239124222 0.440725277753514 1.16375420917306 1.08983990210666 -0.101327165143758 0.186270334174292 1.37652178188182 -0.207476629928444 0.729966913204969 0.245015200829636 0.540939764928263 -0.287132389228447 -0.087463486677892 0.640988157943532 1.82353654567053 0.0282509923772136 -0.0282393243086723 0.87685566512023 0.737719975109345 0.980453466006539 1.23481351839424 0.65754210892334 1.32408072064877 0.95771351178798 0.958396027220538 0.865381410078809 0.343989970453293 1.17308425932053 0.548323783374878 0.362480566551519 -0.17840548090195
"NABR" 0.137212259287889 0.886772274152165 1.66807894014646 0.940665373625988 1.3280284380603 0.793194263936648 -1.9907803626803 0.0978112297206901 0.440725277753514 5.45834689681117 0.34720196903069 0.210011590114043 1.99404816533052 1.34295601255184 -0.0331299091806021 0.811657262306096 1.0796515151409 1.6095028180895 1.10184489116459 0.230006459442016 0.0773068379265382 0.990805731872353 0.241906963174066 0.352405343091317 1.28018100123127 -0.986724521321487 0.751546616407804 0.550861229630545 -0.206754548229348 0.174749385649374 0.676951565766059 -0.11932631057852 1.01281710570296 0.525133614329767 -1.97626603924632 0.0949238911204423 1.7974223599961 -0.432473604593435 0.162023942532057
"NAFM" 0.283673809106691 0.532586220719494 1.02801539779102 0.735032124372394 1.03630222894321 0.761966311722875 0.538024706582154 1.01928645216694 1.16375420917306 0.34720196903069 1.36705929825417 1.0126756620663 0.419834665167048 0.691980483599609 0.550985717719869 -0.101516839024565 0.530372310434412 0.482262849907968 0.198447662836745 -0.343400316825348 0.211334480503367 0.507246166911788 0.328618054657115 0.0523594490353535 0.533665204476871 1.01215162671495 0.516395566925093 0.670198029509649 0.660274887880059 0.410215798053312 0.831830993952723 0.807476749414873 0.12013381103736 0.82456177024685 0.66834924633042 1.07418492626057 0.737677007804091 0.217467740578792 0.189345645882312
"NAPNS" 0.328787272442212 0.685011184496865 1.18946455844144 0.567072481456742 0.79605089079538 0.474946384775929 0.927063289459917 0.75271974072167 1.08983990210666 0.210011590114043 1.0126756620663 2.14200934296346 0.560623475526777 0.956438534028371 1.12586432587356 0.0179683504681724 0.762121164384116 0.574893250582105 -0.108625340021757 -0.714804770279214 0.173539980492602 0.986620851471896 0.545141234331837 0.092056423303544 0.236954110763703 1.55895195609782 0.249186955053663 0.280252562092478 0.893953028775645 0.325490942639982 0.964375577152982 1.02170403491946 0.0154416057184498 1.08582860623172 0.794066179531174 1.1240607744666 0.810038627526024 0.515065353876155 0.280471888572471
"BRPT" -0.0815777077568876 0.158094770941458 0.527360792915339 -0.440962172341592 0.145494832818371 0.35274773943832 -1.09491286172752 -0.0132931980244395 -0.101327165143758 1.99404816533052 0.419834665167048 0.560623475526777 2.34180060547729 1.56538335415016 -0.538988841911707 0.250916232566538 0.610357382233043 0.965670879010318 -0.51585075419337 -0.810099086050528 0.114562398909131 0.124020381678657 -0.358340183838906 0.158919617581784 0.460948377490119 -0.702849490243379 0.110061537191989 0.00139659825185048 -0.0937001430369415 0.039463835104236 0.183861347413932 0.0677893393698598 -0.29211023520109 1.40778496998495 -0.578490809039246 1.13845548165843 1.27588972331143 -0.114416538102791 0.392179137560399
"BRAPET" 0.182614076122639 0.617707035398764 1.24176506208856 0.19051900028041 0.549977565385903 0.558416686767391 -0.565643681209031 0.168474596856052 0.186270334174292 1.34295601255184 0.691980483599609 0.956438534028371 1.56538335415016 2.28747220568353 0.427919495989416 0.65850577730939 1.14411507833932 0.98435905244446 0.0324029270414165 0.0588285643850203 0.263716178316928 0.770082895790062 -0.083940495541805 0.315334125377731 0.878227064644605 0.607153848182983 0.358206806926495 0.285957026713404 0.554497446879283 0.194941824355124 0.868568217509171 0.650871591934648 -0.0562152830189998 1.22204829782748 0.668562390279788 1.35855720423732 0.88752942662576 0.167226798432316 0.383724127522308
"PTFM" 0.530632797610207 1.32295794256892 1.5487592660375 1.49125332421638 1.60617451931063 0.969100942972513 1.45695838706611 0.282424879984176 1.37652178188182 -0.0331299091806021 0.550985717719869 1.12586432587356 -0.538988841911707 0.427919495989416 4.06334117005608 0.0222808304718443 -0.108932673163962 -1.34578088715809 -0.0727802295172197 -0.0846337179689406 0.242223875784034 1.43500935022208 1.27185028527856 0.17029199440412 1.26940967341205 1.19024420667187 0.885672228795779 1.55980312619288 1.15740221528633 0.585297181945262 1.23524858874256 1.15821937609064 0.629066750704398 -0.129315115995522 1.76641268688691 -0.0617560995801103 -1.23369389126663 0.58488296276125 0.0946043394541586
"PTAPET" -0.0492961455572259 0.407411236901797 0.240942732833852 0.0126494746274798 0.110049797287438 0.102148307020097 -0.799126749708604 -0.218713370770159 -0.207476629928444 0.811657262306096 -0.101516839024565 0.0179683504681724 0.250916232566538 0.65850577730939 0.0222808304718443 1.7680037236998 1.27740079075839 0.575407612231953 0.736234057449088 0.681777544956745 0.0729199445988636 0.236729154223279 -0.16060386225772 0.123274677453202 0.299056015939118 -0.207223681398174 -0.00365364129805881 0.0748874363340576 -0.314370614434706 0.102941758521331 0.295417816881477 -0.165251673371305 0.753356674644519 0.430038097933326 -0.981779734680544 0.379376154030893 0.207682542653479 0.036622241710942 0.155852880980448
"PTBA" 0.183686804071821 0.571231725757385 0.653211645582984 0.244717259984346 0.537310461810422 0.403111857695097 -0.111229134438234 0.670868389252708 0.729966913204969 1.0796515151409 0.530372310434412 0.762121164384116 0.610357382233043 1.14411507833932 -0.108932673163962 1.27740079075839 2.72284257041946 1.9487725017494 1.09368014815755 0.59671507498346 -0.0814565484708994 0.70249243118413 0.0740876524038417 0.229049749366472 0.470096628579891 0.846956722072144 0.353763819883326 0.351008652118695 1.36401887439808 0.312681369760483 1.05132801984354 0.517686626312684 0.681704114391121 1.16508396235853 -0.23282838351024 1.33789333172418 1.46462134891606 0.11373271203769 -0.177108627106448
"PTEAM" 0.0129817386638706 0.640067547860346 0.629641762008246 0.587901431292205 0.283796028988659 0.4314978186814 -0.326745214995605 0.622807330767849 0.245015200829636 1.6095028180895 0.482262849907968 0.574893250582105 0.965670879010318 0.98435905244446 -1.34578088715809 0.575407612231953 1.9487725017494 3.42977771640852 1.58499226956946 0.598416293933769 -0.1561053623137 0.653217176007279 -0.109983245997732 0.134363403427993 0.521361305149099 1.36315347193653 0.380644400198987 0.216195387103531 0.460205686405533 0.148388833059358 0.600168803374511 1.08206109109699 0.54100041311259 1.05581937424476 -0.437555329389601 1.20190504679866 2.93359728870531 0.0141062351231898 0.230757681895839
"PTZYGO" 0.195059382660844 1.14296146734632 1.13399994107244 1.64391326503856 0.77429894219415 0.654774830671866 0.216119747766538 0.425279787013601 0.540939764928263 1.10184489116459 0.198447662836745 -0.108625340021757 -0.51585075419337 0.0324029270414165 -0.0727802295172197 0.736234057449088 1.09368014815755 1.58499226956946 2.67429221836636 0.774198142776987 -0.0149884401173311 0.853877271742885 0.634009400575035 0.101208075426137 1.07898786774454 1.81528259524466 0.647889531110741 0.354120283445632 0.283384883661695 0.0613737942929506 0.610245638378788 0.57630358082107 1.88250367468498 -0.47983765037109 -0.765473137055651 -0.195664190534172 0.919859866002334 0.0161737127729705 -0.337492062548343
"PTTSP" 0.115410793583329 0.282678656426432 -0.282641918118674 0.553842149259534 -0.0931924726034028 -0.503704098614874 0.0549948747328994 -0.00188187193441293 -0.287132389228447 0.230006459442016 -0.343400316825348 -0.714804770279214 -0.810099086050528 0.0588285643850203 -0.0846337179689406 0.681777544956745 0.59671507498346 0.598416293933769 0.774198142776987 4.74283564810856 -0.0132618090963688 0.72749837697263 -0.142178973213613 -0.103895054543217 0.730245918066817 -1.17477648377013 0.644825071541286 0.827249555509319 0.0259384332906751 -0.122986961990332 0.192872090955264 -0.511700817831329 -1.06504268862529 -0.522777404511904 0.102141925693409 -0.828447762421139 -0.50237928526185 -0.929509285855818 -0.415627043056557
"FMZS" 0.114014270757803 0.873632160122449 1.00017659014095 -0.188950324405433 0.576106596714614 0.414375541626851 0.0598186361838205 -1.70888120374334 -0.087463486677892 0.0773068379265382 0.211334480503367 0.173539980492602 0.114562398909131 0.263716178316928 0.242223875784034 0.0729199445988636 -0.0814565484708994 -0.1561053623137 -0.0149884401173311 -0.0132618090963688 2.26190787383679 1.03327457073108 0.826776893297775 0.0719125538800497 0.418219467078008 0.541554837322616 0.305259154964653 0.358268379938766 0.0399179491246922 0.0305450388454334 0.186085036820091 0.33959361082552 -0.25944504731539 0.0673746766889457 0.908422531669118 0.00829304630187738 -0.0298952285537995 -0.248991944064397 -0.312238832258206
"FMMT" 0.400899793366206 1.51826270576807 1.71246166493285 1.45965648873085 1.26567089663803 0.906676465272811 0.629687021324814 -0.14452611102864 0.640988157943532 0.990805731872353 0.507246166911788 0.986620851471896 0.124020381678657 0.770082895790062 1.43500935022208 0.236729154223279 0.70249243118413 0.653217176007279 0.853877271742885 0.72749837697263 1.03327457073108 2.47199591992793 0.943719075980122 0.564643664538569 1.36858239496402 1.59402472929925 0.905814880324642 1.12292209868002 0.690380997149617 0.248869990333396 1.06570597425606 0.817748076444663 0.118578117477915 0.519252054907434 0.831207812111051 0.616868301042659 0.609433132806021 0.287959979290293 -0.0392640967942054
"ZSZI" 0.205299871545061 0.944757304494351 1.24487908547612 0.92913443894793 1.66223811624204 0.996487861389975 0.689647473561774 -0.665427629638937 1.82353654567053 0.241906963174066 0.328618054657115 0.545141234331837 -0.358340183838906 -0.083940495541805 1.27185028527856 -0.16060386225772 0.0740876524038417 -0.109983245997732 0.634009400575035 -0.142178973213613 0.826776893297775 0.943719075980122 2.55521690359199 -0.0702787629379348 -0.0797057126215624 0.972098192969436 0.508500768980771 0.638565285732976 0.578857029136993 0.253203687125366 0.746432897875446 0.678372517990165 0.793166036294828 0.264865132706489 0.30759592019175 0.472593067965121 0.178122534797583 0.117864009430549 -0.302998049347701
"ZIMT" 0.186884161076367 0.513290014593395 0.570479760926666 0.297174866465933 0.0988071472140973 0.476878162113332 -0.397225330997326 -0.0355294802389032 0.0282509923772136 0.352405343091317 0.0523594490353535 0.092056423303544 0.158919617581784 0.315334125377731 0.17029199440412 0.123274677453202 0.229049749366472 0.134363403427993 0.101208075426137 -0.103895054543217 0.0719125538800497 0.564643664538569 -0.0702787629379348 0.987927683422353 0.23550304383996 0.271875734509245 0.0190809096971395 0.163317766911287 0.130099075969924 -0.00856158139645877 0.272750000873287 0.341279443060134 -0.0457487089376236 0.204078036702652 0.425545977315309 0.179450735914263 0.261323752633224 -0.0258940454626162 0.0210286094966039
"ZIZYGO" 0.55141700139493 1.89942749147828 2.31406465042917 2.01990279247708 1.14193854333281 1.0645977359675 0.379759870883075 0.349499345899508 -0.0282393243086723 1.28018100123127 0.533665204476871 0.236954110763703 0.460948377490119 0.878227064644605 1.26940967341205 0.299056015939118 0.470096628579891 0.521361305149099 1.07898786774454 0.730245918066817 0.418219467078008 1.36858239496402 -0.0797057126215624 0.23550304383996 3.42803712840624 1.41545369377832 1.09705485675213 1.26092147705269 0.643305140764925 0.267599848734864 0.832117839373954 0.218351107134301 0.622398082519309 -0.660709545368201 0.875882496991817 -0.560331827133289 0.304154730013015 -0.0256900115417305 -0.00729515336715058
"ZITSP" 0.632320326033481 1.3846211851149 2.09829559838145 1.96402603228356 0.754854661714831 0.861743832380646 2.81246035837997 0.656546335629513 0.87685566512023 -0.986724521321487 1.01215162671495 1.55895195609782 -0.702849490243379 0.607153848182983 1.19024420667187 -0.207223681398174 0.846956722072144 1.36315347193653 1.81528259524466 -1.17477648377013 0.541554837322616 1.59402472929925 0.972098192969436 0.271875734509245 1.41545369377832 7.67156824051897 0.804184023541397 0.727483490549142 1.12773327603148 0.337680585570815 1.30448169773968 2.26372657587916 1.14086330809386 -0.0223321330889147 0.760066466968066 1.21449723395423 1.06833493055975 0.784423216732298 -0.113135319406923
"MTPNS" 0.206169430278938 1.02839967708779 1.41429303906674 1.13816029421025 1.05381382219556 0.481335979318553 0.610458656701335 0.311663224312512 0.737719975109345 0.751546616407804 0.516395566925093 0.249186955053663 0.110061537191989 0.358206806926495 0.885672228795779 -0.00365364129805881 0.353763819883326 0.380644400198987 0.647889531110741 0.644825071541286 0.305259154964653 0.905814880324642 0.508500768980771 0.0190809096971395 1.09705485675213 0.804184023541397 1.24062205546005 0.799797172379131 0.552215922154959 0.185438424229464 0.759074396970334 0.583620284175151 0.309270935673761 -0.00733981296640537 0.23315156891269 -0.0919107269782566 0.289665932501983 0.105533254452431 -0.0269908855419378
"PNSAPET" 0.404413057617665 1.25384132362936 1.02617900448789 1.56968903155041 1.63603211269013 1.11944142444177 0.928663114233752 0.413503390063597 0.980453466006539 0.550861229630545 0.670198029509649 0.280252562092478 0.00139659825185048 0.285957026713404 1.55980312619288 0.0748874363340576 0.351008652118695 0.216195387103531 0.354120283445632 0.827249555509319 0.358268379938766 1.12292209868002 0.638565285732976 0.163317766911287 1.26092147705269 0.727483490549142 0.799797172379131 2.25777898031262 0.429532355202267 0.401296392908063 0.800474047841219 0.96862297435588 -0.0540526074767173 0.181862534883648 0.325035694984516 0.47795048322832 0.219093776293274 -0.226279751109303 -0.0196193875216959
"APETBA" 0.478298247049361 0.617381725626892 0.942999420911357 0.708603738779573 0.842575916907776 0.470435071373585 1.31904241834689 0.830001631506269 1.23481351839424 -0.206754548229348 0.660274887880059 0.893953028775645 -0.0937001430369415 0.554497446879283 1.15740221528633 -0.314370614434706 1.36401887439808 0.460205686405533 0.283384883661695 0.0259384332906751 0.0399179491246922 0.690380997149617 0.578857029136993 0.130099075969924 0.643305140764925 1.12773327603148 0.552215922154959 0.429532355202267 2.37191409266302 0.459288112396668 1.12480841944988 0.742325659985467 0.164678583918265 0.341394052376378 1.4323886820175 0.398903315314487 0.348470469245153 0.246958083466452 -0.411908890181699
"APETTS" 0.110644556350236 0.221785596182194 0.23824423051039 0.404798989961829 0.545067482111009 0.321563599964994 0.148790848800942 0.435902032565801 0.65754210892334 0.174749385649374 0.410215798053312 0.325490942639982 0.039463835104236 0.194941824355124 0.585297181945262 0.102941758521331 0.312681369760483 0.148388833059358 0.0613737942929506 -0.122986961990332 0.0305450388454334 0.248869990333396 0.253203687125366 -0.00856158139645877 0.267599848734864 0.337680585570815 0.185438424229464 0.401296392908063 0.459288112396668 0.822234679697856 0.637720052493645 0.330972229624017 0.155391671802752 0.467902938770867 0.314837994763787 0.789015132519732 0.268404389333565 0.0114889273412346 0.0841559389027482
"BAEAM" 0.388825226572318 1.05101796576879 1.58783903642443 1.15377162996468 1.32566381931167 0.841597797418749 0.635164431738226 0.684637464703012 1.32408072064877 0.676951565766059 0.831830993952723 0.964375577152982 0.183861347413932 0.868568217509171 1.23524858874256 0.295417816881477 1.05132801984354 0.600168803374511 0.610245638378788 0.192872090955264 0.186085036820091 1.06570597425606 0.746432897875446 0.272750000873287 0.832117839373954 1.30448169773968 0.759074396970334 0.800474047841219 1.12480841944988 0.637720052493645 1.79595012897953 1.02829268153311 0.508834167656023 0.798311794521509 0.321532095431497 1.04842073116674 0.670372950436622 0.316554381563883 0.189265360284048
"EAMZYGO" 0.235197960490087 1.34497964718706 1.54934107863817 1.29008273943018 1.03517186351073 1.11309373349342 1.20550111248548 0.442239483859348 0.95771351178798 -0.11932631057852 0.807476749414873 1.02170403491946 0.0677893393698598 0.650871591934648 1.15821937609064 -0.165251673371305 0.517686626312684 1.08206109109699 0.57630358082107 -0.511700817831329 0.33959361082552 0.817748076444663 0.678372517990165 0.341279443060134 0.218351107134301 2.26372657587916 0.583620284175151 0.96862297435588 0.742325659985467 0.330972229624017 1.02829268153311 2.99566117652444 0.440614805725994 0.736565960098526 0.710752678187498 0.990272958637355 1.16534826542272 0.204210139252899 0.36896720924415
"ZYGOTSP" 0.0749282003566168 0.752923949005862 1.05638042936135 1.16769854003257 0.943376397503156 0.809458689809039 -0.158119809797504 0.465521110469497 0.958396027220538 1.01281710570296 0.12013381103736 0.0154416057184498 -0.29211023520109 -0.0562152830189998 0.629066750704398 0.753356674644519 0.681704114391121 0.54100041311259 1.88250367468498 -1.06504268862529 -0.25944504731539 0.118578117477915 0.793166036294828 -0.0457487089376236 0.622398082519309 1.14086330809386 0.309270935673761 -0.0540526074767173 0.164678583918265 0.155391671802752 0.508834167656023 0.440614805725994 3.15062381382598 -0.52242382397247 -0.501594904220074 -0.262314034372069 0.425992681461831 0.354303032608848 0.0487117256170039
"LDAS" 0.00279215003194114 -0.180061619144548 -0.182758909311281 -0.84700754236259 -0.0421982985395813 0.49938689566981 -0.553006346901513 0.468595888748836 0.865381410078809 0.525133614329767 0.82456177024685 1.08582860623172 1.40778496998495 1.22204829782748 -0.129315115995522 0.430038097933326 1.16508396235853 1.05581937424476 -0.47983765037109 -0.522777404511904 0.0673746766889457 0.519252054907434 0.264865132706489 0.204078036702652 -0.660709545368201 -0.0223321330889147 -0.00733981296640537 0.181862534883648 0.341394052376378 0.467902938770867 0.798311794521509 0.736565960098526 -0.52242382397247 3.73967053891418 0.0422586513848324 3.57479995416341 1.65607592348705 0.419970697512948 0.695636166372748
"BRLD" 0.315651060292596 0.394674551163521 0.463391483834491 -0.170851142472587 0.200168983673096 0.918306665730264 -0.0100137340770732 -0.202418203955387 0.343989970453293 -1.97626603924632 0.66834924633042 0.794066179531174 -0.578490809039246 0.668562390279788 1.76641268688691 -0.981779734680544 -0.23282838351024 -0.437555329389601 -0.765473137055651 0.102141925693409 0.908422531669118 0.831207812111051 0.30759592019175 0.425545977315309 0.875882496991817 0.760066466968066 0.23315156891269 0.325035694984516 1.4323886820175 0.314837994763787 0.321532095431497 0.710752678187498 -0.501594904220074 0.0422586513848324 8.85994350907449 -0.514362141707009 -0.161588872424208 -0.18700090579228 0.338531721290565
"OPILD" -0.0345675177629067 -0.214878374863957 -0.0639453475348429 -0.371724794501895 0.242438493777868 0.774076559326023 -0.0905933591127719 0.778139119850215 1.17308425932053 0.0949238911204423 1.07418492626057 1.1240607744666 1.13845548165843 1.35855720423732 -0.0617560995801103 0.379376154030893 1.33789333172418 1.20190504679866 -0.195664190534172 -0.828447762421139 0.00829304630187738 0.616868301042659 0.472593067965121 0.179450735914263 -0.560331827133289 1.21449723395423 -0.0919107269782566 0.47795048322832 0.398903315314487 0.789015132519732 1.04842073116674 0.990272958637355 -0.262314034372069 3.57479995416341 -0.514362141707009 5.37674004895193 1.67178598593284 0.338068462694095 0.0421034494351958
"PTAS" 0.0318378517878342 0.64438553045863 0.807495043214064 0.314046429704275 0.489714220319299 0.830365505770919 -0.575715837963764 0.492235589838542 0.548323783374878 1.7974223599961 0.737677007804091 0.810038627526024 1.27588972331143 0.88752942662576 -1.23369389126663 0.207682542653479 1.46462134891606 2.93359728870531 0.919859866002334 -0.50237928526185 -0.0298952285537995 0.609433132806021 0.178122534797583 0.261323752633224 0.304154730013015 1.06833493055975 0.289665932501983 0.219093776293274 0.348470469245153 0.268404389333565 0.670372950436622 1.16534826542272 0.425992681461831 1.65607592348705 -0.161588872424208 1.67178598593284 4.03646732835389 0.270012709364432 0.704679255341921
"JPAS" 0.0261452175013202 0.0820954899270444 0.121222593599182 -0.015690561179589 0.164814087617246 -0.00611299924810877 0.279595649775196 0.398436778397995 0.362480566551519 -0.432473604593435 0.217467740578792 0.515065353876155 -0.114416538102791 0.167226798432316 0.58488296276125 0.036622241710942 0.11373271203769 0.0141062351231898 0.0161737127729705 -0.929509285855818 -0.248991944064397 0.287959979290293 0.117864009430549 -0.0258940454626162 -0.0256900115417305 0.784423216732298 0.105533254452431 -0.226279751109303 0.246958083466452 0.0114889273412346 0.316554381563883 0.204210139252899 0.354303032608848 0.419970697512948 -0.18700090579228 0.338068462694095 0.270012709364432 2.21052782594087 0.489791337441598
"BAOPI" -0.0736748362447179 -0.25473258496721 -0.0564814927451009 -0.172652793252617 -0.0326251542802542 0.195809932783108 -0.40489626942207 0.220913794885792 -0.17840548090195 0.162023942532057 0.189345645882312 0.280471888572471 0.392179137560399 0.383724127522308 0.0946043394541586 0.155852880980448 -0.177108627106448 0.230757681895839 -0.337492062548343 -0.415627043056557 -0.312238832258206 -0.0392640967942054 -0.302998049347701 0.0210286094966039 -0.00729515336715058 -0.113135319406923 -0.0269908855419378 -0.0196193875216959 -0.411908890181699 0.0841559389027482 0.189265360284048 0.36896720924415 0.0487117256170039 0.695636166372748 0.338531721290565 0.0421034494351958 0.704679255341921 0.489791337441598 1.38570904178634
