"" "ISPM" "ISNSL" "ISPNS" "PMZS" "PMZI" "PMMT" "NSLNA" "NSLZS" "NSLZI" "NABR" "NAFM" "NAPNS" "BRPT" "BRAPET" "PTFM" "PTAPET" "PTBA" "PTEAM" "PTZYGO" "PTTSP" "FMZS" "FMMT" "ZSZI" "ZIMT" "ZIZYGO" "ZITSP" "MTPNS" "PNSAPET" "APETBA" "APETTS" "BAEAM" "EAMZYGO" "ZYGOTSP" "LDAS" "BRLD" "OPILD" "PTAS" "JPAS" "BAOPI"
"ISPM" 0.682724700759479 1.31534530391337 1.67750598639251 0.972853155565409 0.959686289638002 0.661174845185393 0.346847917886362 0.696393837386431 1.11253308594843 1.01920814375509 0.48116206394558 0.744899716654253 0.670904365429292 0.873117951161373 0.446246272883274 0.320427606123638 0.843350756287634 0.723497555487186 0.57643749559384 0.260754706787027 0.139295879761083 0.943984682265467 0.351294781948839 0.264822635078949 0.612115559698923 0.575766595941033 0.693576658969269 0.481137571139636 0.558688719327431 0.234905577249301 0.629368480458687 0.311192685445655 0.39530266759724 0.327577904858096 0.357364746261384 0.410141490679938 0.963833312373779 0.242468249930096 0.0352253516220011
"ISNSL" 1.31534530391337 5.11996007029065 4.51947831747887 3.35577491261319 2.62899399692464 1.75624466525632 0.373819733604525 1.69831539928005 2.46164440670179 2.08881527195044 1.06465695340162 1.9530541093123 1.17419222521674 1.81418327794041 1.47693843746239 0.857551761832312 2.09557241689799 1.41234340931204 1.4227885488864 0.564452010658427 0.305608490974292 2.90495244098354 0.564584479808519 0.879533224791052 2.10783329113034 1.58106913649587 1.86517140533704 1.20493805916846 1.61995087538859 0.327096067370761 1.77876847180518 0.774104866577831 1.00841820856495 0.244687466885582 -0.222863834086208 0.550714500100881 1.97432377623758 0.576291396375096 -0.115987470367573
"ISPNS" 1.67750598639251 4.51947831747887 7.40541129012836 3.61360991612274 3.77400702808166 2.81367462026465 1.03646056350483 1.90376596298402 3.41366047114887 3.10138815463265 1.40207991727039 2.94249306586552 1.75288099813049 2.29164065573892 1.72104310375212 1.17341996388213 2.92333354409057 2.36132679288304 1.8375822219241 1.00118314664753 0.715457423458641 3.2608286569472 1.32743586101222 0.893807258359921 2.78018843749351 2.68491536022324 2.28885598183126 0.830631626842428 1.85443401123085 0.615300365772576 2.34260673949674 1.26796030421161 1.00366774294566 0.393224927913612 0.281664849101679 0.639987706153062 3.25439305419669 0.908319056774004 0.0793025830337094
"PMZS" 0.972853155565409 3.35577491261319 3.61360991612274 3.82881937849157 2.75689409239939 1.7115334539978 1.32466476405608 1.83300557535484 2.48952723041315 2.31601137349143 0.960653655856095 1.50187178415092 0.788708360033244 1.60570793242761 1.78260678295491 0.730953683360558 1.68903735118934 1.25350056013087 1.75074304283979 0.385362633941979 0.00511338732168283 2.52345435051551 0.952556479213076 0.625450493761176 2.10405202504964 1.9569185851088 1.6937327133681 1.31859521101012 1.58482993969681 0.414700051884671 1.5091613369557 0.877250381866666 1.52654566825173 0.270311151484981 -0.523530266627966 0.524008492811834 1.42791380117146 0.527996412843551 -0.155426413609165
"PMZI" 0.959686289638002 2.62899399692464 3.77400702808166 2.75689409239939 3.58211950564549 2.0911983327181 0.650331369719897 1.68901403546256 3.21003614669187 2.59080161366866 1.02010202051862 1.40599527777725 1.11450714322469 1.74819644005707 1.50284618542343 1.0792486811093 2.15075940467851 1.38424418009436 1.62837083214611 0.636990559002769 0.348033559526834 2.10764622623873 1.28555419790869 0.497030825673723 1.56423065632087 1.61100062597324 1.52557219525093 1.46648045477632 1.48355258730535 0.807392242596482 1.65419627534432 0.488309325441031 1.19305207960876 0.475206629729036 -0.293738017600043 0.708575421016539 1.87870730978171 0.586807991663984 -0.013433959413715
"PMMT" 0.661174845185393 1.75624466525632 2.81367462026465 1.7115334539978 2.0911983327181 1.89767783703375 0.671310770413812 0.876787977666853 1.8729202018696 1.70249928786729 0.668399996671111 1.20398653454573 1.09048550034182 1.09676656688502 1.039824141216 0.463354035436204 1.33280508241677 0.979423396741439 0.863049022530152 0.58364916198333 0.374434030278976 1.46390950924636 0.836824749706146 0.61008347149319 1.35959966063917 1.24346848571912 0.92704242970311 0.823539154265432 1.0815592860554 0.805912285406392 1.15926560254495 0.687477728576737 0.578451337010667 0.494029164258645 0.109491972124994 0.642407228363794 1.39465029291227 0.0440295694338468 0.157716617049173
"NSLNA" 0.346847917886362 0.373819733604525 1.03646056350483 1.32466476405608 0.650331369719897 0.671310770413812 3.30318020017385 0.488378731920621 0.946125440642526 0.250087066525333 0.189533429057376 0.788927897857368 0.39954643341277 0.0232313659603642 0.316497291533602 -0.321193460496148 -0.0768296744724863 0.153575255659706 0.13858748102084 -0.442459709780379 0.345937412120845 0.224729774108806 0.368526431730527 0.238791176638666 0.486346143319913 0.758701144092008 0.291715502463602 0.296703603822982 0.412016508283051 0.248118357413661 -0.00482570825804443 0.252594524127235 0.307877635327187 0.0130954875973578 -0.283310324666044 -0.0314870421477599 0.223347046888251 -0.232173116087322 -0.0341229793166561
"NSLZS" 0.696393837386431 1.69831539928005 1.90376596298402 1.83300557535484 1.68901403546256 0.876787977666853 0.488378731920621 2.3410074619795 1.96847926534345 1.62252873552742 0.988940507286659 1.12115998182075 0.748944824498909 1.31571323398667 0.690898984274999 0.509356713654033 1.32449774331069 0.907764585770749 1.15780564093564 0.289131874802995 -0.237198023543311 1.54555195427651 -0.128488539108699 0.460657360053325 1.00457509370874 0.858344239791176 0.956348608301682 1.0510498600651 0.923846021964311 0.209699611564344 1.0993596854536 0.22758094793187 0.878594845239775 0.147996897818947 0.0124852619848046 0.271661320968637 1.37782716512772 0.00976200804482865 -0.0819034035084854
"NSLZI" 1.11253308594843 2.46164440670179 3.41366047114887 2.48952723041315 3.21003614669187 1.8729202018696 0.946125440642526 1.96847926534345 3.96676777303498 2.7187168072768 1.29361707146809 1.86518910001744 1.24168477942277 1.98174027496327 1.39208138860014 1.22452427209246 2.42759726289189 1.7153069199777 1.90302666226442 1.05033183267094 0.439499390429943 2.35131266266581 1.80430681701936 0.570810948270877 1.49591523436278 1.68362812771539 1.48740075684128 1.72382220979725 1.47221310393686 0.777827112665182 1.71898195359062 0.459027187604221 1.20358297552691 0.681644694038265 -0.300799993622606 0.966376494772476 2.14806001319283 0.546899066345526 -0.0871725565176398
"NABR" 1.01920814375509 2.08881527195044 3.10138815463265 2.31601137349143 2.59080161366866 1.70249928786729 0.250087066525333 1.62252873552742 2.7187168072768 4.8474888498192 1.05559962527766 1.58779125319023 2.38167856965875 2.91059647069905 1.48141977474832 1.44947887585675 2.4910918359388 1.81950314063742 1.60975531933213 0.75734588567139 0.491832023974748 2.51452186446279 1.06947847532054 0.723431696762535 1.16108624702646 1.79659434059609 1.3426022203191 1.27531892018784 1.30398837289715 1.02728161154092 1.77274368587897 0.588976284277875 1.2329906429475 1.14056494922939 0.115954940914733 1.23099674732754 2.6635553956693 0.217681774639081 -0.0564339531713843
"NAFM" 0.48116206394558 1.06465695340162 1.40207991727039 0.960653655856095 1.02010202051862 0.668399996671111 0.189533429057376 0.988940507286659 1.29361707146809 1.05559962527766 1.15454114026196 1.11547876575003 0.791490744746988 1.18906703262865 0.349205185549295 0.529463916960235 1.11151078531801 1.13435487699478 1.06734910129686 0.208717059576059 0.199348435053378 1.1428408333624 0.450743406680027 0.246477929696651 0.767885615796504 0.715636835809418 0.729307837255128 0.731517579521611 0.591468177021896 0.199070368713522 0.884556936180053 0.468499246614137 0.832678491544509 0.423878282755205 0.691300684516677 0.425913532650716 1.46858113477143 0.261231209476357 0.12909269192007
"NAPNS" 0.744899716654253 1.9530541093123 2.94249306586552 1.50187178415092 1.40599527777725 1.20398653454573 0.788927897857368 1.12115998182075 1.86518910001744 1.58779125319023 1.11547876575003 3.15378176297716 1.78777177460835 2.1370898674613 0.637803094025662 0.852654317843339 1.85535479098224 1.60736517505502 1.07092508524997 0.442087825201185 0.153846947738301 2.30850091969509 0.943259133918468 0.613793439261261 1.03638652085622 0.53364274326741 0.922561340550289 0.172130329154595 0.966800227512505 0.357937316340802 1.27598820064898 0.380031682494775 0.51902592963037 0.783590274791268 0.981926164746091 0.808224744306009 2.3227334578506 -0.210736005174336 0.0241179714797025
"BRPT" 0.670904365429292 1.17419222521674 1.75288099813049 0.788708360033244 1.11450714322469 1.09048550034182 0.39954643341277 0.748944824498909 1.24168477942277 2.38167856965875 0.791490744746988 1.78777177460835 3.30473629051089 2.89270353838263 0.399177510060763 0.355635478160361 1.2696454233448 0.771587260981132 0.103065905004089 0.179944654653004 0.0100321206106426 1.44109050134056 0.437852842036583 0.679062320055601 0.431667822303537 -0.257351125113973 0.632839818610566 0.489490159286546 0.737034762243152 0.887119126618181 1.07751563962442 0.108483665095425 0.0247546598015319 1.84194437249889 1.44893771332946 1.2990611684584 1.81546845858041 -0.117749788971394 0.364204536153854
"BRAPET" 0.873117951161373 1.81418327794041 2.29164065573892 1.60570793242761 1.74819644005707 1.09676656688502 0.0232313659603642 1.31571323398667 1.98174027496327 2.91059647069905 1.18906703262865 2.1370898674613 2.89270353838263 4.31152102274408 1.08076650415979 1.64691174352341 2.42928256109584 1.66268692003669 1.66065628788411 0.756437105722847 -0.0403851384673735 2.3998087339892 0.868987506357652 0.412028287081306 0.774087942282212 0.327033814452231 1.35189843946951 1.02786242702071 0.961716459659349 0.614186008398463 1.68275796306602 0.218874851087953 1.22660752876406 1.96712266910865 1.81320736136264 2.09661532754638 2.02344155454859 0.213289707854518 0.0547042052909192
"PTFM" 0.446246272883274 1.47693843746239 1.72104310375212 1.78260678295491 1.50284618542343 1.039824141216 0.316497291533602 0.690898984274999 1.39208138860014 1.48141977474832 0.349205185549295 0.637803094025662 0.399177510060763 1.08076650415979 2.46529949667535 0.543111555703884 0.696649472201266 -0.218639625517726 0.547386833511084 0.336511168724202 -0.0822486012234755 1.38928129683503 0.720271630387277 0.551844719217833 0.985904618938824 0.839613993051512 0.936207747115804 0.934971365838264 0.850312061579593 0.217805016589174 0.852398927651916 0.855120507553945 0.920347711685939 0.419820357735628 -0.190712363693224 0.736072866817827 -0.420339168359938 0.102499492123144 -0.310074699185035
"PTAPET" 0.320427606123638 0.857551761832312 1.17341996388213 0.730953683360558 1.0792486811093 0.463354035436204 -0.321193460496148 0.509356713654033 1.22452427209246 1.44947887585675 0.529463916960235 0.852654317843339 0.355635478160361 1.64691174352341 0.543111555703884 2.18724605508809 2.26978401899049 1.6976388388657 1.83601428031213 0.991940016939253 0.323590042659246 1.40282584836214 0.724381505907419 0.118577571811386 0.502275142842566 1.04041731179459 0.760737110853271 0.76894416941848 0.315163491747643 0.157039869413136 0.922729545421759 0.315578248919166 1.16577986074031 0.661023032806622 0.244006130344658 1.13152618184017 1.33695672852777 0.652125407140108 -0.126166195166845
"PTBA" 0.843350756287634 2.09557241689799 2.92333354409057 1.68903735118934 2.15075940467851 1.33280508241677 -0.0768296744724863 1.32449774331069 2.42759726289189 2.4910918359388 1.11151078531801 1.85535479098224 1.2696454233448 2.42928256109584 0.696649472201266 2.26978401899049 3.74426069114917 3.00068798928491 2.43506102641333 1.08257151733321 0.332486109516723 2.28700932587851 1.02244192404497 0.499332369451517 1.52965828086581 1.69739005526887 1.45057784364918 1.52519231596461 1.55220829255925 0.465061965112301 1.8996759075574 0.882030546099161 1.41881692344477 0.927695107926347 0.992419214109955 1.41044597722382 3.19699321026833 0.543099687065284 -0.0401582418909363
"PTEAM" 0.723497555487186 1.41234340931204 2.36132679288304 1.25350056013087 1.38424418009436 0.979423396741439 0.153575255659706 0.907764585770749 1.7153069199777 1.81950314063742 1.13435487699478 1.60736517505502 0.771587260981132 1.66268692003669 -0.218639625517726 1.6976388388657 3.00068798928491 4.05618924022288 2.65719947479074 1.061535253479 0.402327292507394 2.02087986185221 0.995623850372023 0.291292680520692 1.53625338986192 2.11829111903725 1.28132555396323 1.28239215644464 0.938811691143422 0.168674440377874 1.30645828642945 1.29193693418043 1.30492987691522 0.305445880479582 1.25246165632773 0.679245922324576 3.7424964032597 0.382106616619455 0.156966252343739
"PTZYGO" 0.57643749559384 1.4227885488864 1.8375822219241 1.75074304283979 1.62837083214611 0.863049022530152 0.13858748102084 1.15780564093564 1.90302666226442 1.60975531933213 1.06734910129686 1.07092508524997 0.103065905004089 1.66065628788411 0.547386833511084 1.83601428031213 2.43506102641333 2.65719947479074 3.16944757887826 1.07129300507378 0.0952066868718113 1.74925162072108 1.053255495529 -0.0143320662282712 1.8333755869109 1.99897443518858 1.4013091515563 1.33090879479398 0.807376126797922 0.103169749938028 1.16286860804292 0.4235909371682 2.29627762789235 0.277175395286563 0.557099461636864 0.808143229050738 2.20815215448734 0.589387575666901 -0.124824544296008
"PTTSP" 0.260754706787027 0.564452010658427 1.00118314664753 0.385362633941979 0.636990559002769 0.58364916198333 -0.442459709780379 0.289131874802995 1.05033183267094 0.75734588567139 0.208717059576059 0.442087825201185 0.179944654653004 0.756437105722847 0.336511168724202 0.991940016939253 1.08257151733321 1.061535253479 1.07129300507378 3.77690207302218 0.0149536828594691 0.774018119146977 0.806589733034622 0.331001846321304 0.457839703090618 0.41355454203713 0.20393806112332 0.952342300014555 -0.187076694055521 0.314602394608487 0.37424702643664 0.150053159752333 -1.01391027497498 -0.0739292645655882 -0.292458330423495 0.247838512128933 0.705201023943281 0.702841155139868 0.0155784186306605
"FMZS" 0.139295879761083 0.305608490974292 0.715457423458641 0.00511338732168283 0.348033559526834 0.374434030278976 0.345937412120845 -0.237198023543311 0.439499390429943 0.491832023974748 0.199348435053378 0.153846947738301 0.0100321206106426 -0.0403851384673735 -0.0822486012234755 0.323590042659246 0.332486109516723 0.402327292507394 0.0952066868718113 0.0149536828594691 1.18978955114691 0.595064169978542 0.304802201390619 0.198755167663472 0.207037943351489 0.299557077472828 0.0951893465728088 0.0630552375188591 0.102052329879674 0.319481005378255 0.18221537858348 0.193265555878235 0.113294910113234 -0.119603205380408 -0.311352055819202 -0.137877086200831 0.372375692993182 0.239488210591818 0.140797266510547
"FMMT" 0.943984682265467 2.90495244098354 3.2608286569472 2.52345435051551 2.10764622623873 1.46390950924636 0.224729774108806 1.54555195427651 2.35131266266581 2.51452186446279 1.1428408333624 2.30850091969509 1.44109050134056 2.3998087339892 1.38928129683503 1.40282584836214 2.28700932587851 2.02087986185221 1.74925162072108 0.774018119146977 0.595064169978542 3.86061364159831 1.15185783119704 1.0410024795452 1.70457980809629 1.22489121432176 1.72239228027838 1.15232880470728 1.21474092024948 0.439733786756087 1.65330205414322 0.954525250727697 1.24850924417629 0.791690791880807 0.199508465556916 0.870459558174716 2.22159890434657 0.415209478429641 0.155631514531486
"ZSZI" 0.351294781948839 0.564584479808519 1.32743586101222 0.952556479213076 1.28555419790869 0.836824749706146 0.368526431730527 -0.128488539108699 1.80430681701936 1.06947847532054 0.450743406680027 0.943259133918468 0.437852842036583 0.868987506357652 0.720271630387277 0.724381505907419 1.02244192404497 0.995623850372023 1.053255495529 0.806589733034622 0.304802201390619 1.15185783119704 2.12626931562216 -0.0372069847490593 0.584650148807276 1.06212347068611 0.651017660989868 0.567514430967158 0.449320071044334 0.437512624294188 0.656681745068593 0.314381587955394 0.5225580701283 0.578277373405438 -0.210831891002646 0.752647652423535 0.876781035985892 0.511771995338837 0.0551567782144971
"ZIMT" 0.264822635078949 0.879533224791052 0.893807258359921 0.625450493761176 0.497030825673723 0.61008347149319 0.238791176638666 0.460657360053325 0.570810948270877 0.723431696762535 0.246477929696651 0.613793439261261 0.679062320055601 0.412028287081306 0.551844719217833 0.118577571811386 0.499332369451517 0.291292680520692 -0.0143320662282712 0.331001846321304 0.198755167663472 1.0410024795452 -0.0372069847490593 1.02654556106293 0.575617471193741 -0.0419397957411161 0.227335734565711 0.426095709235303 0.439218041272856 0.214254382829818 0.322608718882794 0.417113292341984 -0.0371254153483068 0.287855128078658 -0.143467609427119 0.115505070549056 0.327388420657038 0.0678772761025546 0.0450801071592638
"ZIZYGO" 0.612115559698923 2.10783329113034 2.78018843749351 2.10405202504964 1.56423065632087 1.35959966063917 0.486346143319913 1.00457509370874 1.49591523436278 1.16108624702646 0.767885615796504 1.03638652085622 0.431667822303537 0.774087942282212 0.985904618938824 0.502275142842566 1.52965828086581 1.53625338986192 1.8333755869109 0.457839703090618 0.207037943351489 1.70457980809629 0.584650148807276 0.575617471193741 3.83902016693734 1.59833762547377 1.45055139098836 1.18042696210996 1.24813476375726 0.352874766586823 1.21224104898609 0.0891432950135445 1.29395599221359 -0.059184137478686 0.785460458847158 0.158449213256072 1.36389811525471 0.607622789212622 -0.169044268414187
"ZITSP" 0.575766595941033 1.58106913649587 2.68491536022324 1.9569185851088 1.61100062597324 1.24346848571912 0.758701144092008 0.858344239791176 1.68362812771539 1.79659434059609 0.715636835809418 0.53364274326741 -0.257351125113973 0.327033814452231 0.839613993051512 1.04041731179459 1.69739005526887 2.11829111903725 1.99897443518858 0.41355454203713 0.299557077472828 1.22489121432176 1.06212347068611 -0.0419397957411161 1.59833762547377 5.69500776081993 1.13851215074574 1.17627641123767 0.819308556756876 0.261158107012115 0.987702358472438 1.42086365069868 1.04994786150744 -0.594104362459321 -0.112447683556641 -0.347973753272655 2.00223689856132 0.363492029219419 0.165929376918863
"MTPNS" 0.693576658969269 1.86517140533704 2.28885598183126 1.6937327133681 1.52557219525093 0.92704242970311 0.291715502463602 0.956348608301682 1.48740075684128 1.3426022203191 0.729307837255128 0.922561340550289 0.632839818610566 1.35189843946951 0.936207747115804 0.760737110853271 1.45057784364918 1.28132555396323 1.4013091515563 0.20393806112332 0.0951893465728088 1.72239228027838 0.651017660989868 0.227335734565711 1.45055139098836 1.13851215074574 1.64859873839419 0.942468868834476 0.886569488167361 0.225993014521631 1.17523521328359 0.570376086936611 1.25325763458139 0.556898599619598 0.681188648455138 0.546978536426894 1.34521726961482 0.549487550516241 0.0571644129916024
"PNSAPET" 0.481137571139636 1.20493805916846 0.830631626842428 1.31859521101012 1.46648045477632 0.823539154265432 0.296703603822982 1.0510498600651 1.72382220979725 1.27531892018784 0.731517579521611 0.172130329154595 0.489490159286546 1.02786242702071 0.934971365838264 0.76894416941848 1.52519231596461 1.28239215644464 1.33090879479398 0.952342300014555 0.0630552375188591 1.15232880470728 0.567514430967158 0.426095709235303 1.18042696210996 1.17627641123767 0.942468868834476 2.4390018010828 0.833824443710836 0.311698140998571 1.02609146349378 1.16568653169532 0.773294620690619 0.451941715350419 0.580816759530491 0.757014837315192 1.1875679021471 0.209576028846994 0.01950225368455
"APETBA" 0.558688719327431 1.61995087538859 1.85443401123085 1.58482993969681 1.48355258730535 1.0815592860554 0.412016508283051 0.923846021964311 1.47221310393686 1.30398837289715 0.591468177021896 0.966800227512505 0.737034762243152 0.961716459659349 0.850312061579593 0.315163491747643 1.55220829255925 0.938811691143422 0.807376126797922 -0.187076694055521 0.102052329879674 1.21474092024948 0.449320071044334 0.439218041272856 1.24813476375726 0.819308556756876 0.886569488167361 0.833824443710836 1.66444582423745 0.418448619806865 1.1218261641834 0.585868704567033 0.885046558701154 0.440768149394513 0.2023390061668 0.530745175475264 1.17313624098412 -0.0517014186764853 -0.0623974905814365
"APETTS" 0.234905577249301 0.327096067370761 0.615300365772576 0.414700051884671 0.807392242596482 0.805912285406392 0.248118357413661 0.209699611564344 0.777827112665182 1.02728161154092 0.199070368713522 0.357937316340802 0.887119126618181 0.614186008398463 0.217805016589174 0.157039869413136 0.465061965112301 0.168674440377874 0.103169749938028 0.314602394608487 0.319481005378255 0.439733786756087 0.437512624294188 0.214254382829818 0.352874766586823 0.261158107012115 0.225993014521631 0.311698140998571 0.418448619806865 1.26159755259191 0.573098472108271 0.0735048696503023 -0.0309173309562505 0.425362347401861 0.311633499385745 0.36446751854365 0.261940713259529 0.101941920152115 0.132162176999181
"BAEAM" 0.629368480458687 1.77876847180518 2.34260673949674 1.5091613369557 1.65419627534432 1.15926560254495 -0.00482570825804443 1.0993596854536 1.71898195359062 1.77274368587897 0.884556936180053 1.27598820064898 1.07751563962442 1.68275796306602 0.852398927651916 0.922729545421759 1.8996759075574 1.30645828642945 1.16286860804292 0.37424702643664 0.18221537858348 1.65330205414322 0.656681745068593 0.322608718882794 1.21224104898609 0.987702358472438 1.17523521328359 1.02609146349378 1.1218261641834 0.573098472108271 2.07440424279873 0.811435552626816 0.873036253144349 0.929015533588516 0.897061536016117 1.04382698502127 1.88610933705499 0.254925726940448 0.152237010971561
"EAMZYGO" 0.311192685445655 0.774104866577831 1.26796030421161 0.877250381866666 0.488309325441031 0.687477728576737 0.252594524127235 0.22758094793187 0.459027187604221 0.588976284277875 0.468499246614137 0.380031682494775 0.108483665095425 0.218874851087953 0.855120507553945 0.315578248919166 0.882030546099161 1.29193693418043 0.4235909371682 0.150053159752333 0.193265555878235 0.954525250727697 0.314381587955394 0.417113292341984 0.0891432950135445 1.42086365069868 0.570376086936611 1.16568653169532 0.585868704567033 0.0735048696503023 0.811435552626816 3.12348673888125 0.721245600641384 0.30584581296934 0.124166531409968 0.557626340357352 1.02187637032797 -0.0880032001800899 0.253051244240191
"ZYGOTSP" 0.39530266759724 1.00841820856495 1.00366774294566 1.52654566825173 1.19305207960876 0.578451337010667 0.307877635327187 0.878594845239775 1.20358297552691 1.2329906429475 0.832678491544509 0.51902592963037 0.0247546598015319 1.22660752876406 0.920347711685939 1.16577986074031 1.41881692344477 1.30492987691522 2.29627762789235 -1.01391027497498 0.113294910113234 1.24850924417629 0.5225580701283 -0.0371254153483068 1.29395599221359 1.04994786150744 1.25325763458139 0.773294620690619 0.885046558701154 -0.0309173309562505 0.873036253144349 0.721245600641384 3.66178188243269 0.652537762458825 0.113895587190045 0.947884091767162 0.990217062818531 0.32263222633969 -0.0748283876348539
"LDAS" 0.327577904858096 0.244687466885582 0.393224927913612 0.270311151484981 0.475206629729036 0.494029164258645 0.0130954875973578 0.147996897818947 0.681644694038265 1.14056494922939 0.423878282755205 0.783590274791268 1.84194437249889 1.96712266910865 0.419820357735628 0.661023032806622 0.927695107926347 0.305445880479582 0.277175395286563 -0.0739292645655882 -0.119603205380408 0.791690791880807 0.578277373405438 0.287855128078658 -0.059184137478686 -0.594104362459321 0.556898599619598 0.451941715350419 0.440768149394513 0.425362347401861 0.929015533588516 0.30584581296934 0.652537762458825 3.47070691256218 0.600842188119253 3.04481346540106 0.285562739325991 0.730783675945597 0.479016962687829
"BRLD" 0.357364746261384 -0.222863834086208 0.281664849101679 -0.523530266627966 -0.293738017600043 0.109491972124994 -0.283310324666044 0.0124852619848046 -0.300799993622606 0.115954940914733 0.691300684516677 0.981926164746091 1.44893771332946 1.81320736136264 -0.190712363693224 0.244006130344658 0.992419214109955 1.25246165632773 0.557099461636864 -0.292458330423495 -0.311352055819202 0.199508465556916 -0.210831891002646 -0.143467609427119 0.785460458847158 -0.112447683556641 0.681188648455138 0.580816759530491 0.2023390061668 0.311633499385745 0.897061536016117 0.124166531409968 0.113895587190045 0.600842188119253 7.0918108350734 -0.161196202157724 2.16347984443371 0.053901521206777 0.509195764022671
"OPILD" 0.410141490679938 0.550714500100881 0.639987706153062 0.524008492811834 0.708575421016539 0.642407228363794 -0.0314870421477599 0.271661320968637 0.966376494772476 1.23099674732754 0.425913532650716 0.808224744306009 1.2990611684584 2.09661532754638 0.736072866817827 1.13152618184017 1.41044597722382 0.679245922324576 0.808143229050738 0.247838512128933 -0.137877086200831 0.870459558174716 0.752647652423535 0.115505070549056 0.158449213256072 -0.347973753272655 0.546978536426894 0.757014837315192 0.530745175475264 0.36446751854365 1.04382698502127 0.557626340357352 0.947884091767162 3.04481346540106 -0.161196202157724 4.58396328040201 0.0170626783240557 0.519941502537358 -0.546424040092353
"PTAS" 0.963833312373779 1.97432377623758 3.25439305419669 1.42791380117146 1.87870730978171 1.39465029291227 0.223347046888251 1.37782716512772 2.14806001319283 2.6635553956693 1.46858113477143 2.3227334578506 1.81546845858041 2.02344155454859 -0.420339168359938 1.33695672852777 3.19699321026833 3.7424964032597 2.20815215448734 0.705201023943281 0.372375692993182 2.22159890434657 0.876781035985892 0.327388420657038 1.36389811525471 2.00223689856132 1.34521726961482 1.1875679021471 1.17313624098412 0.261940713259529 1.88610933705499 1.02187637032797 0.990217062818531 0.285562739325991 2.16347984443371 0.0170626783240557 6.1648822817452 -0.0413890376462224 0.790032518097629
"JPAS" 0.242468249930096 0.576291396375096 0.908319056774004 0.527996412843551 0.586807991663984 0.0440295694338468 -0.232173116087322 0.00976200804482865 0.546899066345526 0.217681774639081 0.261231209476357 -0.210736005174336 -0.117749788971394 0.213289707854518 0.102499492123144 0.652125407140108 0.543099687065284 0.382106616619455 0.589387575666901 0.702841155139868 0.239488210591818 0.415209478429641 0.511771995338837 0.0678772761025546 0.607622789212622 0.363492029219419 0.549487550516241 0.209576028846994 -0.0517014186764853 0.101941920152115 0.254925726940448 -0.0880032001800899 0.32263222633969 0.730783675945597 0.053901521206777 0.519941502537358 -0.0413890376462224 3.72864436463442 -0.0296192801259674
"BAOPI" 0.0352253516220011 -0.115987470367573 0.0793025830337094 -0.155426413609165 -0.013433959413715 0.157716617049173 -0.0341229793166561 -0.0819034035084854 -0.0871725565176398 -0.0564339531713843 0.12909269192007 0.0241179714797025 0.364204536153854 0.0547042052909192 -0.310074699185035 -0.126166195166845 -0.0401582418909363 0.156966252343739 -0.124824544296008 0.0155784186306605 0.140797266510547 0.155631514531486 0.0551567782144971 0.0450801071592638 -0.169044268414187 0.165929376918863 0.0571644129916024 0.01950225368455 -0.0623974905814365 0.132162176999181 0.152237010971561 0.253051244240191 -0.0748283876348539 0.479016962687829 0.509195764022671 -0.546424040092353 0.790032518097629 -0.0296192801259674 1.28389867281445
