"" "ISPM" "ISNSL" "ISPNS" "PMZS" "PMZI" "PMMT" "NSLNA" "NSLZS" "NSLZI" "NABR" "NAFM" "NAPNS" "BRPT" "BRAPET" "PTFM" "PTAPET" "PTBA" "PTEAM" "PTZYGO" "PTTSP" "FMZS" "FMMT" "ZSZI" "ZIMT" "ZIZYGO" "ZITSP" "MTPNS" "PNSAPET" "APETBA" "APETTS" "BAEAM" "EAMZYGO" "ZYGOTSP" "LDAS" "BRLD" "OPILD" "PTAS" "JPAS" "BAOPI"
"ISPM" 0.763643935897938 1.03020358473089 1.04715543184253 0.370863159003219 0.362033997745393 0.2586539739869 -0.178381644473742 0.214627547528598 0.544685997216741 0.0818886459357853 0.264502782222531 0.450972179964901 0.453474563227512 0.377944111044476 -0.0413657359598897 -0.0495316570784205 -0.144072203580976 -0.0376674627768165 -0.211226712221869 -0.581188936716874 -0.257952528356971 0.537693088049667 0.362251110316938 0.486729812889502 0.154784222530388 0.278166718057765 0.320018797440357 0.148901994909384 -0.146068080937151 -0.00178219820856692 0.236932367523788 0.145795334431133 0.223798605014497 0.416907001627073 0.000706899924835589 0.301723126903128 0.291924902045854 0.25195502037889 0.219359559002734
"ISNSL" 1.03020358473089 7.81212975282983 5.71384663911931 5.25479629862758 5.85486699223182 2.96532866887462 0.866364696153455 0.306582764263643 2.91070522844674 -0.0796295690233024 1.82203033220789 2.81035696553309 0.676997010301252 1.86926154454648 0.459001423104078 0.943736371370984 1.15766564616724 2.34662626380363 1.90175064038097 -1.43271922158967 0.22251726706921 3.71648366707342 2.52618741666871 1.50468729211924 1.39395012874808 2.11153669979127 2.17572646715451 1.87035617058362 -0.0601100090917189 0.128315512738006 1.67552856782839 0.786463824092893 1.86136401663367 0.409704605228949 1.06616312397734 0.969288177231299 2.24084229394621 2.46138714845887 -0.442961096031748
"ISPNS" 1.04715543184253 5.71384663911931 8.22184326846748 5.71289593892143 6.72421173768066 3.19163638092274 1.41815404359903 1.38750880919406 3.38709506220633 1.09012938489521 1.82963973945909 3.05068526723695 0.308084751930362 1.6087973763855 1.79987873714841 0.885586185446836 0.89440973709633 1.04274816132284 1.77896753942928 -1.1395125259785 0.400365886415943 4.04893542258551 2.48953988897844 0.91019453844522 1.57611187574525 1.97162802232481 3.04786546371906 0.601993883317332 0.4062951968428 0.108746655672224 1.42185810456494 0.580953126162258 1.68466571585544 -0.0592264065679243 1.08125072885795 0.302005388064255 1.52946343226073 2.82205945034322 -0.437694167948897
"PMZS" 0.370863159003219 5.25479629862758 5.71289593892143 7.69116283087456 7.20994181759477 3.54395677778032 4.84653566692273 1.83221786289161 3.4510410471213 1.14576156112198 1.66795764684684 3.25771072890356 -0.482073421513918 0.913086681396917 2.29270732937589 1.09057033361625 1.31208864448413 1.52703494530605 2.944692403284 -0.0736759842431412 1.08646155464225 4.01390768072151 2.79479021801425 1.59356814680669 2.00801984377773 1.89961614647835 1.68248724375556 1.76083811517191 0.695165605067028 0.0577145472086504 1.65895692836198 0.460277682624013 2.62749620609138 -0.445875741645741 -0.236765388691086 -0.469914457805172 1.2502422102985 2.77533788686091 -0.164236519278587
"PMZI" 0.362033997745393 5.85486699223182 6.72421173768066 7.20994181759477 9.02235562687562 4.60442778508961 3.46945238632153 2.04530032666101 4.76182850527778 0.8882107515059 1.86911657196137 3.21785016679257 -0.629476831618997 1.55633961933656 2.33955973090352 1.87514456031357 1.97398484024023 1.44786623308109 3.25115829211997 -0.309524528577477 0.869895959490012 4.37199842474713 3.18638437773624 1.39130108095828 1.77527059233759 1.59947957741354 1.86901129985488 1.82984780252238 0.822641218976028 0.606508602728917 1.57637654697525 -0.9179292480304 2.78643628302148 -0.497105265439305 0.626389150740984 -0.460620279405181 1.44816761217558 2.89927362521753 -0.418969055394862
"PMMT" 0.2586539739869 2.96532866887462 3.19163638092274 3.54395677778032 4.60442778508961 4.81230855645477 1.60116404280857 0.764438918663467 2.56546139448995 0.269723081270152 1.13447123054975 1.79957855403 0.0463083464440858 1.74212009170425 0.789223609238292 1.28217073703008 1.46253275627485 1.71242603886222 2.09202399904431 -0.579811314082709 0.440905070656438 2.29884335698324 2.08815720902779 1.70408826446328 1.17808037781951 1.52708083463416 -0.0326609705485406 1.27582986605548 0.551991378135179 0.849948698388095 1.09872016338267 -0.136228882590071 1.78426484450148 -0.290789178727915 1.04036753958953 0.782273846524507 1.81013315719451 1.83107976181572 -0.759030785696801
"NSLNA" -0.178381644473742 0.866364696153455 1.41815404359903 4.84653566692273 3.46945238632153 1.60116404280857 7.92972937948724 2.08501055448748 2.3545318522284 -0.749880184705717 1.27089728416318 2.29255665429697 -1.62359476061209 -1.08612115631524 1.4651757693534 1.02457790163209 1.36316923957037 1.27256255946517 3.09474880998711 1.11097820950668 1.0415045831187 1.36557800597732 1.88663270459663 0.501935904597759 2.01463639328455 1.84348098955264 0.179075361390016 1.60964917426741 0.870638056754841 0.0519010630294542 0.667523135178506 -8.95755856796869e-05 2.79947617877886 -0.467662752111436 -2.07965999281226 -1.92970749519669 0.894648564444454 0.833710772123665 0.917202566600162
"NSLZS" 0.214627547528598 0.306582764263643 1.38750880919406 1.83221786289161 2.04530032666101 0.764438918663467 2.08501055448748 2.40947404423448 1.9909729695999 0.494718245719202 0.391106151164594 0.540952153812858 -0.61690314827923 -0.485067069132987 1.30467540274995 0.170438244369346 -0.0143417775782298 -1.02728781313035 0.645480175275479 0.405100766203971 -0.397416972198778 0.792564986760484 0.237137053461828 0.143014473976415 0.170347514757044 0.339094161558669 0.163071911258935 0.359278192568852 0.341876645193081 0.431889236116628 0.221079013660032 -0.454960629593513 0.455680138161221 -0.0645089517025815 -0.542555274390502 -1.19129814706164 -0.514493813767376 0.413719523372606 0.407196337703935
"NSLZI" 0.544685997216741 2.91070522844674 3.38709506220633 3.4510410471213 4.76182850527778 2.56546139448995 2.3545318522284 1.9909729695999 4.0932967157301 0.799946013990707 1.189679773877 1.85466913717561 0.0230911009364518 0.661030629924457 1.09943010649524 0.841654197321164 0.953145807414799 0.366949797644169 1.48423403440302 -0.389360535542583 0.264754611969773 2.53138745833443 2.4678523774755 1.04135175610723 1.22089655717026 1.86138748391961 0.967393963843276 1.14369447361292 0.443798397816618 0.607923606948287 0.833803429044533 -0.808525586067485 1.28814574019717 0.224579227065193 0.0133339422743792 -0.203241116267342 0.978707376289036 1.36207217854032 0.0155571110764374
"NABR" 0.0818886459357853 -0.0796295690233024 1.09012938489521 1.14576156112198 0.8882107515059 0.269723081270152 -0.749880184705717 0.494718245719202 0.799946013990707 5.95405058427011 0.305530366213386 0.606569693310785 1.926073609124 1.12413582945065 1.51171169966936 -0.46437516025459 -0.136691875682935 -0.296896986358912 0.497050164207912 -0.813695576756251 0.683970870675311 1.6946258979369 0.904087385398082 0.263133811629313 0.0875032462263202 1.52071837038326 0.588432677757582 -0.326378898143768 0.5619758884362 -0.359053045360598 0.453079764183772 0.283795297612121 0.532637485093081 0.652188765357528 -0.462971076529783 0.473749614671109 -0.504852558799173 0.812257702038441 -0.118772055947813
"NAFM" 0.264502782222531 1.82203033220789 1.82963973945909 1.66795764684684 1.86911657196137 1.13447123054975 1.27089728416318 0.391106151164594 1.189679773877 0.305530366213386 1.60128084673295 1.96824515034053 0.860475743314223 1.33596303056339 0.364265332790683 0.611813669988556 0.653864862900982 0.944430789678917 0.695621025908853 -0.684072345620399 0.358366174677382 1.4918534942503 0.919639872274607 0.443284062577997 0.916210984994308 1.08966075998001 0.917283687787509 0.707243579869862 -0.044665828530715 0.0774197913489645 0.729895829502125 0.473283049889049 0.69341888818798 0.577696855063134 0.969914992811402 0.719084246980118 1.0872752665403 0.864076311221288 0.0231111432797317
"NAPNS" 0.450972179964901 2.81035696553309 3.05068526723695 3.25771072890356 3.21785016679257 1.79957855403 2.29255665429697 0.540952153812858 1.85466913717561 0.606569693310785 1.96824515034053 3.72277600306866 0.968265691787858 1.88369800270118 0.743907595404609 1.0960469002688 1.23642665457689 1.78459898945722 1.1332062198024 -0.496692852635355 0.570840232714655 2.80044541260937 1.68267282077664 0.950252774668754 1.40260599606272 1.13961759046077 1.15032848162427 0.693553503508642 0.185504845396943 0.168204697422511 1.32888088817 0.944775396487 1.24349269617302 0.672006644115086 1.01466943219822 0.766908297005456 1.5846696685892 1.27935840697367 0.0430396040932969
"BRPT" 0.453474563227512 0.676997010301252 0.308084751930362 -0.482073421513918 -0.629476831618997 0.0463083464440858 -1.62359476061209 -0.61690314827923 0.0230911009364518 1.926073609124 0.860475743314223 0.968265691787858 3.76471271904227 2.507045902737 -1.45803281408505 -1.6642058802118 -0.757431508431402 0.349664358948287 -1.86110942021999 -2.50870188363747 0.134722824707009 1.22966452831072 0.283894467085107 0.695982657353299 0.891336957836692 0.660809302446751 0.519155749338549 -0.244507782900329 0.217626397755584 -0.216779422454146 0.565032504968647 -0.257942902618719 -0.989593176927454 2.42403277934492 1.21460520023792 2.2962955013759 1.14630429474278 -0.094803590805402 -0.111246372632745
"BRAPET" 0.377944111044476 1.86926154454648 1.6087973763855 0.913086681396917 1.55633961933656 1.74212009170425 -1.08612115631524 -0.485067069132987 0.661030629924457 1.12413582945065 1.33596303056339 1.88369800270118 2.507045902737 4.10522428305006 -0.199802137927388 0.74579856581232 1.2358890447453 1.44456787661642 0.118673073725659 -2.00369703328067 0.214460662718675 2.47258752875806 0.673484391990556 1.24824410425854 1.09588373670877 0.910374424408047 0.717995968690024 0.257060552367767 0.374017026962133 0.23087131857321 1.43518296458697 0.0123213126159379 0.684941202699563 1.58904780328854 2.18063518126044 2.88689829936395 1.55533233349374 1.41134567427485 -0.638396625754195
"PTFM" -0.0413657359598897 0.459001423104078 1.79987873714841 2.29270732937589 2.33955973090352 0.789223609238292 1.4651757693534 1.30467540274995 1.09943010649524 1.51171169966936 0.364265332790683 0.743907595404609 -1.45803281408505 -0.199802137927388 3.90912353206975 1.6631893540009 0.555081574143626 -1.98523404992566 1.2236076855744 1.91456263867528 -0.104163395245388 0.864405299166474 0.548077536892225 0.237891696836795 -0.0759518995649511 0.0581649550068958 0.547324000771962 0.528681413219824 0.104567796363081 0.466728357918355 0.435995782593718 0.464942394967565 1.11981694483757 -1.09017604143233 -0.123827290342298 -1.20325846657231 -1.99559274815198 1.60370835067697 -0.0932018713818213
"PTAPET" -0.0495316570784205 0.943736371370984 0.885586185446836 1.09057033361625 1.87514456031357 1.28217073703008 1.02457790163209 0.170438244369346 0.841654197321164 -0.46437516025459 0.611813669988556 1.0960469002688 -1.6642058802118 0.74579856581232 1.6631893540009 3.54872628446952 2.7113377677456 1.26455696135961 2.52320444008673 1.23516559968254 0.286319689860481 1.09686785657236 0.779687779850641 0.496769446462415 0.485610367149997 0.298653416877742 0.169422286438076 0.78340150593275 -0.130249391757357 0.600910465087024 0.776129359319403 0.527199963504675 2.06667589380324 -1.0219265709988 0.536660732618498 -0.197989669733343 0.561867081495227 1.21864923092662 -0.10184873554922
"PTBA" -0.144072203580976 1.15766564616724 0.89440973709633 1.31208864448413 1.97398484024023 1.46253275627485 1.36316923957037 -0.0143417775782298 0.953145807414799 -0.136691875682935 0.653864862900982 1.23642665457689 -0.757431508431402 1.2358890447453 0.555081574143626 2.7113377677456 3.17883472556864 2.47743750616071 2.65200806297425 0.34156755072502 0.444513285090342 1.50297945824093 1.00824264600682 0.57567052455826 1.02749558742847 0.791152065495087 0.369003023909062 0.910687701463297 0.689151269203134 0.189432515862998 0.906854281654941 0.169008793584711 2.24324092673692 -0.509299799501328 0.345404121150196 -0.0379443481883733 1.69141270590275 0.916293227599758 0.216955414176926
"PTEAM" -0.0376674627768165 2.34662626380363 1.04274816132284 1.52703494530605 1.44786623308109 1.71242603886222 1.27256255946517 -1.02728781313035 0.366949797644169 -0.296896986358912 0.944430789678917 1.78459898945722 0.349664358948287 1.44456787661642 -1.98523404992566 1.26455696135961 2.47743750616071 6.1100080412407 2.95454037749365 -1.22791715230815 0.830760628708151 1.52447749580246 1.48898133188229 0.0271443141600244 1.46834567476072 1.89871998743486 0.446704298954978 1.01843688705914 0.0106168053612315 -0.617475052864878 1.06347195155993 1.40958449155436 2.40490859468678 -0.387866789376885 0.977529661125571 1.10989587955353 4.22779533379318 0.544629661207723 -0.0238851554021561
"PTZYGO" -0.211226712221869 1.90175064038097 1.77896753942928 2.944692403284 3.25115829211997 2.09202399904431 3.09474880998711 0.645480175275479 1.48423403440302 0.497050164207912 0.695621025908853 1.1332062198024 -1.86110942021999 0.118673073725659 1.2236076855744 2.52320444008673 2.65200806297425 2.95454037749365 4.70177622114223 0.752616905602896 0.582304915353709 1.29050684721985 1.50690822192518 0.334156279485458 0.940610159842107 1.80952806767308 0.218190401719815 1.20546734328495 0.438152560788058 0.0437214774039849 0.90399355416196 0.17616988920179 3.62574640783385 -1.54731557272671 -0.429619818317157 -1.25584409168252 1.61827802721995 1.51209224970477 0.172963928242324
"PTTSP" -0.581188936716874 -1.43271922158967 -1.1395125259785 -0.0736759842431412 -0.309524528577477 -0.579811314082709 1.11097820950668 0.405100766203971 -0.389360535542583 -0.813695576756251 -0.684072345620399 -0.496692852635355 -2.50870188363747 -2.00369703328067 1.91456263867528 1.23516559968254 0.34156755072502 -1.22791715230815 0.752616905602896 3.83237033785277 0.123873828636048 -1.11492856847346 -0.302550494151302 -0.603729783471886 -1.01330427469954 -1.66393906878421 -1.03837078577296 0.0767198919411711 -0.168178493295417 0.35864962374748 -0.473297919547857 0.620080007323369 -0.212487831272762 -1.61545055339536 -0.836474835652976 -1.71568968719302 -1.77434587800065 -0.328444667961262 -0.00632431034779773
"FMZS" -0.257952528356971 0.22251726706921 0.400365886415943 1.08646155464225 0.869895959490012 0.440905070656438 1.0415045831187 -0.397416972198778 0.264754611969773 0.683970870675311 0.358366174677382 0.570840232714655 0.134722824707009 0.214460662718675 -0.104163395245388 0.286319689860481 0.444513285090342 0.830760628708151 0.582304915353709 0.123873828636048 1.40567636165454 1.08622417538883 0.828673088713424 0.279550009223332 0.757042231644752 0.513573296381246 0.296491908556931 0.313617863426802 0.0770439250052521 -0.289977006844413 0.167612163357762 0.120309963034255 0.147938074510392 -0.0466864454832835 0.310321957503927 0.357847125490415 0.508236930321377 0.12440533270369 -0.213365000004305
"FMMT" 0.537693088049667 3.71648366707342 4.04893542258551 4.01390768072151 4.37199842474713 2.29884335698324 1.36557800597732 0.792564986760484 2.53138745833443 1.6946258979369 1.4918534942503 2.80044541260937 1.22966452831072 2.47258752875806 0.864405299166474 1.09686785657236 1.50297945824093 1.52447749580246 1.29050684721985 -1.11492856847346 1.08622417538883 5.11783316983431 2.15522488137705 1.91812841024558 1.65914826713841 1.45199814432483 2.01923307694216 1.05829602694139 0.396749988483462 0.0943763358197343 1.58881463105938 0.265119557046387 0.983083498489686 0.740992763168247 1.85779699323914 1.11980215226804 1.64860760446533 1.68920024925821 -0.354275756490854
"ZSZI" 0.362251110316938 2.52618741666871 2.48953988897844 2.79479021801425 3.18638437773624 2.08815720902779 1.88663270459663 0.237137053461828 2.4678523774755 0.904087385398082 0.919639872274607 1.68267282077664 0.283894467085107 0.673484391990556 0.548077536892225 0.779687779850641 1.00824264600682 1.48898133188229 1.50690822192518 -0.302550494151302 0.828673088713424 2.15522488137705 2.72156150665809 0.934249594143251 1.20219263771945 1.96851183363087 0.869312062822719 1.02723685096485 0.17776194480572 0.0882392607885412 0.766349961112419 0.258953521839634 1.5053638848475 0.0261761607605849 -0.112962428035882 0.405620881139273 1.39562088546674 1.23858907576689 -0.163783116274233
"ZIMT" 0.486729812889502 1.50468729211924 0.91019453844522 1.59356814680669 1.39130108095828 1.70408826446328 0.501935904597759 0.143014473976415 1.04135175610723 0.263133811629313 0.443284062577997 0.950252774668754 0.695982657353299 1.24824410425854 0.237891696836795 0.496769446462415 0.57567052455826 0.0271443141600244 0.334156279485458 -0.603729783471886 0.279550009223332 1.91812841024558 0.934249594143251 2.50036933090306 0.996064901173181 0.456796246953091 0.000977511671851807 0.579336027680018 0.118185966259688 0.242284089491022 0.882422550405826 -0.255240198728639 0.305450834033204 0.388811169675547 1.09973422200311 0.872426097550219 0.952371490374173 1.13770423741939 -0.21282680661212
"ZIZYGO" 0.154784222530388 1.39395012874808 1.57611187574525 2.00801984377773 1.77527059233759 1.17808037781951 2.01463639328455 0.170347514757044 1.22089655717026 0.0875032462263202 0.916210984994308 1.40260599606272 0.891336957836692 1.09588373670877 -0.0759518995649511 0.485610367149997 1.02749558742847 1.46834567476072 0.940610159842107 -1.01330427469954 0.757042231644752 1.65914826713841 1.20219263771945 0.996064901173181 3.9909596669814 1.6328696549741 1.25083879976194 1.16153230298379 0.401755196347363 -0.0599895795209583 0.863400418394372 -1.19941997616212 1.15693610283129 0.916525663501846 0.838773298088519 0.751160946655924 1.48508197206651 0.816916149701911 0.116990654014295
"ZITSP" 0.278166718057765 2.11153669979127 1.97162802232481 1.89961614647835 1.59947957741354 1.52708083463416 1.84348098955264 0.339094161558669 1.86138748391961 1.52071837038326 1.08966075998001 1.13961759046077 0.660809302446751 0.910374424408047 0.0581649550068958 0.298653416877742 0.791152065495087 1.89871998743486 1.80952806767308 -1.66393906878421 0.513573296381246 1.45199814432483 1.96851183363087 0.456796246953091 1.6328696549741 4.81719449487346 1.2694659453027 0.721135638226805 0.45660946788999 0.025271818141311 0.717046320656733 1.06872515551189 1.38452382379279 0.292944637649632 -0.846875298183492 0.904602538085464 1.50705365958455 1.35887600762094 -0.332653824334071
"MTPNS" 0.320018797440357 2.17572646715451 3.04786546371906 1.68248724375556 1.86901129985488 -0.0326609705485406 0.179075361390016 0.163071911258935 0.967393963843276 0.588432677757582 0.917283687787509 1.15032848162427 0.519155749338549 0.717995968690024 0.547324000771962 0.169422286438076 0.369003023909062 0.446704298954978 0.218190401719815 -1.03837078577296 0.296491908556931 2.01923307694216 0.869312062822719 0.000977511671851807 1.25083879976194 1.2694659453027 2.46217367714572 0.364942432281013 0.0260681878402001 -0.444212255355492 0.506000199867186 0.381612212994176 0.337673444004423 0.215417668747441 0.771208412866521 0.221022241346203 0.562467847761711 1.02607405160975 0.110250323431039
"PNSAPET" 0.148901994909384 1.87035617058362 0.601993883317332 1.76083811517191 1.82984780252238 1.27582986605548 1.60964917426741 0.359278192568852 1.14369447361292 -0.326378898143768 0.707243579869862 0.693553503508642 -0.244507782900329 0.257060552367767 0.528681413219824 0.78340150593275 0.910687701463297 1.01843688705914 1.20546734328495 0.0767198919411711 0.313617863426802 1.05829602694139 1.02723685096485 0.579336027680018 1.16153230298379 0.721135638226805 0.364942432281013 2.17576916440861 -0.305463459048635 -0.233024099222733 0.452151193582385 0.0148886747719668 1.16008384109909 -0.363936520857108 0.559950037020637 -0.267306030103571 0.578092815189631 0.400657994976142 0.193095472556516
"APETBA" -0.146068080937151 -0.0601100090917189 0.4062951968428 0.695165605067028 0.822641218976028 0.551991378135179 0.870638056754841 0.341876645193081 0.443798397816618 0.5619758884362 -0.044665828530715 0.185504845396943 0.217626397755584 0.374017026962133 0.104567796363081 -0.130249391757357 0.689151269203134 0.0106168053612315 0.438152560788058 -0.168178493295417 0.0770439250052521 0.396749988483462 0.17776194480572 0.118185966259688 0.401755196347363 0.45660946788999 0.0260681878402001 -0.305463459048635 1.42057387287247 0.212101274565299 0.137085275449902 -0.677772091025891 0.49478905917263 0.597616253785709 -1.19394322236016 -0.350996785173099 0.109204506376209 0.0771472431286759 0.304900682099396
"APETTS" -0.00178219820856692 0.128315512738006 0.108746655672224 0.0577145472086504 0.606508602728917 0.849948698388095 0.0519010630294542 0.431889236116628 0.607923606948287 -0.359053045360598 0.0774197913489645 0.168204697422511 -0.216779422454146 0.23087131857321 0.466728357918355 0.600910465087024 0.189432515862998 -0.617475052864878 0.0437214774039849 0.35864962374748 -0.289977006844413 0.0943763358197343 0.0882392607885412 0.242284089491022 -0.0599895795209583 0.025271818141311 -0.444212255355492 -0.233024099222733 0.212101274565299 1.18626912894416 0.156935655195693 -0.584085294308362 -0.0971496737663443 0.405646610637069 0.15723650159158 0.0343340867124895 -0.29475412013217 -0.010500573504663 -0.257765343731705
"BAEAM" 0.236932367523788 1.67552856782839 1.42185810456494 1.65895692836198 1.57637654697525 1.09872016338267 0.667523135178506 0.221079013660032 0.833803429044533 0.453079764183772 0.729895829502125 1.32888088817 0.565032504968647 1.43518296458697 0.435995782593718 0.776129359319403 0.906854281654941 1.06347195155993 0.90399355416196 -0.473297919547857 0.167612163357762 1.58881463105938 0.766349961112419 0.882422550405826 0.863400418394372 0.717046320656733 0.506000199867186 0.452151193582385 0.137085275449902 0.156935655195693 1.16417021958402 0.490677011538622 1.08203890498652 0.136932741578059 1.00163400363185 0.392648295764064 1.04169213865651 1.22649142243059 0.0298680781677465
"EAMZYGO" 0.145795334431133 0.786463824092893 0.580953126162258 0.460277682624013 -0.9179292480304 -0.136228882590071 -8.95755856796869e-05 -0.454960629593513 -0.808525586067485 0.283795297612121 0.473283049889049 0.944775396487 -0.257942902618719 0.0123213126159379 0.464942394967565 0.527199963504675 0.169008793584711 1.40958449155436 0.17616988920179 0.620080007323369 0.120309963034255 0.265119557046387 0.258953521839634 -0.255240198728639 -1.19941997616212 1.06872515551189 0.381612212994176 0.0148886747719668 -0.677772091025891 -0.584085294308362 0.490677011538622 4.33942707741133 0.0395087867716779 -0.930817495568742 -0.0612329375306104 0.325869635427711 0.636236471932157 0.80589389439299 -0.0320794968329557
"ZYGOTSP" 0.223798605014497 1.86136401663367 1.68466571585544 2.62749620609138 2.78643628302148 1.78426484450148 2.79947617877886 0.455680138161221 1.28814574019717 0.532637485093081 0.69341888818798 1.24349269617302 -0.989593176927454 0.684941202699563 1.11981694483757 2.06667589380324 2.24324092673692 2.40490859468678 3.62574640783385 -0.212487831272762 0.147938074510392 0.983083498489686 1.5053638848475 0.305450834033204 1.15693610283129 1.38452382379279 0.337673444004423 1.16008384109909 0.49478905917263 -0.0971496737663443 1.08203890498652 0.0395087867716779 4.31199858387241 -0.737809519734698 -0.939879317242531 -1.21779497476794 1.30623926388856 1.55435542321603 0.704750104007349
"LDAS" 0.416907001627073 0.409704605228949 -0.0592264065679243 -0.445875741645741 -0.497105265439305 -0.290789178727915 -0.467662752111436 -0.0645089517025815 0.224579227065193 0.652188765357528 0.577696855063134 0.672006644115086 2.42403277934492 1.58904780328854 -1.09017604143233 -1.0219265709988 -0.509299799501328 -0.387866789376885 -1.54731557272671 -1.61545055339536 -0.0466864454832835 0.740992763168247 0.0261761607605849 0.388811169675547 0.916525663501846 0.292944637649632 0.215417668747441 -0.363936520857108 0.597616253785709 0.405646610637069 0.136932741578059 -0.930817495568742 -0.737809519734698 3.61032616715685 -0.587191958483087 2.32227174353401 0.286518575453294 -0.681221657376741 0.0873148046813879
"BRLD" 0.000706899924835589 1.06616312397734 1.08125072885795 -0.236765388691086 0.626389150740984 1.04036753958953 -2.07965999281226 -0.542555274390502 0.0133339422743792 -0.462971076529783 0.969914992811402 1.01466943219822 1.21460520023792 2.18063518126044 -0.123827290342298 0.536660732618498 0.345404121150196 0.977529661125571 -0.429619818317157 -0.836474835652976 0.310321957503927 1.85779699323914 -0.112962428035882 1.09973422200311 0.838773298088519 -0.846875298183492 0.771208412866521 0.559950037020637 -1.19394322236016 0.15723650159158 1.00163400363185 -0.0612329375306104 -0.939879317242531 -0.587191958483087 6.67673872446552 1.10656595708451 1.66291128577425 0.449379970568162 -0.551363298797026
"OPILD" 0.301723126903128 0.969288177231299 0.302005388064255 -0.469914457805172 -0.460620279405181 0.782273846524507 -1.92970749519669 -1.19129814706164 -0.203241116267342 0.473749614671109 0.719084246980118 0.766908297005456 2.2962955013759 2.88689829936395 -1.20325846657231 -0.197989669733343 -0.0379443481883733 1.10989587955353 -1.25584409168252 -1.71568968719302 0.357847125490415 1.11980215226804 0.405620881139273 0.872426097550219 0.751160946655924 0.904602538085464 0.221022241346203 -0.267306030103571 -0.350996785173099 0.0343340867124895 0.392648295764064 0.325869635427711 -1.21779497476794 2.32227174353401 1.10656595708451 5.28585298672067 1.39932291547436 0.850475520864326 -1.34781834417811
"PTAS" 0.291924902045854 2.24084229394621 1.52946343226073 1.2502422102985 1.44816761217558 1.81013315719451 0.894648564444454 -0.514493813767376 0.978707376289036 -0.504852558799173 1.0872752665403 1.5846696685892 1.14630429474278 1.55533233349374 -1.99559274815198 0.561867081495227 1.69141270590275 4.22779533379318 1.61827802721995 -1.77434587800065 0.508236930321377 1.64860760446533 1.39562088546674 0.952371490374173 1.48508197206651 1.50705365958455 0.562467847761711 0.578092815189631 0.109204506376209 -0.29475412013217 1.04169213865651 0.636236471932157 1.30623926388856 0.286518575453294 1.66291128577425 1.39932291547436 4.39478171506224 0.888218170163381 0.163959771493229
"JPAS" 0.25195502037889 2.46138714845887 2.82205945034322 2.77533788686091 2.89927362521753 1.83107976181572 0.833710772123665 0.413719523372606 1.36207217854032 0.812257702038441 0.864076311221288 1.27935840697367 -0.094803590805402 1.41134567427485 1.60370835067697 1.21864923092662 0.916293227599758 0.544629661207723 1.51209224970477 -0.328444667961262 0.12440533270369 1.68920024925821 1.23858907576689 1.13770423741939 0.816916149701911 1.35887600762094 1.02607405160975 0.400657994976142 0.0771472431286759 -0.010500573504663 1.22649142243059 0.80589389439299 1.55435542321603 -0.681221657376741 0.449379970568162 0.850475520864326 0.888218170163381 3.17330125478017 -0.328319449429991
"BAOPI" 0.219359559002734 -0.442961096031748 -0.437694167948897 -0.164236519278587 -0.418969055394862 -0.759030785696801 0.917202566600162 0.407196337703935 0.0155571110764374 -0.118772055947813 0.0231111432797317 0.0430396040932969 -0.111246372632745 -0.638396625754195 -0.0932018713818213 -0.10184873554922 0.216955414176926 -0.0238851554021561 0.172963928242324 -0.00632431034779773 -0.213365000004305 -0.354275756490854 -0.163783116274233 -0.21282680661212 0.116990654014295 -0.332653824334071 0.110250323431039 0.193095472556516 0.304900682099396 -0.257765343731705 0.0298680781677465 -0.0320794968329557 0.704750104007349 0.0873148046813879 -0.551363298797026 -1.34781834417811 0.163959771493229 -0.328319449429991 1.59191288709175
