"" "ISPM" "ISNSL" "ISPNS" "PMZS" "PMZI" "PMMT" "NSLNA" "NSLZS" "NSLZI" "NABR" "NAFM" "NAPNS" "BRPT" "BRAPET" "PTFM" "PTAPET" "PTBA" "PTEAM" "PTZYGO" "PTTSP" "FMZS" "FMMT" "ZSZI" "ZIMT" "ZIZYGO" "ZITSP" "MTPNS" "PNSAPET" "APETBA" "APETTS" "BAEAM" "EAMZYGO" "ZYGOTSP" "LDAS" "BRLD" "OPILD" "PTAS" "JPAS" "BAOPI"
"ISPM" 1.00101407182017 1.78246803213717 2.24435699736763 1.22552094098738 1.09986710080708 0.861195332613431 0.610416801083951 0.678366145751606 1.03289264211735 0.779162044527784 0.586485240957271 0.925959937835644 0.809399955532171 0.829985720588982 0.270117961503176 0.509040853309527 1.02737254315332 0.971619937885827 0.639700535439334 -0.0306287880920632 0.173302302134262 1.19807911350384 0.519904095184436 0.253074173602133 0.722327291984564 0.798896187653785 0.791187130673868 0.431102425274178 0.563143638782917 0.343042185013384 0.675209855838689 0.824179720350737 0.631347208106235 0.220426406439695 0.644635012663349 0.228263853455609 1.2440035070738 -0.371359042849864 0.171906811177315
"ISNSL" 1.78246803213717 5.12717315823641 5.5062921576394 4.0507441127262 3.04788518442559 2.22315250595672 1.33491124424695 1.57825653305919 2.28731429593771 1.89707495530323 1.37507632788788 2.28853785031442 1.84045205217191 2.04521507388288 0.758383176070132 0.744442585437668 2.32038379056983 2.76360233285519 1.67233779359373 0.296300794420996 0.610680094168183 3.38253646599073 1.20001005253818 0.487479790914582 2.68249006691002 2.0320050435868 2.19477329498319 1.19240241984313 1.74132391744697 0.971322297351878 2.06800305926255 2.11439380571522 1.10386525410224 1.07984510188849 1.9177693113436 0.852711367507283 3.13358012440415 -0.435457623083821 0.469206556499588
"ISPNS" 2.24435699736763 5.5062921576394 8.55855039621883 5.66352335531367 4.57470401619228 3.8851353527088 2.67694955697354 3.1438002064413 3.2812121634656 2.61572141919536 2.23843695695447 3.63895031446667 1.79693136003334 2.86740889560948 2.0517434560596 1.63643540324496 3.68816915898379 3.3110413443157 2.56062651271168 0.18630093195665 0.0894958593133015 3.87190797727108 1.27114569483268 0.71718500847636 3.83938096494164 3.08590639220503 2.86032142939941 1.16796159476495 2.68296292773683 1.60783868940577 2.7746580659129 2.5619222308595 2.27686730327039 0.96942995801197 2.1731503969046 0.909058626459441 3.27929717830475 -0.089490048606555 0.37297740993195
"PMZS" 1.22552094098738 4.0507441127262 5.66352335531367 5.85270415663865 3.76589959529706 3.00008180407842 2.94900920594259 2.90172123355499 2.69988997266263 1.7987670886234 1.7590926933196 2.62656915223422 0.942969933164551 2.00498938083081 1.9145586091622 0.889674823632282 2.75669502938338 3.16013750485108 2.64386214187986 0.705001537187794 -0.15770600521357 3.38009526924574 1.30640387071595 0.3164522482865 4.14739602500221 3.3728812618863 2.69550477419401 1.90651753730245 2.53098019239932 1.28585197842376 2.58641575377326 2.18892621047373 1.91744539087526 1.13505795199391 2.0108447828495 0.911624480880365 2.51832040386804 0.563733052887004 0.410562111834904
"PMZI" 1.09986710080708 3.04788518442559 4.57470401619228 3.76589959529706 3.6474180671638 2.64321009618792 2.04860564084257 2.2587060458284 2.85297633367749 1.1510775388048 1.51238818919776 2.17868192640309 0.698289638179081 1.55231689542556 1.28253496113066 0.774450817713907 2.10666973640189 2.23461490099474 1.70652063773822 0.20825968170697 0.22526461682736 2.40226321640462 1.13516735764983 0.284403561234206 2.1666942413662 1.81207496523872 1.92269608501045 1.30967739162167 1.77601184926772 0.840502436750499 1.72347025025806 1.68749365888368 1.71455663275453 0.834054176321483 1.08345769985044 0.808711942991558 1.73388605639868 0.0927376635401261 0.36541987971528
"PMMT" 0.861195332613431 2.22315250595672 3.8851353527088 3.00008180407842 2.64321009618792 2.87761629696873 2.08083315573078 1.67172881129821 2.01608145355064 1.18874035195675 1.29674523674714 1.90696435815136 0.427633171029053 1.29335633299832 1.35992628995802 1.03754611030035 2.02273689353318 2.02856525602955 1.77321977302881 0.125776427290895 0.361423459421037 1.88418029764021 0.955920866671675 0.514010546805872 2.45295963778915 1.66737063911413 1.34910734278437 1.15650373653932 1.52820273413956 0.947382202762366 1.49050672161981 1.35672282123598 1.81264994812329 0.34372963651798 0.844699987611104 0.373945039422066 1.65891665685811 0.309956668098971 0.290698714674082
"NSLNA" 0.610416801083951 1.33491124424695 2.67694955697354 2.94900920594259 2.04860564084257 2.08083315573078 5.15732075595699 1.68687722798868 2.4132396802746 -1.09608956771229 0.960579080139692 1.56903066305813 -0.041685432508083 0.695347855732734 0.382890512912812 0.53852211944121 1.91982798753274 2.3084679239727 1.8967795095716 -0.158437141762815 0.724631064127401 1.29066142125668 1.59808333554878 -0.0718913253108452 1.79631119809403 2.78967346851748 1.06957949229523 1.16131430439886 1.58074282829061 1.22739802591979 1.44834750489234 1.35516092701147 2.0885411002442 1.45654689049709 0.707951041355145 1.25616901173291 1.86400298729962 0.345665634063387 0.449105725561056
"NSLZS" 0.678366145751606 1.57825653305919 3.1438002064413 2.90172123355499 2.2587060458284 1.67172881129821 1.68687722798868 3.3767810468246 2.59512455432253 1.17186387851438 1.51564830081724 1.58058931901685 0.673532025223323 0.806720505833628 0.774723002936288 0.737261296048454 1.45033111563521 1.41003725835739 1.44771397520921 0.518307805892445 -0.986922046106245 0.486855994210676 0.144407039867902 -0.578684515516844 1.86071334486477 1.80589785745128 1.30521363270764 0.855772524093113 0.897057603987766 0.646318255060609 1.01553619430642 0.776974077463244 1.10337524131746 0.178337602096603 0.641780117671442 0.0541686325868028 1.30667376132718 0.46773403921472 0.652682398079247
"NSLZI" 1.03289264211735 2.28731429593771 3.2812121634656 2.69988997266263 2.85297633367749 2.01608145355064 2.4132396802746 2.59512455432253 4.14855229833118 0.854324011037574 1.73154228705277 1.76800824509471 1.14203303064667 1.264836946615 0.289598659598132 0.694031687461669 1.84533549003591 2.20625872034633 1.77960323283509 -0.380142763407616 0.325911461317851 1.36633989227253 1.86997440840417 -0.132835237319238 1.47518884868116 2.29589647354194 1.64333579691435 1.24319902271861 1.26014999560585 0.949724062558841 1.54859990514233 1.94181080729104 2.14911945303166 1.01199862651965 1.37913702979451 0.558775717619827 2.1086562981951 -0.0744980650443478 0.837679048665035
"NABR" 0.779162044527784 1.89707495530323 2.61572141919536 1.7987670886234 1.1510775388048 1.18874035195675 -1.09608956771229 1.17186387851438 0.854324011037574 4.59668934348035 1.028143271293 1.54374658511112 2.57139161866045 2.14421965532236 0.510321605031867 0.908563605903955 1.79898281004661 1.68821336546537 1.10899601038384 0.368587804898398 -0.0697632818767914 1.83161401236797 -0.113707185823136 0.57878918958034 2.14768734463028 1.08275880233421 1.15867442387999 0.364531799384708 1.23367410111366 0.871992581406221 1.18375677173013 1.1455184661152 0.449379307267238 -0.0203570458671214 0.268900069681355 -0.247541645711215 2.05799390226244 0.0155968344911902 0.248250638429984
"NAFM" 0.586485240957271 1.37507632788788 2.23843695695447 1.7590926933196 1.51238818919776 1.29674523674714 0.960579080139692 1.51564830081724 1.73154228705277 1.028143271293 1.47342495821341 1.2904800872439 0.54888781763778 0.908923679976021 0.556912174275605 0.800885110715734 1.41034054109247 1.2821221078137 1.35883395385253 0.228730620959808 0.137101023404184 0.809534964482653 0.525034947196805 0.159978119296102 1.44592073369848 1.49253247421032 0.959884061075079 0.700003249603653 0.871939022177293 0.466770044577574 0.968551754065354 0.877830572189866 1.22384474539993 0.0605513559439202 0.858275433822634 0.0272344428076626 1.10837944033616 0.325345381824095 0.265422245296635
"NAPNS" 0.925959937835644 2.28853785031442 3.63895031446667 2.62656915223422 2.17868192640309 1.90696435815136 1.56903066305813 1.58058931901685 1.76800824509471 1.54374658511112 1.2904800872439 3.42634410253177 0.753073478858871 1.74676378993136 1.22053316743427 1.78822968436396 2.80046387122022 2.66295666556425 2.34043260643911 0.498979702448821 0.00349510500196601 2.41519462522158 0.95505200714813 0.309673836314798 1.92322101107214 1.70108622515224 1.26686851954194 0.447764775525385 1.40180852780368 1.0315719248487 1.58675171781282 1.79298021670875 2.2805883421983 0.483694922621802 1.25207003935195 0.470886007025423 1.93546998549989 -0.0403722253102469 0.243271838010783
"BRPT" 0.809399955532171 1.84045205217191 1.79693136003334 0.942969933164551 0.698289638179081 0.427633171029053 -0.041685432508083 0.673532025223323 1.14203303064667 2.57139161866045 0.54888781763778 0.753073478858871 3.74989608689805 2.45625406046398 -1.31711673166603 0.227405400204465 1.21873818323731 1.46032133339364 0.0885646630149359 -0.39872966490875 0.393255826342644 1.60158913808072 0.37992472324455 0.227471680713667 1.17193635403679 0.554803468403057 0.985710076212647 0.328431116600113 0.616708329179866 0.557464579576602 1.17902321540279 1.08781593082981 -0.132094197082439 1.38564134153816 0.979066280396135 1.05545901743746 2.60001912914882 -0.0909240815426043 0.389091373266904
"BRAPET" 0.829985720588982 2.04521507388288 2.86740889560948 2.00498938083081 1.55231689542556 1.29335633299832 0.695347855732734 0.806720505833628 1.264836946615 2.14421965532236 0.908923679976021 1.74676378993136 2.45625406046398 3.67613117186655 0.449444435214108 1.54136389803116 2.55842613428718 2.24812673754384 1.88397655135272 0.00339154980314658 0.694771585729463 2.99362270137829 0.820841388164242 0.67268068986915 2.14026082822039 1.99694781017724 1.46611248013032 0.163146823230373 1.51383776583588 0.676695962904888 1.99469847446015 1.24882364520578 1.46258833041931 1.97748722966596 2.6605605791342 2.0323188694149 2.4090371063726 0.123896472646334 0.324876909595093
"PTFM" 0.270117961503176 0.758383176070132 2.0517434560596 1.9145586091622 1.28253496113066 1.35992628995802 0.382890512912812 0.774723002936288 0.289598659598132 0.510321605031867 0.556912174275605 1.22053316743427 -1.31711673166603 0.449444435214108 3.58430860028323 0.768660035161351 0.893832143960557 0.172587460694593 1.31577309392648 0.249481111722311 -0.42162050193643 1.58158647741161 0.152506817015747 0.639339085807044 2.03133950163141 1.49421095700379 0.879105527360916 0.793995460641592 1.14173114666482 0.319563376286472 0.935239819327065 0.590825294244291 1.43454817586099 -0.413005889599189 1.52158058033074 0.226665797018737 -0.815509100436592 0.717589300856129 -0.232690839109781
"PTAPET" 0.509040853309527 0.744442585437668 1.63643540324496 0.889674823632282 0.774450817713907 1.03754611030035 0.53852211944121 0.737261296048454 0.694031687461669 0.908563605903955 0.800885110715734 1.78822968436396 0.227405400204465 1.54136389803116 0.768660035161351 2.68905432779233 2.55349307412834 1.83260305957621 2.52898493227922 0.39254728219531 0.105465674248911 1.43747632029623 0.393080530203857 0.318124560125273 1.27708033449076 1.02009060579646 0.528413885800194 0.168158040736438 0.189189951282744 0.468187658230332 0.938548709557837 0.157178631863294 2.46532598271647 0.379746706934053 1.01267734627298 0.450750817660575 1.38967845734327 -0.00862148265696965 0.159013963826456
"PTBA" 1.02737254315332 2.32038379056983 3.68816915898379 2.75669502938338 2.10666973640189 2.02273689353318 1.91982798753274 1.45033111563521 1.84533549003591 1.79898281004661 1.41034054109247 2.80046387122022 1.21873818323731 2.55842613428718 0.893832143960557 2.55349307412834 4.32343267086381 3.47226481639149 3.38348353898906 0.566802300018993 0.455976816059002 2.87392133773784 1.17735908806857 0.455265435290937 2.31489608257621 2.53793617046742 1.50089107472343 0.779188494119007 2.19974871671502 1.21970206030201 2.22103706307547 1.49384423942497 2.94900250515421 0.984513926089123 1.96615680587207 0.894853756342826 3.14905587757931 -0.422164150431181 0.0672343875578533
"PTEAM" 0.971619937885827 2.76360233285519 3.3110413443157 3.16013750485108 2.23461490099474 2.02856525602955 2.3084679239727 1.41003725835739 2.20625872034633 1.68821336546537 1.2821221078137 2.66295666556425 1.46032133339364 2.24812673754384 0.172587460694593 1.83260305957621 3.47226481639149 4.43298586463052 3.46525079344254 0.588114651657874 0.597549806395762 2.95950118786738 1.68050194882544 0.106721595208703 2.65878473381146 2.62763163122039 1.8230755146608 1.09115510001526 1.79383461897279 1.24591535497374 2.03644150735439 2.11518267511337 2.71634376352128 1.54741460941653 1.14411870282925 1.12942778131227 3.78709687720238 0.00948056818955827 0.466333799669104
"PTZYGO" 0.639700535439334 1.67233779359373 2.56062651271168 2.64386214187986 1.70652063773822 1.77321977302881 1.8967795095716 1.44771397520921 1.77960323283509 1.10899601038384 1.35883395385253 2.34043260643911 0.0885646630149359 1.88397655135272 1.31577309392648 2.52898493227922 3.38348353898906 3.46525079344254 4.48194190789054 0.743632828185002 0.338436460192079 2.47612482526953 1.30838160078414 0.252279555013828 2.52214249690847 3.01049491942354 1.4696037912309 0.8343257309748 1.38878252976632 0.937331776101688 1.76427140240443 1.09719527422708 3.7174333295246 1.11744974187285 1.63992551833984 0.878765567730181 2.23010057042307 0.11244953408205 0.276538679658693
"PTTSP" -0.0306287880920632 0.296300794420996 0.18630093195665 0.705001537187794 0.20825968170697 0.125776427290895 -0.158437141762815 0.518307805892445 -0.380142763407616 0.368587804898398 0.228730620959808 0.498979702448821 -0.39872966490875 0.00339154980314658 0.249481111722311 0.39254728219531 0.566802300018993 0.588114651657874 0.743632828185002 2.34866933447483 -0.595828117304325 0.219598840531959 -0.34336808482664 -0.177982522082735 0.327775206988262 -0.545884901952149 0.143820120137203 0.176213318079724 0.159891965157112 -0.0348743364852361 -0.16826436048703 -0.516053033239169 -0.882779414152143 -0.495473800638631 -0.450924570066948 0.200614554288639 0.146337904352838 -0.436610493282257 -0.439901949426401
"FMZS" 0.173302302134262 0.610680094168183 0.0894958593133015 -0.15770600521357 0.22526461682736 0.361423459421037 0.724631064127401 -0.986922046106245 0.325911461317851 -0.0697632818767914 0.137101023404184 0.00349510500196601 0.393255826342644 0.694771585729463 -0.42162050193643 0.105465674248911 0.455976816059002 0.597549806395762 0.338436460192079 -0.595828117304325 1.92464773835646 1.09246484852095 0.726447492951602 0.487302019993474 0.0715521899124766 0.487713853017309 0.00354969115622495 0.110279574691377 0.534262401918092 0.271232017029784 0.52756590506438 0.535430064713789 0.68841174982864 0.735323691251963 1.08302823148077 0.318893091639528 0.726939331984925 -0.308035984365312 0.301184341280527
"FMMT" 1.19807911350384 3.38253646599073 3.87190797727108 3.38009526924574 2.40226321640462 1.88418029764021 1.29066142125668 0.486855994210676 1.36633989227253 1.83161401236797 0.809534964482653 2.41519462522158 1.60158913808072 2.99362270137829 1.58158647741161 1.43747632029623 2.87392133773784 2.95950118786738 2.47612482526953 0.219598840531959 1.09246484852095 4.77940156664635 1.53648783707565 1.03427945844558 3.02426387050186 2.41265620552321 2.17826315023965 1.04561889833405 2.14740182659123 1.03893433686456 2.57039441762031 2.03196484304863 2.02770065351272 1.51325757290669 3.02784032084653 1.47729241990117 2.72249885703822 -0.175522227432239 0.18357546398489
"ZSZI" 0.519904095184436 1.20001005253818 1.27114569483268 1.30640387071595 1.13516735764983 0.955920866671675 1.59808333554878 0.144407039867902 1.86997440840417 -0.113707185823136 0.525034947196805 0.95505200714813 0.37992472324455 0.820841388164242 0.152506817015747 0.393080530203857 1.17735908806857 1.68050194882544 1.30838160078414 -0.34336808482664 0.726447492951602 1.53648783707565 2.13992307010832 0.145728837463199 0.86561710091145 1.57934895306492 1.00947214219844 0.764046005494668 0.957648793931592 0.566745661762556 1.12477735362624 1.62340533016979 1.63762763596066 1.03181515730293 1.11265750637469 0.64590227722777 1.28464244527196 -0.298890715403661 0.30362331600722
"ZIMT" 0.253074173602133 0.487479790914582 0.71718500847636 0.3164522482865 0.284403561234206 0.514010546805872 -0.0718913253108452 -0.578684515516844 -0.132835237319238 0.57878918958034 0.159978119296102 0.309673836314798 0.227471680713667 0.67268068986915 0.639339085807044 0.318124560125273 0.455265435290937 0.106721595208703 0.252279555013828 -0.177982522082735 0.487302019993474 1.03427945844558 0.145728837463199 1.31885418084796 0.454206062426928 0.299174707943904 0.177031351529122 0.218157176925341 0.323570742157994 0.126028197094381 0.477604474981074 0.282052805120001 0.304564613941026 -0.0307087859239443 0.931369403857402 0.23879908937601 0.130003097284282 0.0127599719197023 -0.313251720403909
"ZIZYGO" 0.722327291984564 2.68249006691002 3.83938096494164 4.14739602500221 2.1666942413662 2.45295963778915 1.79631119809403 1.86071334486477 1.47518884868116 2.14768734463028 1.44592073369848 1.92322101107214 1.17193635403679 2.14026082822039 2.03133950163141 1.27708033449076 2.31489608257621 2.65878473381146 2.52214249690847 0.327775206988262 0.0715521899124766 3.02426387050186 0.86561710091145 0.454206062426928 5.33311954310821 2.83240934609015 2.13210484852218 1.92847794068248 1.88283088535902 1.09265774781842 2.34730380718576 1.18449285370502 1.99209622875852 0.702999575279707 1.38220522776757 0.868238629005244 2.12916293561701 1.49280894161008 0.22956013647386
"ZITSP" 0.798896187653785 2.0320050435868 3.08590639220503 3.3728812618863 1.81207496523872 1.66737063911413 2.78967346851748 1.80589785745128 2.29589647354194 1.08275880233421 1.49253247421032 1.70108622515224 0.554803468403057 1.99694781017724 1.49421095700379 1.02009060579646 2.53793617046742 2.62763163122039 3.01049491942354 -0.545884901952149 0.487713853017309 2.41265620552321 1.57934895306492 0.299174707943904 2.83240934609015 6.5941268908063 1.79326147369366 0.696345923564695 2.34572501658891 0.855088856788538 2.22707977927679 1.98304420067829 2.58945564678901 1.10214112873688 2.86547418917757 0.844408833772338 2.43106010181085 0.537909624697253 0.875338812668569
"MTPNS" 0.791187130673868 2.19477329498319 2.86032142939941 2.69550477419401 1.92269608501045 1.34910734278437 1.06957949229523 1.30521363270764 1.64333579691435 1.15867442387999 0.959884061075079 1.26686851954194 0.985710076212647 1.46611248013032 0.879105527360916 0.528413885800194 1.50089107472343 1.8230755146608 1.4696037912309 0.143820120137203 0.00354969115622495 2.17826315023965 1.00947214219844 0.177031351529122 2.13210484852218 1.79326147369366 1.78501391023425 0.997199772295093 1.28715668386334 0.635061183785088 1.53339982375059 1.41341150933324 1.132969815143 0.873966845141799 1.31172531525555 0.713943236694928 1.65724554468934 0.257314009002472 0.310122461419029
"PNSAPET" 0.431102425274178 1.19240241984313 1.16796159476495 1.90651753730245 1.30967739162167 1.15650373653932 1.16131430439886 0.855772524093113 1.24319902271861 0.364531799384708 0.700003249603653 0.447764775525385 0.328431116600113 0.163146823230373 0.793995460641592 0.168158040736438 0.779188494119007 1.09115510001526 0.8343257309748 0.176213318079724 0.110279574691377 1.04561889833405 0.764046005494668 0.218157176925341 1.92847794068248 0.696345923564695 0.997199772295093 2.19671664816257 0.696523854292656 0.111288667574214 0.81249907305232 0.941490618958884 0.832178758763816 0.050001475096237 0.575943567735034 -0.00766652480744618 0.734097456232769 0.522652121579394 0.24938563916667
"APETBA" 0.563143638782917 1.74132391744697 2.68296292773683 2.53098019239932 1.77601184926772 1.52820273413956 1.58074282829061 0.897057603987766 1.26014999560585 1.23367410111366 0.871939022177293 1.40180852780368 0.616708329179866 1.51383776583588 1.14173114666482 0.189189951282744 2.19974871671502 1.79383461897279 1.38878252976632 0.159891965157112 0.534262401918092 2.14740182659123 0.957648793931592 0.323570742157994 1.88283088535902 2.34572501658891 1.28715668386334 0.696523854292656 2.75351705149093 0.84557820343633 1.81336460010964 1.71598138354451 1.12382272806119 0.552912520631159 1.44524859668312 0.483117630929401 1.5925843145644 -0.0109032463861365 -0.00989260710463351
"APETTS" 0.343042185013384 0.971322297351878 1.60783868940577 1.28585197842376 0.840502436750499 0.947382202762366 1.22739802591979 0.646318255060609 0.949724062558841 0.871992581406221 0.466770044577574 1.0315719248487 0.557464579576602 0.676695962904888 0.319563376286472 0.468187658230332 1.21970206030201 1.24591535497374 0.937331776101688 -0.0348743364852361 0.271232017029784 1.03893433686456 0.566745661762556 0.126028197094381 1.09265774781842 0.855088856788538 0.635061183785088 0.111288667574214 0.84557820343633 1.31674315906196 0.844555123128339 0.628513800382367 0.860603337572076 0.282139155029289 0.340783455093748 0.21778472053085 1.27531047002606 -0.135741744473785 -0.139189485027762
"BAEAM" 0.675209855838689 2.06800305926255 2.7746580659129 2.58641575377326 1.72347025025806 1.49050672161981 1.44834750489234 1.01553619430642 1.54859990514233 1.18375677173013 0.968551754065354 1.58675171781282 1.17902321540279 1.99469847446015 0.935239819327065 0.938548709557837 2.22103706307547 2.03644150735439 1.76427140240443 -0.16826436048703 0.52756590506438 2.57039441762031 1.12477735362624 0.477604474981074 2.34730380718576 2.22707977927679 1.53339982375059 0.81249907305232 1.81336460010964 0.844555123128339 2.21727243259849 1.6056904236866 1.83153427923349 1.10676372806244 1.91413780813916 0.85080922398236 1.96974238692463 0.374271913907568 0.349560730592668
"EAMZYGO" 0.824179720350737 2.11439380571522 2.5619222308595 2.18892621047373 1.68749365888368 1.35672282123598 1.35516092701147 0.776974077463244 1.94181080729104 1.1455184661152 0.877830572189866 1.79298021670875 1.08781593082981 1.24882364520578 0.590825294244291 0.157178631863294 1.49384423942497 2.11518267511337 1.09719527422708 -0.516053033239169 0.535430064713789 2.03196484304863 1.62340533016979 0.282052805120001 1.18449285370502 1.98304420067829 1.41341150933324 0.941490618958884 1.71598138354451 0.628513800382367 1.6056904236866 3.33873535106218 1.44153287584803 0.846850007446886 1.49793950147894 -0.0120835403954657 1.83671317731469 0.278286875570733 0.804376143981781
"ZYGOTSP" 0.631347208106235 1.10386525410224 2.27686730327039 1.91744539087526 1.71455663275453 1.81264994812329 2.0885411002442 1.10337524131746 2.14911945303166 0.449379307267238 1.22384474539993 2.2805883421983 -0.132094197082439 1.46258833041931 1.43454817586099 2.46532598271647 2.94900250515421 2.71634376352128 3.7174333295246 -0.882779414152143 0.68841174982864 2.02770065351272 1.63762763596066 0.304564613941026 1.99209622875852 2.58945564678901 1.132969815143 0.832178758763816 1.12382272806119 0.860603337572076 1.83153427923349 1.44153287584803 5.02892254013627 1.27080667292155 1.37527077789752 0.608149560505843 1.49209650138339 0.602321719137861 0.486620546209862
"LDAS" 0.220426406439695 1.07984510188849 0.96942995801197 1.13505795199391 0.834054176321483 0.34372963651798 1.45654689049709 0.178337602096603 1.01199862651965 -0.0203570458671214 0.0605513559439202 0.483694922621802 1.38564134153816 1.97748722966596 -0.413005889599189 0.379746706934053 0.984513926089123 1.54741460941653 1.11744974187285 -0.495473800638631 0.735323691251963 1.51325757290669 1.03181515730293 -0.0307087859239443 0.702999575279707 1.10214112873688 0.873966845141799 0.050001475096237 0.552912520631159 0.282139155029289 1.10676372806244 0.846850007446886 1.27080667292155 2.96304844485275 1.42107244938354 2.41534640503118 1.2642030386448 0.0597468767267136 0.502597506283731
"BRLD" 0.644635012663349 1.9177693113436 2.1731503969046 2.0108447828495 1.08345769985044 0.844699987611104 0.707951041355145 0.641780117671442 1.37913702979451 0.268900069681355 0.858275433822634 1.25207003935195 0.979066280396135 2.6605605791342 1.52158058033074 1.01267734627298 1.96615680587207 1.14411870282925 1.63992551833984 -0.450924570066948 1.08302823148077 3.02784032084653 1.11265750637469 0.931369403857402 1.38220522776757 2.86547418917757 1.31172531525555 0.575943567735034 1.44524859668312 0.340783455093748 1.91413780813916 1.49793950147894 1.37527077789752 1.42107244938354 7.63808760063503 0.602367229720634 1.62064949407149 -0.541555274098859 0.79638377592369
"OPILD" 0.228263853455609 0.852711367507283 0.909058626459441 0.911624480880365 0.808711942991558 0.373945039422066 1.25616901173291 0.0541686325868028 0.558775717619827 -0.247541645711215 0.0272344428076626 0.470886007025423 1.05545901743746 2.0323188694149 0.226665797018737 0.450750817660575 0.894853756342826 1.12942778131227 0.878765567730181 0.200614554288639 0.318893091639528 1.47729241990117 0.64590227722777 0.23879908937601 0.868238629005244 0.844408833772338 0.713943236694928 -0.00766652480744618 0.483117630929401 0.21778472053085 0.85080922398236 -0.0120835403954657 0.608149560505843 2.41534640503118 0.602367229720634 3.50272075876783 0.687875574542239 0.0114684492675714 -0.517402557081941
"PTAS" 1.2440035070738 3.13358012440415 3.27929717830475 2.51832040386804 1.73388605639868 1.65891665685811 1.86400298729962 1.30667376132718 2.1086562981951 2.05799390226244 1.10837944033616 1.93546998549989 2.60001912914882 2.4090371063726 -0.815509100436592 1.38967845734327 3.14905587757931 3.78709687720238 2.23010057042307 0.146337904352838 0.726939331984925 2.72249885703822 1.28464244527196 0.130003097284282 2.12916293561701 2.43106010181085 1.65724554468934 0.734097456232769 1.5925843145644 1.27531047002606 1.96974238692463 1.83671317731469 1.49209650138339 1.2642030386448 1.62064949407149 0.687875574542239 4.90599981334265 -0.395162436358651 0.7597701091947
"JPAS" -0.371359042849864 -0.435457623083821 -0.089490048606555 0.563733052887004 0.0927376635401261 0.309956668098971 0.345665634063387 0.46773403921472 -0.0744980650443478 0.0155968344911902 0.325345381824095 -0.0403722253102469 -0.0909240815426043 0.123896472646334 0.717589300856129 -0.00862148265696965 -0.422164150431181 0.00948056818955827 0.11244953408205 -0.436610493282257 -0.308035984365312 -0.175522227432239 -0.298890715403661 0.0127599719197023 1.49280894161008 0.537909624697253 0.257314009002472 0.522652121579394 -0.0109032463861365 -0.135741744473785 0.374271913907568 0.278286875570733 0.602321719137861 0.0597468767267136 -0.541555274098859 0.0114684492675714 -0.395162436358651 2.35321177213919 0.437990287818054
"BAOPI" 0.171906811177315 0.469206556499588 0.37297740993195 0.410562111834904 0.36541987971528 0.290698714674082 0.449105725561056 0.652682398079247 0.837679048665035 0.248250638429984 0.265422245296635 0.243271838010783 0.389091373266904 0.324876909595093 -0.232690839109781 0.159013963826456 0.0672343875578533 0.466333799669104 0.276538679658693 -0.439901949426401 0.301184341280527 0.18357546398489 0.30362331600722 -0.313251720403909 0.22956013647386 0.875338812668569 0.310122461419029 0.24938563916667 -0.00989260710463351 -0.139189485027762 0.349560730592668 0.804376143981781 0.486620546209862 0.502597506283731 0.79638377592369 -0.517402557081941 0.7597701091947 0.437990287818054 1.48973945354905
