"" "ISPM" "ISNSL" "ISPNS" "PMZS" "PMZI" "PMMT" "NSLNA" "NSLZS" "NSLZI" "NABR" "NAFM" "NAPNS" "BRPT" "BRAPET" "PTFM" "PTAPET" "PTBA" "PTEAM" "PTZYGO" "PTTSP" "FMZS" "FMMT" "ZSZI" "ZIMT" "ZIZYGO" "ZITSP" "MTPNS" "PNSAPET" "APETBA" "APETTS" "BAEAM" "EAMZYGO" "ZYGOTSP" "LDAS" "BRLD" "OPILD" "PTAS" "JPAS" "BAOPI"
"ISPM" 2.91837692535521 3.07975473162992 7.3325955616551 2.49151669972698 3.58761385216809 2.07141986136525 2.58372466190325 2.16757305022908 3.90657769806435 1.57124788272242 1.17239068504087 2.25377900295969 0.725994329308165 2.12595919295908 1.12884040903148 1.69072607092459 2.05061040703566 1.84083223709801 1.73615659465428 0.247754973263527 0.288916196725272 1.7535976525838 2.32563475008485 0.380063235437666 0.336855313479038 1.53921309354556 1.67820899408622 0.466179025358621 0.748837838038827 0.479143768805176 2.08035763064786 1.21020935768644 1.20896232712758 1.52287870975687 0.982168970978665 1.44822788771015 1.74480327654868 1.27223684800528 0.481901820736584
"ISNSL" 3.07975473162992 8.75500249098824 11.6971669831336 7.42250310021312 7.507310999642 3.76152418683529 4.59401022801232 3.45377731371935 5.66033808993479 1.17481303624198 2.27676365344077 4.29903691774864 -0.232470260502286 2.49399168261194 3.07397701045465 2.64431048210885 2.88611972564086 2.99354265210578 3.21115081391985 1.33632149422159 0.157980802520492 3.81138077882376 3.02671193415728 1.18548378822864 1.6430949372591 3.23249934168973 3.57713992125616 1.07251091259855 1.2250744976323 0.342428721340028 3.01225963413676 2.24880422382583 1.88621853484905 1.79978050642685 1.03513083869457 2.04483386605783 1.83723284578846 1.60313571630032 -0.0132193911143398
"ISPNS" 7.3325955616551 11.6971669831336 28.5384581480325 14.5928182240062 16.8929146459453 9.54719548823555 9.3709483474615 8.61587881336782 13.4273246548592 6.90432161840599 4.76558373546078 9.64992683815408 0.711711381056171 6.01324776244383 5.9546497342539 6.71325488680305 7.97108292093848 7.51892748792826 7.46802340233719 1.70338479865433 0.711418990988335 6.86065145991216 8.25023719193356 0.673694183672275 1.77162200252417 6.96276734033012 8.81090913071816 0.608473889134726 3.32688209534406 1.28932437201377 6.76284613191881 6.07570011246359 4.8376010829666 4.53073364809991 2.41991684314896 5.50361644564724 6.45561357151529 4.13319280870412 -0.0304793870232428
"PMZS" 2.49151669972698 7.42250310021312 14.5928182240062 13.6183626565508 12.6130203337057 6.25805549860145 9.13373697810679 7.20317482211797 8.76112007812669 3.45048617514473 2.46388095533002 4.92783365920897 -1.03935944792662 2.84791551290399 3.6427818012386 4.36004389627809 5.50935176923058 6.03501200349274 6.13794505865483 1.49614791361644 -0.645637315974846 5.39800870480613 5.04506309497326 1.12346340032446 1.43371459936338 5.34987233748252 5.76019224895519 1.73862260073507 2.64931512323092 1.12906457690847 4.65464501754348 4.01285275500085 4.23020707912475 2.33357185209039 -0.862960426408118 2.82901900593486 4.01291881946817 2.78542202106511 -0.333248634436324
"PMZI" 3.58761385216809 7.507310999642 16.8929146459453 12.6130203337057 16.3555994971976 7.56852393664 7.43781487463773 6.68984425552467 11.8966521733432 4.79396689443073 3.48746941128645 6.10518945506056 -0.0531773725820285 4.28223590809063 3.78186179978493 5.021987622312 5.81661281965937 5.73773086360214 5.36369038756156 1.32777155306066 0.667166428221274 5.60027752115923 7.03977006017826 0.924388401666528 -0.534663169680997 3.99848253141204 5.76406058297456 2.25989708329864 2.46457773387302 1.1296297729574 4.86738309925561 3.51744651664876 3.98744451736733 2.4746956638142 1.32770762783782 3.80608862852978 4.43809447653495 3.46442603701654 -0.682757601241253
"PMMT" 2.07141986136525 3.76152418683529 9.54719548823555 6.25805549860145 7.56852393664 5.61960428030036 3.48997478144292 3.79049636300392 5.6199875489778 3.37207241184697 2.03752306229036 3.49864850188402 0.0765622777510974 2.56199130541267 2.71692379610975 2.94884302552027 3.33741369066229 3.34898329826791 3.02897135503411 1.00622927779334 0.441513643936931 2.87629410224227 2.86712809693 0.867000268005781 0.953477830522922 2.69610443021483 2.29103419133895 1.31713921085771 1.46797054950294 0.693384404882529 2.65193146930013 2.87578513407286 1.92006966708394 1.53395961507958 0.240371602447949 2.50785654145951 2.53024971622535 1.85036893326527 -0.186598971920855
"NSLNA" 2.58372466190325 4.59401022801232 9.3709483474615 9.13373697810679 7.43781487463773 3.48997478144292 17.6942934159786 6.4048694953051 7.81468106708808 -2.82763421593096 1.29530818304496 4.24906603119806 -1.63389385604236 1.20338286103457 1.68761185755357 3.15745768847611 4.66261553930096 6.17424830150734 6.49804336364779 0.15152863558852 0.491339264020514 4.40699436964983 4.725577617519 1.53475253904885 0.805843064233998 5.32175187714261 3.77447820601106 1.13907143922727 2.28163151986645 1.52062435273281 3.73093918393297 3.02473621335489 4.88313705554326 2.82327046475845 -1.88277490962872 1.68526914622012 3.6426352228842 2.54702939621596 0.683667418115249
"NSLZS" 2.16757305022908 3.45377731371935 8.61587881336782 7.20317482211797 6.68984425552467 3.79049636300392 6.4048694953051 6.51318773294459 6.28847625853421 2.69003953431018 1.56931679616064 2.61509743639444 -0.948457158793514 1.41971291856372 2.17390305965398 2.46003239251761 3.39762994078053 3.53687928743472 3.79871677510251 0.317137985871367 -0.881417613317841 3.00180264224629 2.2382597260408 0.500991370181316 1.25005184375197 3.59795955543418 2.791773235596 1.6692782037303 1.84393488219875 1.25575208857655 3.22222936455869 2.02397112524805 2.63734405328132 1.32593973122437 -0.509175203794239 1.00547537843618 2.44694302896625 1.81813392192124 0.364625136770944
"NSLZI" 3.90657769806435 5.66033808993479 13.4273246548592 8.76112007812669 11.8966521733432 5.6199875489778 7.81468106708808 6.28847625853421 11.5353206254176 3.41304497307467 2.62949184430255 4.91022613730396 -0.126721414401134 2.87272816241574 3.20811278723888 4.03350573882238 5.17187384307961 5.06149893477491 5.34117013618635 1.13184425543894 0.191046075167079 4.43142762562172 6.97159675189331 1.29553806793976 -0.23310207936719 4.46480539038604 4.24008846834147 1.9420687527765 2.18266144264478 1.59314444213693 4.66816168010714 2.50166776589546 4.1037724879423 2.58176106935127 1.09502483788615 2.6418016012926 4.13044760779693 2.98061282618668 0.122070504464971
"NABR" 1.57124788272242 1.17481303624198 6.90432161840599 3.45048617514473 4.79396689443073 3.37207241184697 -2.82763421593096 2.69003953431018 3.41304497307467 8.8849053286092 1.22341558580788 0.840889078459088 1.64289414753699 2.37609672403906 2.01503048228786 1.95160779992371 2.07490628301829 2.33469335426974 2.00972569165993 0.625140755405479 -0.0563866246913055 1.18218244441605 1.62210088371166 0.133390029052227 0.832116574229906 1.87827835510356 1.80931557777223 0.860942314342815 0.643144119663257 1.0250499813347 2.20690308303803 1.80296498168388 1.37683409817773 0.858566371044151 -0.818584661349466 1.46477451196574 2.34936723022403 1.099463401781 -0.118441914638525
"NAFM" 1.17239068504087 2.27676365344077 4.76558373546078 2.46388095533002 3.48746941128645 2.03752306229036 1.29530818304496 1.56931679616064 2.62949184430255 1.22341558580788 2.45081065899623 2.95963453547882 0.726840956906051 1.27713402637825 0.970479212618036 0.917195199897261 1.39134856579526 1.05912738144738 0.786755969147278 -0.197472576393685 0.549442633809493 1.20144072837126 1.37229432455938 -0.574957030237625 1.3419323607738 0.826110471938595 1.59574987540057 0.763926534971123 0.71784787104039 0.379115456473588 1.5651265458043 0.305970821571207 0.749202366894852 0.802255872695485 0.667566944815781 1.1079443030906 1.24093908918918 1.16116570027117 -0.062526378372135
"NAPNS" 2.25377900295969 4.29903691774864 9.64992683815408 4.92783365920897 6.10518945506056 3.49864850188402 4.24906603119806 2.61509743639444 4.91022613730396 0.840889078459088 2.95963453547882 7.08000068082038 0.348432619899153 2.66078390680077 2.31064819358443 3.01762306058338 3.87362228022347 3.23432307614765 2.58903304795045 0.353005969506096 0.854072179732071 3.57319966922837 3.32309085659838 0.229156787013912 2.33783610295837 2.31025087443051 2.8312742876535 0.874939196984544 1.57096904332471 0.637625616711468 2.74419573558047 1.86656993391958 1.73857741884791 1.61152193648262 1.77434575016759 2.59201841033747 3.03527002594191 2.02864250441493 -0.262647534159958
"BRPT" 0.725994329308165 -0.232470260502286 0.711711381056171 -1.03935944792662 -0.0531773725820285 0.0765622777510974 -1.63389385604236 -0.948457158793514 -0.126721414401134 1.64289414753699 0.726840956906051 0.348432619899153 4.89275659239085 2.28661571620619 -2.54593287191115 -1.44734260560176 -0.439986299888511 -0.509619394208259 -2.35589990753502 -2.23757293712098 0.313104232509437 -0.0254451517289227 0.658584090182542 -0.474673656866554 -0.373919903070632 -1.60998901199032 0.0941086890371737 -0.281763737163604 0.0365625621147671 -0.181231656679081 -0.165622820360211 -1.41949679431006 -0.44451749075759 1.23200633720888 -0.207159350580054 1.85242294947716 1.57775382198178 0.50560578706536 -0.0959404391212117
"BRAPET" 2.12595919295908 2.49399168261194 6.01324776244383 2.84791551290399 4.28223590809063 2.56199130541267 1.20338286103457 1.41971291856372 2.87272816241574 2.37609672403906 1.27713402637825 2.66078390680077 2.28661571620619 5.3069429392729 0.108079135596915 2.66991290572572 3.20779164435899 2.69737998798933 1.19946213437485 -0.562900298212899 0.332378763494467 1.81947281592803 1.90464385950731 -0.213236952947882 0.244260835952714 0.45277842753057 1.2477413676934 0.847058807329093 1.19272092813113 0.451505144797648 1.76919646439672 1.32623832285626 0.678778421240341 1.76082999171707 0.90368453476629 4.03902168007255 2.80431315332527 2.03017600399192 -0.426281670069787
"PTFM" 1.12884040903148 3.07397701045465 5.9546497342539 3.6427818012386 3.78186179978493 2.71692379610975 1.68761185755357 2.17390305965398 3.20811278723888 2.01503048228786 0.970479212618036 2.31064819358443 -2.54593287191115 0.108079135596915 5.62227184842314 2.05465155900493 0.971729508747935 0.941713697221247 2.90410441307223 3.44498031006174 -0.614070095309372 0.958126140191187 1.47569345550914 0.593060809888521 1.61384782289217 2.77007843756041 1.6698243791264 0.943200581016733 0.241469573405173 0.639709581620335 1.89275585324536 2.54207608314322 1.02140391890564 0.571567884038003 0.645021353601311 0.425321825190559 -0.521138723111671 0.662940584060372 0.409277061155551
"PTAPET" 1.69072607092459 2.64431048210885 6.71325488680305 4.36004389627809 5.021987622312 2.94884302552027 3.15745768847611 2.46003239251761 4.03350573882238 1.95160779992371 0.917195199897261 3.01762306058338 -1.44734260560176 2.66991290572572 2.05465155900493 4.92906245966683 4.96737889431029 4.33313868971939 4.64763737747451 1.69699528929135 0.382407829059791 2.64273925148778 2.50814420559379 0.936887975177711 0.6312008763968 2.51240024573525 1.92596265988256 0.792401474266806 1.2043461215826 1.03301165195179 2.50363588717834 2.72279955729575 2.41623050678322 0.939483336989772 0.519899005241802 2.23439364100921 2.73034545021507 1.61829223839628 -0.433339317592743
"PTBA" 2.05061040703566 2.88611972564086 7.97108292093848 5.50935176923058 5.81661281965937 3.33741369066229 4.66261553930096 3.39762994078053 5.17187384307961 2.07490628301829 1.39134856579526 3.87362228022347 -0.439986299888511 3.20779164435899 0.971729508747935 4.96737889431029 7.12618999351713 5.85356900308045 5.33855876794917 0.397262250043069 0.586599330751393 3.64550335902307 3.46517157535954 1.14214822042467 1.30710786560351 3.52231059879586 2.57532625368795 1.33997947548562 3.00771626964649 1.30492132007992 3.43272546147374 2.98835670791864 3.33312869566537 1.08734211147198 0.0158866554305907 2.53924573891758 4.46410190496042 2.36557641222651 -1.11639324267528
"PTEAM" 1.84083223709801 2.99354265210578 7.51892748792826 6.03501200349274 5.73773086360214 3.34898329826791 6.17424830150734 3.53687928743472 5.06149893477491 2.33469335426974 1.05912738144738 3.23432307614765 -0.509619394208259 2.69737998798933 0.941713697221247 4.33313868971939 5.85356900308045 8.70036839978843 6.70077068568454 -0.450327957970669 0.364141848514494 3.92727025562756 3.67605029950705 0.948219665612747 2.1125852291973 4.50208340359732 2.74804211274695 1.15959966887363 1.95947717160082 1.57487201432353 3.56292983583833 3.63244013297593 4.58777526352603 1.43981879844433 0.72877319209979 2.27873781609193 5.95442394847419 2.7557374101065 -0.774434454302044
"PTZYGO" 1.73615659465428 3.21115081391985 7.46802340233719 6.13794505865483 5.36369038756156 3.02897135503411 6.49804336364779 3.79871677510251 5.34117013618635 2.00972569165993 0.786755969147278 2.58903304795045 -2.35589990753502 1.19946213437485 2.90410441307223 4.64763737747451 5.33855876794917 6.70077068568454 8.42301984861254 1.83747483706119 -0.277171460584714 3.16804764655485 3.60901719773404 1.59527937344942 1.51214581364722 5.13142970987999 2.74347595008725 0.277011950357588 1.70979981037512 1.60574332893436 3.29034695060367 3.45223349051049 5.48946878874294 1.19027568795167 -0.511294253660893 0.659506454965619 3.76901379868681 1.96583576101082 0.115774794856942
"PTTSP" 0.247754973263527 1.33632149422159 1.70338479865433 1.49614791361644 1.32777155306066 1.00622927779334 0.15152863558852 0.317137985871367 1.13184425543894 0.625140755405479 -0.197472576393685 0.353005969506096 -2.23757293712098 -0.562900298212899 3.44498031006174 1.69699528929135 0.397262250043069 -0.450327957970669 1.83747483706119 4.73097015304762 -0.567464724697475 0.153555541316805 0.575685918397478 1.24627976557098 0.158425021916249 -0.019676773653981 0.290219991763936 -0.357680787008913 -0.323838520376531 0.592140182943862 0.585172855860317 0.990932365378205 0.202494635401985 0.16038961510704 -0.302742912833853 0.526384104567004 -1.38976163284113 -0.0986584466978148 0.0712709861114515
"FMZS" 0.288916196725272 0.157980802520492 0.711418990988335 -0.645637315974846 0.667166428221274 0.441513643936931 0.491339264020514 -0.881417613317841 0.191046075167079 -0.0563866246913055 0.549442633809493 0.854072179732071 0.313104232509437 0.332378763494467 -0.614070095309372 0.382407829059791 0.586599330751393 0.364141848514494 -0.277171460584714 -0.567464724697475 2.33301211346264 1.14928086445293 0.21043009466097 0.358536841788538 0.18034673499202 -0.145545101255072 0.0692480767415712 0.537420247850009 0.2386034507267 -0.375592139757623 -0.0393334469203377 0.308284519673902 -0.0175039658125333 0.0589936160218152 -0.174788924103202 0.683409431537781 0.151187939309798 0.200161232119419 -0.570521706272964
"FMMT" 1.7535976525838 3.81138077882376 6.86065145991216 5.39800870480613 5.60027752115923 2.87629410224227 4.40699436964983 3.00180264224629 4.43142762562172 1.18218244441605 1.20144072837126 3.57319966922837 -0.0254451517289227 1.81947281592803 0.958126140191187 2.64273925148778 3.64550335902307 3.92727025562756 3.16804764655485 0.153555541316805 1.14928086445293 6.18613141554646 2.44739978796953 2.56807460697866 0.969679673957844 2.66647600418841 2.96653574834022 1.20072618645231 1.61688094333451 0.55311771313459 3.10107367112956 2.5478501684926 2.55231721512821 1.47392316795433 -0.722337351096844 2.18146252366642 2.55064155481217 1.38205255252528 -0.556907264046834
"ZSZI" 2.32563475008485 3.02671193415728 8.25023719193356 5.04506309497326 7.03977006017826 2.86712809693 4.725577617519 2.2382597260408 6.97159675189331 1.62210088371166 1.37229432455938 3.32309085659838 0.658584090182542 1.90464385950731 1.47569345550914 2.50814420559379 3.46517157535954 3.67605029950705 3.60901719773404 0.575685918397478 0.21043009466097 2.44739978796953 6.13402625962653 0.572877321475664 -0.64884838274438 3.07381245913417 3.13166434431158 0.346298404888427 1.2642087000382 0.921160786994627 2.79993912240351 1.61159645259549 2.96922134069305 2.35619613807717 0.792043496298609 2.30092383243657 3.45425912464143 1.94437265724513 0.0468182643096078
"ZIMT" 0.380063235437666 1.18548378822864 0.673694183672275 1.12346340032446 0.924388401666528 0.867000268005781 1.53475253904885 0.500991370181316 1.29553806793976 0.133390029052227 -0.574957030237625 0.229156787013912 -0.474673656866554 -0.213236952947882 0.593060809888521 0.936887975177711 1.14214822042467 0.948219665612747 1.59527937344942 1.24627976557098 0.358536841788538 2.56807460697866 0.572877321475664 3.53177381708905 -0.333310966985581 0.767236698349576 -0.275944586595827 0.177722904916636 0.440937676097971 0.242523097062291 0.754333885507046 1.24424179168065 1.2150052190989 -0.217933232926799 -0.84653424758503 -0.568308199185168 -0.154839543523893 -0.291505901160919 -0.0795711554601726
"ZIZYGO" 0.336855313479038 1.6430949372591 1.77162200252417 1.43371459936338 -0.534663169680997 0.953477830522922 0.805843064233998 1.25005184375197 -0.23310207936719 0.832116574229906 1.3419323607738 2.33783610295837 -0.373919903070632 0.244260835952714 1.61384782289217 0.6312008763968 1.30710786560351 2.1125852291973 1.51214581364722 0.158425021916249 0.18034673499202 0.969679673957844 -0.64884838274438 -0.333310966985581 5.99294367228867 2.4973410164686 0.618348166013335 1.89857271760955 0.871157238833674 0.237815811014358 1.22053282889904 -0.0488708001939536 1.11049510456032 -0.605588790541511 0.105111079951361 -0.683123271053543 1.0258773473862 1.19599526201979 0.200683934745516
"ZITSP" 1.53921309354556 3.23249934168973 6.96276734033012 5.34987233748252 3.99848253141204 2.69610443021483 5.32175187714261 3.59795955543418 4.46480539038604 1.87827835510356 0.826110471938595 2.31025087443051 -1.60998901199032 0.45277842753057 2.77007843756041 2.51240024573525 3.52231059879586 4.50208340359732 5.13142970987999 -0.019676773653981 -0.145545101255072 2.66647600418841 3.07381245913417 0.767236698349576 2.4973410164686 6.44560784060333 2.79633070868717 1.32251524075523 1.58892890775239 0.818842465509128 2.943518708027 3.18635338213711 3.72066968043726 0.781099915879094 -0.268675302959876 -0.199613985123804 2.6788102376919 1.44061676404824 0.494203912573041
"MTPNS" 1.67820899408622 3.57713992125616 8.81090913071816 5.76019224895519 5.76406058297456 2.29103419133895 3.77447820601106 2.791773235596 4.24008846834147 1.80931557777223 1.59574987540057 2.8312742876535 0.0941086890371737 1.2477413676934 1.6698243791264 1.92596265988256 2.57532625368795 2.74804211274695 2.74347595008725 0.290219991763936 0.0692480767415712 2.96653574834022 3.13166434431158 -0.275944586595827 0.618348166013335 2.79633070868717 5.13432229706811 -0.329266853227284 1.13495609942624 0.497595229257975 2.57268310303722 2.02752834086955 2.02691651846096 1.72689812347783 0.338340692552177 1.99035095054201 2.46638776563043 1.28750138768034 -0.487059270169026
"PNSAPET" 0.466179025358621 1.07251091259855 0.608473889134726 1.73862260073507 2.25989708329864 1.31713921085771 1.13907143922727 1.6692782037303 1.9420687527765 0.860942314342815 0.763926534971123 0.874939196984544 -0.281763737163604 0.847058807329093 0.943200581016733 0.792401474266806 1.33997947548562 1.15959966887363 0.277011950357588 -0.357680787008913 0.537420247850009 1.20072618645231 0.346298404888427 0.177722904916636 1.89857271760955 1.32251524075523 -0.329266853227284 4.08943375659454 0.651299243166024 -0.207593194854852 1.2335989013974 0.427085356988193 0.0206863483147398 -0.109076036313114 -0.804283240562566 0.400288074188883 0.405366880493991 1.17534211069317 -0.125806881259293
"APETBA" 0.748837838038827 1.2250744976323 3.32688209534406 2.64931512323092 2.46457773387302 1.46797054950294 2.28163151986645 1.84393488219875 2.18266144264478 0.643144119663257 0.71784787104039 1.57096904332471 0.0365625621147671 1.19272092813113 0.241469573405173 1.2043461215826 3.00771626964649 1.95947717160082 1.70979981037512 -0.323838520376531 0.2386034507267 1.61688094333451 1.2642087000382 0.440937676097971 0.871157238833674 1.58892890775239 1.13495609942624 0.651299243166024 2.39594584358937 0.561595325487964 1.40695131929207 1.07368548158545 1.27549328356644 0.558429623720228 -0.548808036329349 0.920807599218632 1.46950001118815 0.919670405360059 -0.806804153163078
"APETTS" 0.479143768805176 0.342428721340028 1.28932437201377 1.12906457690847 1.1296297729574 0.693384404882529 1.52062435273281 1.25575208857655 1.59314444213693 1.0250499813347 0.379115456473588 0.637625616711468 -0.181231656679081 0.451505144797648 0.639709581620335 1.03301165195179 1.30492132007992 1.57487201432353 1.60574332893436 0.592140182943862 -0.375592139757623 0.55311771313459 0.921160786994627 0.242523097062291 0.237815811014358 0.818842465509128 0.497595229257975 -0.207593194854852 0.561595325487964 1.68639678170779 1.14941107585756 0.567832097702134 1.13698223388955 0.54475177992296 0.216297430018259 0.325875907877918 1.22840112529206 0.625279098960972 0.0476562632801361
"BAEAM" 2.08035763064786 3.01225963413676 6.76284613191881 4.65464501754348 4.86738309925561 2.65193146930013 3.73093918393297 3.22222936455869 4.66816168010714 2.20690308303803 1.5651265458043 2.74419573558047 -0.165622820360211 1.76919646439672 1.89275585324536 2.50363588717834 3.43272546147374 3.56292983583833 3.29034695060367 0.585172855860317 -0.0393334469203377 3.10107367112956 2.79993912240351 0.754333885507046 1.22053282889904 2.943518708027 2.57268310303722 1.2335989013974 1.40695131929207 1.14941107585756 4.09831869077845 2.40588527677626 2.46418759163183 1.09763133330505 -0.0258880868358982 1.2021808491774 2.69804778620062 2.34101857382425 0.223076665061793
"EAMZYGO" 1.21020935768644 2.24880422382583 6.07570011246359 4.01285275500085 3.51744651664876 2.87578513407286 3.02473621335489 2.02397112524805 2.50166776589546 1.80296498168388 0.305970821571207 1.86656993391958 -1.41949679431006 1.32623832285626 2.54207608314322 2.72279955729575 2.98835670791864 3.63244013297593 3.45223349051049 0.990932365378205 0.308284519673902 2.5478501684926 1.61159645259549 1.24424179168065 -0.0488708001939536 3.18635338213711 2.02752834086955 0.427085356988193 1.07368548158545 0.567832097702134 2.40588527677626 5.72630175242293 1.69721297446658 0.878356085453242 0.180607132043687 1.7059743792649 1.81008817369086 0.906705279669893 -0.604262913121503
"ZYGOTSP" 1.20896232712758 1.88621853484905 4.8376010829666 4.23020707912475 3.98744451736733 1.92006966708394 4.88313705554326 2.63734405328132 4.1037724879423 1.37683409817773 0.749202366894852 1.73857741884791 -0.44451749075759 0.678778421240341 1.02140391890564 2.41623050678322 3.33312869566537 4.58777526352603 5.48946878874294 0.202494635401985 -0.0175039658125333 2.55231721512821 2.96922134069305 1.2150052190989 1.11049510456032 3.72066968043726 2.02691651846096 0.0206863483147398 1.27549328356644 1.13698223388955 2.46418759163183 1.69721297446658 5.27638612750599 0.649382235026553 -0.788150701347168 -0.146976968314492 2.8638185199783 1.4574490287007 0.326372082153173
"LDAS" 1.52287870975687 1.79978050642685 4.53073364809991 2.33357185209039 2.4746956638142 1.53395961507958 2.82327046475845 1.32593973122437 2.58176106935127 0.858566371044151 0.802255872695485 1.61152193648262 1.23200633720888 1.76082999171707 0.571567884038003 0.939483336989772 1.08734211147198 1.43981879844433 1.19027568795167 0.16038961510704 0.0589936160218152 1.47392316795433 2.35619613807717 -0.217933232926799 -0.605588790541511 0.781099915879094 1.72689812347783 -0.109076036313114 0.558429623720228 0.54475177992296 1.09763133330505 0.878356085453242 0.649382235026553 4.83857712376744 -1.43991536612332 4.60293903217615 1.37178873129336 0.168583714924539 -0.00204154436138367
"BRLD" 0.982168970978665 1.03513083869457 2.41991684314896 -0.862960426408118 1.32770762783782 0.240371602447949 -1.88277490962872 -0.509175203794239 1.09502483788615 -0.818584661349466 0.667566944815781 1.77434575016759 -0.207159350580054 0.90368453476629 0.645021353601311 0.519899005241802 0.0158866554305907 0.72877319209979 -0.511294253660893 -0.302742912833853 -0.174788924103202 -0.722337351096844 0.792043496298609 -0.84653424758503 0.105111079951361 -0.268675302959876 0.338340692552177 -0.804283240562566 -0.548808036329349 0.216297430018259 -0.0258880868358982 0.180607132043687 -0.788150701347168 -1.43991536612332 10.3824747263141 -1.33751278427661 1.55725860071036 1.09051101202879 -0.0555614829960249
"OPILD" 1.44822788771015 2.04483386605783 5.50361644564724 2.82901900593486 3.80608862852978 2.50785654145951 1.68526914622012 1.00547537843618 2.6418016012926 1.46477451196574 1.1079443030906 2.59201841033747 1.85242294947716 4.03902168007255 0.425321825190559 2.23439364100921 2.53924573891758 2.27873781609193 0.659506454965619 0.526384104567004 0.683409431537781 2.18146252366642 2.30092383243657 -0.568308199185168 -0.683123271053543 -0.199613985123804 1.99035095054201 0.400288074188883 0.920807599218632 0.325875907877918 1.2021808491774 1.7059743792649 -0.146976968314492 4.60293903217615 -1.33751278427661 8.49136657352787 2.43980778679956 1.18260814661777 -1.96938254221045
"PTAS" 1.74480327654868 1.83723284578846 6.45561357151529 4.01291881946817 4.43809447653495 2.53024971622535 3.6426352228842 2.44694302896625 4.13044760779693 2.34936723022403 1.24093908918918 3.03527002594191 1.57775382198178 2.80431315332527 -0.521138723111671 2.73034545021507 4.46410190496042 5.95442394847419 3.76901379868681 -1.38976163284113 0.151187939309798 2.55064155481217 3.45425912464143 -0.154839543523893 1.0258773473862 2.6788102376919 2.46638776563043 0.405366880493991 1.46950001118815 1.22840112529206 2.69804778620062 1.81008817369086 2.8638185199783 1.37178873129336 1.55725860071036 2.43980778679956 6.3192230580151 2.75576757524422 -0.406566830296085
"JPAS" 1.27223684800528 1.60313571630032 4.13319280870412 2.78542202106511 3.46442603701654 1.85036893326527 2.54702939621596 1.81813392192124 2.98061282618668 1.099463401781 1.16116570027117 2.02864250441493 0.50560578706536 2.03017600399192 0.662940584060372 1.61829223839628 2.36557641222651 2.7557374101065 1.96583576101082 -0.0986584466978148 0.200161232119419 1.38205255252528 1.94437265724513 -0.291505901160919 1.19599526201979 1.44061676404824 1.28750138768034 1.17534211069317 0.919670405360059 0.625279098960972 2.34101857382425 0.906705279669893 1.4574490287007 0.168583714924539 1.09051101202879 1.18260814661777 2.75576757524422 3.25726231361965 -0.0123127584330251
"BAOPI" 0.481901820736584 -0.0132193911143398 -0.0304793870232428 -0.333248634436324 -0.682757601241253 -0.186598971920855 0.683667418115249 0.364625136770944 0.122070504464971 -0.118441914638525 -0.062526378372135 -0.262647534159958 -0.0959404391212117 -0.426281670069787 0.409277061155551 -0.433339317592743 -1.11639324267528 -0.774434454302044 0.115774794856942 0.0712709861114515 -0.570521706272964 -0.556907264046834 0.0468182643096078 -0.0795711554601726 0.200683934745516 0.494203912573041 -0.487059270169026 -0.125806881259293 -0.806804153163078 0.0476562632801361 0.223076665061793 -0.604262913121503 0.326372082153173 -0.00204154436138367 -0.0555614829960249 -1.96938254221045 -0.406566830296085 -0.0123127584330251 2.44414013213358
