"" "ISPM" "ISNSL" "ISPNS" "PMZS" "PMZI" "PMMT" "NSLNA" "NSLZS" "NSLZI" "NABR" "NAFM" "NAPNS" "BRPT" "BRAPET" "PTFM" "PTAPET" "PTBA" "PTEAM" "PTZYGO" "PTTSP" "FMZS" "FMMT" "ZSZI" "ZIMT" "ZIZYGO" "ZITSP" "MTPNS" "PNSAPET" "APETBA" "APETTS" "BAEAM" "EAMZYGO" "ZYGOTSP" "LDAS" "BRLD" "OPILD" "PTAS" "JPAS" "BAOPI"
"ISPM" 0.323376004730103 0.562375748526166 0.778648481482386 0.352416188842291 0.211824369086487 0.231517185861802 0.133651856406506 0.144494125451262 0.101571074916327 0.217664395408776 0.104617464901701 0.339977014532414 0.101156457430974 0.111309320557668 0.272915263850789 0.0264966251484197 0.130457984931994 0.0176267003539145 0.0377366761766334 -0.00812496362341811 -0.0602919278384535 0.244056063767745 0.0282817398569422 0.0572343965552337 0.43928207815351 0.0212617463311014 0.234435925913153 0.136797794446136 0.143065382705119 0.083117414657095 0.19772420805236 0.0259151170086749 0.139918447938647 0.0386429875465069 -0.139113595283268 0.113426508018536 -0.0205010426276037 -0.135140401094222 -0.0752140520000449
"ISNSL" 0.562375748526166 3.78938193271864 2.93012875611062 1.97297562075373 1.2482169246664 0.850852603710134 0.3605156044384 -0.20847017766334 0.817479217543738 1.20284677630358 -0.0274432377755601 1.56051928797517 0.170479974518846 0.703814893549163 1.01241283991307 0.700876013827539 0.97674965419843 1.07085512282394 1.07926894573603 0.116584380398497 0.674232200268651 1.56275343320119 0.697319763078952 0.37684201104929 0.75062631153175 1.87070635746988 0.913445125794593 0.124273061179535 0.407623430479053 0.385373713666903 0.975590077115565 0.79226344331726 1.12712015497841 0.562400012984296 -1.14386296497255 0.354085913029028 0.724919152558235 0.334635619853169 0.457522412094653
"ISPNS" 0.778648481482386 2.93012875611062 5.23732101506765 2.46285960933153 1.53069562263068 1.7104577370737 1.16917580702941 -0.124491811570415 0.702013463482531 1.71568991586998 0.280721348080395 2.7913335130334 0.71425894268164 1.41921029504685 1.54236328590758 1.14793289670857 1.39930038516819 1.35643150505061 1.32637997710693 -0.200928780993908 0.69160565179583 2.36230595617539 1.04817857475574 0.521100665038301 2.56715614607066 2.28640867071368 1.48586432559087 -0.419920856063419 0.467478980415295 0.355554144919899 1.20289264384483 0.737689865710842 1.63600908260372 1.02936949331818 -0.646388828752987 1.50083057426241 0.983747120876857 -0.0804722786629459 -0.100055445124373
"PMZS" 0.352416188842291 1.97297562075373 2.46285960933153 2.04876312079991 1.3230125896988 1.02451391085159 0.845741243386295 0.249945723267851 0.841971904797982 1.3083431203963 0.245336347295324 1.25741576333316 0.324550068004381 0.904231627059455 0.847505727887798 0.832765709751393 1.29108804346361 1.24308408840561 1.19052188687146 -0.0259097311186742 0.322810514461985 1.45881438211652 0.707098215900868 0.325116914028482 1.13681784555142 1.91941640591579 0.950124498541007 0.245822516168969 0.644166528827675 0.438387537089079 0.88715919629132 0.614433026504702 1.36899413411845 0.682142164171418 -0.586602495661484 0.954682405724288 1.01239400869131 0.0977140524680296 0.162196966780189
"PMZI" 0.211824369086487 1.2482169246664 1.53069562263068 1.3230125896988 1.55284246226584 0.779248060150685 0.819748816153775 0.234829976068979 1.08062127766911 1.03431016891822 0.370834074813119 0.832882145257782 -0.00957665347988875 0.740851627106201 0.628637749493762 0.766987238781819 1.17535261715108 1.37970077577934 1.25278873852952 0.0969954999180209 0.464869422726311 1.00077580485996 0.788969431659338 0.013944408493371 0.560172088036306 1.17845171547052 0.710139386907136 0.381212602309865 0.535993538320942 0.300429237894027 0.522602569636357 0.148754174181067 1.40509010396564 0.730440108034961 -0.598344515374401 1.13680232271803 0.959414264692651 0.130081409452708 0.166739723658479
"PMMT" 0.231517185861802 0.850852603710134 1.7104577370737 1.02451391085159 0.779248060150685 1.41710152270154 0.623130597559614 0.0360547585997481 0.483436650709801 1.15221568004453 0.290632090143471 0.993370961392218 0.627859765521842 1.02111851478244 0.662564726029002 0.63020259215678 0.86865498073034 0.791566000928706 0.611778341417815 0.00581526507065019 0.264326257317191 0.779662456143637 0.584469822483867 0.455471544174342 1.01375992588369 0.911644425814553 0.2454852522871 0.188179722113534 0.274649867355432 0.135160924095893 0.404491188604221 0.29678838069492 0.70779087560254 1.11423775774765 0.139057072087138 1.36714681066648 0.776214426595467 -0.0975232754186075 0.220209282017647
"NSLNA" 0.133651856406506 0.3605156044384 1.16917580702941 0.845741243386295 0.819748816153775 0.623130597559614 2.23891880515865 0.143707989614802 0.523923940761172 -0.353556158336722 0.258124106518868 1.03838625038362 -0.211385590906083 0.0596274419109712 0.716945724024754 0.137228902576265 0.398273891530257 0.632062336427696 0.612114134573406 -0.437851134211661 0.352572611909734 0.798539719474969 0.459167246368414 0.163298468787929 0.674986622715823 0.819297719122423 0.485687647426627 0.166653924924796 0.458261327268421 0.0875448610636083 0.340815743146189 0.307385777385804 1.06276731905825 0.645031468889269 -0.222297950941494 0.286273057921664 0.358212753171782 -0.0914526659845055 0.294529144523882
"NSLZS" 0.144494125451262 -0.20847017766334 -0.124491811570415 0.249945723267851 0.234829976068979 0.0360547585997481 0.143707989614802 1.30087991000713 0.475800324730132 0.0577229390600573 0.399278888549062 -0.0087065509462222 -0.0889929089278309 -0.199830244530635 -0.149265810072518 0.105322967909206 0.372189584348722 0.266110486231312 0.192527334592201 0.27796759300116 -0.614698577588701 -0.0717389631866702 -0.464619917281689 -0.208564413433917 0.0203123467675835 -0.0467595164742829 0.0391898509921346 0.136440599224456 0.274055398992625 0.20772364502848 0.110188229782802 -0.204837424366143 0.204782084628313 -0.0193692567282699 -0.235495413594533 -0.0431974922667175 0.31658008158821 0.15166239689849 0.175690274848423
"NSLZI" 0.101571074916327 0.817479217543738 0.702013463482531 0.841971904797982 1.08062127766911 0.483436650709801 0.523923940761172 0.475800324730132 1.34550789195521 1.17853105733881 0.414224790472995 0.507310086433455 0.10207856474378 0.508795064208483 0.38896333019055 0.677397311646995 0.958842140611962 1.07953605789769 1.24057451337248 0.162157271736529 0.28421899036985 0.652749607456004 0.847212579095057 0.0382087580144859 0.189273427358264 0.968731393655131 0.445224942776606 0.318961828798375 0.328574405731167 0.241508437313943 0.360839381435368 -0.0219790117739482 1.35519269480941 0.646804380131057 -0.740678599069936 1.02227927168653 0.850389320968434 0.191122477264359 0.350554773448365
"NABR" 0.217664395408776 1.20284677630358 1.71568991586998 1.3083431203963 1.03431016891822 1.15221568004453 -0.353556158336722 0.0577229390600573 1.17853105733881 4.88429649825549 0.398406884339507 0.696050445464909 2.26185279218227 2.02002475435353 0.999456396592445 1.33489308473578 1.48488756610981 1.1332460225271 1.4366774740257 0.408228095272488 0.446457515899486 1.14309773362107 1.14190277632518 0.583115334425774 1.35359320544154 2.2512924446884 0.670109326999085 0.698711030212428 0.0533265320844515 0.553365710753938 0.895371510018491 0.145047342870679 1.19471345287015 1.12227735898495 -0.875491419247626 2.18660921684302 1.18862682348366 -0.124085616610287 -0.0148328156050938
"NAFM" 0.104617464901701 -0.0274432377755601 0.280721348080395 0.245336347295324 0.370834074813119 0.290632090143471 0.258124106518868 0.399278888549062 0.414224790472995 0.398406884339507 0.755817623515629 0.402784081601006 0.172714809054026 0.121380084985535 0.168877319240125 0.149086961070405 0.280571072608477 0.338303041777559 0.400372150912512 0.0783450377581149 -0.00032894065340259 0.213294890726334 0.230268893380675 -0.0503590506706235 0.496539051180106 0.0239591488045863 0.259199643625141 0.281935923695111 0.0966475297874202 -0.0620835724420046 0.124333889292257 -0.270685612627245 0.535342385445061 0.218406636747786 0.22879459309408 0.39135458847211 0.358429665151199 -0.0818096860156493 0.0783354578397771
"NAPNS" 0.339977014532414 1.56051928797517 2.7913335130334 1.25741576333316 0.832882145257782 0.993370961392218 1.03838625038362 -0.0087065509462222 0.507310086433455 0.696050445464909 0.402784081601006 2.8020893254619 0.550454435382109 1.04397587812229 0.704871415825564 0.721739381504035 0.851040687245423 1.0525148230066 0.68590199140751 -0.177571125371738 0.267687872041174 1.55679476800721 0.807706839092269 0.182823640170668 1.37103486048989 0.904465533680256 0.600132485724494 -0.774554388790344 0.192322447886449 0.154452834682404 0.65249528028732 0.0656911204706108 0.91364911051356 1.11278286543829 0.071834548789652 1.12445233267618 1.05117647646834 -0.233027656746328 0.236853517419204
"BRPT" 0.101156457430974 0.170479974518846 0.71425894268164 0.324550068004381 -0.00957665347988875 0.627859765521842 -0.211385590906083 -0.0889929089278309 0.10207856474378 2.26185279218227 0.172714809054026 0.550454435382109 2.18061511261569 1.56314179652585 -0.255497870702419 0.403380113304681 0.55555618275224 0.474876808705924 -0.0724821949391136 0.350004245870553 -0.0783566581553592 0.331090031321185 0.341934508198928 0.424919954931357 0.621535821636255 0.576216272006945 0.00382879824624203 0.0993657817997124 -0.232485290071951 0.3031370796237 0.453152926678993 0.11345316687288 -0.35158971987111 1.22843837408213 0.497318192082388 1.5478119063712 0.963216479222254 -0.291309794035366 0.144083410977143
"BRAPET" 0.111309320557668 0.703814893549163 1.41921029504685 0.904231627059455 0.740851627106201 1.02111851478244 0.0596274419109712 -0.199830244530635 0.508795064208483 2.02002475435353 0.121380084985535 1.04397587812229 1.56314179652585 2.46780637254447 0.261471666270967 1.26666443933532 1.48907204451683 1.22547449499467 0.693846890780618 0.599740054824049 0.25164770955303 0.799510516754561 0.707813576197358 0.44621500250074 0.761279122631999 1.28687356216439 0.227796025940541 -0.0755537097545128 0.230454937412006 0.522637173819863 0.837954254160919 0.227812807011462 0.389746860204915 1.82640041887151 0.455983512038326 2.30026589945193 1.27901842951572 -0.0544534921417652 0.391749771704295
"PTFM" 0.272915263850789 1.01241283991307 1.54236328590758 0.847505727887798 0.628637749493762 0.662564726029002 0.716945724024754 -0.149265810072518 0.38896333019055 0.999456396592445 0.168877319240125 0.704871415825564 -0.255497870702419 0.261471666270967 2.21462396456684 0.619498632204993 0.494179640166791 -0.0272407965314655 0.805476917938449 -0.637764644365391 0.315529603253787 0.774918389336352 0.425695520110066 0.397077530965722 1.3110844854165 1.10089212520783 0.553400047235209 0.578099511363841 0.394473228966496 -0.109187195076931 0.47084191047681 0.365056910844362 1.55086664338346 0.0357326263765735 -0.99175229438642 0.316651577262625 -0.668125643980112 0.123583957287558 -0.159756853149698
"PTAPET" 0.0264966251484197 0.700876013827539 1.14793289670857 0.832765709751393 0.766987238781819 0.63020259215678 0.137228902576265 0.105322967909206 0.677397311646995 1.33489308473578 0.149086961070405 0.721739381504035 0.403380113304681 1.26666443933532 0.619498632204993 2.03550918270833 2.10573508318617 1.69700937459843 1.73408570280829 0.849863493830817 0.448290376560125 1.1420352255175 0.542031892222297 0.427317647028833 0.816779669144918 1.91450516442628 0.492545469828477 0.162431714554358 0.336522490731605 0.458964791672687 0.89884080149622 0.366345549770693 1.20429884374748 1.17793447813665 -0.367055695745203 1.37407030424493 1.09662114488964 0.0856299126059593 0.179585379890563
"PTBA" 0.130457984931994 0.97674965419843 1.39930038516819 1.29108804346361 1.17535261715108 0.86865498073034 0.398273891530257 0.372189584348722 0.958842140611962 1.48488756610981 0.280571072608477 0.851040687245423 0.55555618275224 1.48907204451683 0.494179640166791 2.10573508318617 3.0738153608891 2.37093507749532 1.8349169304546 1.45349795250848 0.386790881324955 1.44978098685168 0.642975973416321 0.564878463664344 1.11355679296709 2.16251363765936 0.708730864227043 0.495512368883519 1.17365283227187 0.643534354638138 1.2392697517568 0.36251753925586 1.01036445360325 1.55085292989966 -0.312537304033155 1.83102605317023 1.85272991610021 0.162237358738619 0.0769133247462693
"PTEAM" 0.0176267003539145 1.07085512282394 1.35643150505061 1.24308408840561 1.37970077577934 0.791566000928706 0.632062336427696 0.266110486231312 1.07953605789769 1.1332460225271 0.338303041777559 1.0525148230066 0.474876808705924 1.22547449499467 -0.0272407965314655 1.69700937459843 2.37093507749532 3.03690802898927 2.18722524498206 1.11171032846472 0.507142625515145 1.61826701299293 0.807348518124486 0.416687567535255 0.801984693349199 1.799766525789 0.744030257246368 0.321042076737023 0.559272475653115 0.579751657525711 0.877994790340688 0.548686348403712 1.41069735751093 1.43047646506244 0.0749343317235334 1.76507930459034 2.43232444491377 0.0790300626146894 0.295072864691625
"PTZYGO" 0.0377366761766334 1.07926894573603 1.32637997710693 1.19052188687146 1.25278873852952 0.611778341417815 0.612114134573406 0.192527334592201 1.24057451337248 1.4366774740257 0.400372150912512 0.68590199140751 -0.0724821949391136 0.693846890780618 0.805476917938449 1.73408570280829 1.8349169304546 2.18722524498206 3.02300706996948 0.427046807541387 0.612987488755769 1.60306180575856 1.02227718017264 0.315528743396365 1.25675433432553 2.28955380816597 1.03767677546803 0.479025087900108 0.296789177963655 0.364676394506059 0.829578654145255 0.233727918809223 2.56979062559961 0.355378817401599 -1.07540992070852 0.958495073535569 1.27399811932835 0.285116081154742 -0.0326257659561493
"PTTSP" -0.00812496362341811 0.116584380398497 -0.200928780993908 -0.0259097311186742 0.0969954999180209 0.00581526507065019 -0.437851134211661 0.27796759300116 0.162157271736529 0.408228095272488 0.0783450377581149 -0.177571125371738 0.350004245870553 0.599740054824049 -0.637764644365391 0.849863493830817 1.45349795250848 1.11171032846472 0.427046807541387 3.02464782620429 -0.0339429141681327 0.0133909453089668 -0.172012419740424 0.180123641500114 -0.179156773973588 1.23243381531596 0.00264612302930034 0.0712765777744307 0.566724047217227 0.47216584104005 0.593943862380016 0.208057760092628 -1.53409970959639 0.572516482562296 0.382233935236069 0.29530890080702 0.852096937545606 -0.130375910421247 0.018428535664628
"FMZS" -0.0602919278384535 0.674232200268651 0.69160565179583 0.322810514461985 0.464869422726311 0.264326257317191 0.352572611909734 -0.614698577588701 0.28421899036985 0.446457515899486 -0.00032894065340259 0.267687872041174 -0.0783566581553592 0.25164770955303 0.315529603253787 0.448290376560125 0.386790881324955 0.507142625515145 0.612987488755769 -0.0339429141681327 1.04538708866475 0.700594221293734 0.561286581946505 0.260880414132443 0.173834752148541 0.868202666946035 0.368767633866269 0.137905683407204 0.00950417951173994 0.00293108278652311 0.166557656355866 0.352174285822367 0.562262469874777 0.4729708323246 -0.139507911141361 0.352831860887639 0.23483419929136 0.0128390961875365 0.1821910487537
"FMMT" 0.244056063767745 1.56275343320119 2.36230595617539 1.45881438211652 1.00077580485996 0.779662456143637 0.798539719474969 -0.0717389631866702 0.652749607456004 1.14309773362107 0.213294890726334 1.55679476800721 0.331090031321185 0.799510516754561 0.774918389336352 1.1420352255175 1.44978098685168 1.61826701299293 1.60306180575856 0.0133909453089668 0.700594221293734 2.20437504248691 0.825516520212075 0.570813787861859 1.66982452217348 1.63508244788497 1.20399018998351 0.126430986418791 0.410457127437002 0.245130502064262 0.918326079948172 0.419826249222747 1.56459052329648 0.545371794812037 -0.461337237353278 0.829577870521938 1.18432196760189 -0.152281228438104 -0.153539734417266
"ZSZI" 0.0282817398569422 0.697319763078952 1.04817857475574 0.707098215900868 0.788969431659338 0.584469822483867 0.459167246368414 -0.464619917281689 0.847212579095057 1.14190277632518 0.230268893380675 0.807706839092269 0.341934508198928 0.707813576197358 0.425695520110066 0.542031892222297 0.642975973416321 0.807348518124486 1.02227718017264 -0.172012419740424 0.561286581946505 0.825516520212075 1.33140136674964 0.0684491972635193 0.570641052985955 0.832071052603372 0.468905058613852 0.00272639378231701 0.113041918503572 0.0514139684324308 0.220041695643166 -0.0583953241110907 1.23979675450507 0.644689167203053 -0.242793451138714 1.22715366864239 0.759055011539967 0.0491188871511695 0.0538053724123617
"ZIMT" 0.0572343965552337 0.37684201104929 0.521100665038301 0.325116914028482 0.013944408493371 0.455471544174342 0.163298468787929 -0.208564413433917 0.0382087580144859 0.583115334425774 -0.0503590506706235 0.182823640170668 0.424919954931357 0.44621500250074 0.397077530965722 0.427317647028833 0.564878463664344 0.416687567535255 0.315528743396365 0.180123641500114 0.260880414132443 0.570813787861859 0.0684491972635193 0.979916241135007 0.469331936718764 0.567866214165099 0.0448618468556183 0.403007985826392 0.098178815107861 0.0577049862118608 0.415451226336778 0.496332974783362 0.0950062758128355 0.437837766701208 -0.0974257930432571 0.429952530076784 0.306082252193291 -0.379051873943419 -0.0275410285942165
"ZIZYGO" 0.43928207815351 0.75062631153175 2.56715614607066 1.13681784555142 0.560172088036306 1.01375992588369 0.674986622715823 0.0203123467675835 0.189273427358264 1.35359320544154 0.496539051180106 1.37103486048989 0.621535821636255 0.761279122631999 1.3110844854165 0.816779669144918 1.11355679296709 0.801984693349199 1.25675433432553 -0.179156773973588 0.173834752148541 1.66982452217348 0.570641052985955 0.469331936718764 3.57148740607128 1.11019661373477 1.22135226404258 0.403611147364646 0.582528735591135 0.213817271092923 1.07092838243608 -0.481381394454261 1.40622586690064 0.368153935216832 -0.0800469958715295 0.884516758387069 0.695576184501555 -0.163196949938031 -0.492025551929371
"ZITSP" 0.0212617463311014 1.87070635746988 2.28640867071368 1.91941640591579 1.17845171547052 0.911644425814553 0.819297719122423 -0.0467595164742829 0.968731393655131 2.2512924446884 0.0239591488045863 0.904465533680256 0.576216272006945 1.28687356216439 1.10089212520783 1.91450516442628 2.16251363765936 1.799766525789 2.28955380816597 1.23243381531596 0.868202666946035 1.63508244788497 0.832071052603372 0.567866214165099 1.11019661373477 5.31913523517891 1.13362750596518 0.430204227795685 0.687613896273328 0.838811811945019 1.41435670332902 1.4321893977454 1.47778844062085 0.683834349305206 -1.55125689000323 0.961309694519384 1.0219903063589 0.275198398641176 0.14818246967383
"MTPNS" 0.234435925913153 0.913445125794593 1.48586432559087 0.950124498541007 0.710139386907136 0.2454852522871 0.485687647426627 0.0391898509921346 0.445224942776606 0.670109326999085 0.259199643625141 0.600132485724494 0.00382879824624203 0.227796025940541 0.553400047235209 0.492545469828477 0.708730864227043 0.744030257246368 1.03767677546803 0.00264612302930034 0.368767633866269 1.20399018998351 0.468905058613852 0.0448618468556183 1.22135226404258 1.13362750596518 1.193273536266 0.27620031034185 0.378966049685718 0.170019482639371 0.683392932045596 0.226304937482954 1.06651903639447 -0.210542249456057 -0.359053041474506 0.0423275200451219 0.412652727887673 -0.0507171350181855 -0.36652809150642
"PNSAPET" 0.136797794446136 0.124273061179535 -0.419920856063419 0.245822516168969 0.381212602309865 0.188179722113534 0.166653924924796 0.136440599224456 0.318961828798375 0.698711030212428 0.281935923695111 -0.774554388790344 0.0993657817997124 -0.0755537097545128 0.578099511363841 0.162431714554358 0.495512368883519 0.321042076737023 0.479025087900108 0.0712765777744307 0.137905683407204 0.126430986418791 0.00272639378231701 0.403007985826392 0.403611147364646 0.430204227795685 0.27620031034185 1.72778959611219 0.224306965723442 -0.0402896174821119 0.414971496522289 0.298568310835488 0.49196378894806 -0.210125586230538 -0.00983766921377194 0.0618544081348321 0.132210058832651 -0.0604194497740995 -0.194144042508819
"APETBA" 0.143065382705119 0.407623430479053 0.467478980415295 0.644166528827675 0.535993538320942 0.274649867355432 0.458261327268421 0.274055398992625 0.328574405731167 0.0533265320844515 0.0966475297874202 0.192322447886449 -0.232485290071951 0.230454937412006 0.394473228966496 0.336522490731605 1.17365283227187 0.559272475653115 0.296789177963655 0.566724047217227 0.00950417951173994 0.410457127437002 0.113041918503572 0.098178815107861 0.582528735591135 0.687613896273328 0.378966049685718 0.224306965723442 1.28370581479266 0.285221796829048 0.560225210192505 0.0914081780370976 0.118371013093502 0.476005545927405 -0.572521952698666 0.411351075330609 0.403687077659129 0.115385784313232 -0.1019765476201
"APETTS" 0.083117414657095 0.385373713666903 0.355554144919899 0.438387537089079 0.300429237894027 0.135160924095893 0.0875448610636083 0.20772364502848 0.241508437313943 0.553365710753938 -0.0620835724420046 0.154452834682404 0.3031370796237 0.522637173819863 -0.109187195076931 0.458964791672687 0.643534354638138 0.579751657525711 0.364676394506059 0.47216584104005 0.00293108278652311 0.245130502064262 0.0514139684324308 0.0577049862118608 0.213817271092923 0.838811811945019 0.170019482639371 -0.0402896174821119 0.285221796829048 0.616174845602607 0.471055255070994 0.118796120697498 0.109270608624725 0.499769864458827 -0.0477804541627734 0.469104064352125 0.63478021187844 0.0865051595339055 0.214543838439664
"BAEAM" 0.19772420805236 0.975590077115565 1.20289264384483 0.88715919629132 0.522602569636357 0.404491188604221 0.340815743146189 0.110188229782802 0.360839381435368 0.895371510018491 0.124333889292257 0.65249528028732 0.453152926678993 0.837954254160919 0.47084191047681 0.89884080149622 1.2392697517568 0.877994790340688 0.829578654145255 0.593943862380016 0.166557656355866 0.918326079948172 0.220041695643166 0.415451226336778 1.07092838243608 1.41435670332902 0.683392932045596 0.414971496522289 0.560225210192505 0.471055255070994 1.41887970972761 0.426031665513913 0.427802722930383 0.579602077187806 -0.391494689221124 0.440759743139464 0.732739124377245 -0.0311765349835926 0.108419721372575
"EAMZYGO" 0.0259151170086749 0.79226344331726 0.737689865710842 0.614433026504702 0.148754174181067 0.29678838069492 0.307385777385804 -0.204837424366143 -0.0219790117739482 0.145047342870679 -0.270685612627245 0.0656911204706108 0.11345316687288 0.227812807011462 0.365056910844362 0.366345549770693 0.36251753925586 0.548686348403712 0.233727918809223 0.208057760092628 0.352174285822367 0.419826249222747 -0.0583953241110907 0.496332974783362 -0.481381394454261 1.4321893977454 0.226304937482954 0.298568310835488 0.0914081780370976 0.118796120697498 0.426031665513913 1.93318213321083 0.0198728958047576 0.21214683750634 -0.093202505188727 -0.0500695650407444 0.0865332485246102 -0.0855089367993306 0.140370018923122
"ZYGOTSP" 0.139918447938647 1.12712015497841 1.63600908260372 1.36899413411845 1.40509010396564 0.70779087560254 1.06276731905825 0.204782084628313 1.35519269480941 1.19471345287015 0.535342385445061 0.91364911051356 -0.35158971987111 0.389746860204915 1.55086664338346 1.20429884374748 1.01036445360325 1.41069735751093 2.56979062559961 -1.53409970959639 0.562262469874777 1.56459052329648 1.23979675450507 0.0950062758128355 1.40622586690064 1.47778844062085 1.06651903639447 0.49196378894806 0.118371013093502 0.109270608624725 0.427802722930383 0.0198728958047576 3.96722063890286 0.179462791487936 -1.29996240953578 0.98845004754916 0.689894761855636 0.370408875507943 0.139167316625157
"LDAS" 0.0386429875465069 0.562400012984296 1.02936949331818 0.682142164171418 0.730440108034961 1.11423775774765 0.645031468889269 -0.0193692567282699 0.646804380131057 1.12227735898495 0.218406636747786 1.11278286543829 1.22843837408213 1.82640041887151 0.0357326263765735 1.17793447813665 1.55085292989966 1.43047646506244 0.355378817401599 0.572516482562296 0.4729708323246 0.545371794812037 0.644689167203053 0.437837766701208 0.368153935216832 0.683834349305206 -0.210542249456057 -0.210125586230538 0.476005545927405 0.499769864458827 0.579602077187806 0.21214683750634 0.179462791487936 3.42233113604364 0.370498053883924 3.13040104785123 1.518947601152 0.0653880143213164 0.91136094435811
"BRLD" -0.139113595283268 -1.14386296497255 -0.646388828752987 -0.586602495661484 -0.598344515374401 0.139057072087138 -0.222297950941494 -0.235495413594533 -0.740678599069936 -0.875491419247626 0.22879459309408 0.071834548789652 0.497318192082388 0.455983512038326 -0.99175229438642 -0.367055695745203 -0.312537304033155 0.0749343317235334 -1.07540992070852 0.382233935236069 -0.139507911141361 -0.461337237353278 -0.242793451138714 -0.0974257930432571 -0.0800469958715295 -1.55125689000323 -0.359053041474506 -0.00983766921377194 -0.572521952698666 -0.0477804541627734 -0.391494689221124 -0.093202505188727 -1.29996240953578 0.370498053883924 5.49725006289575 -0.251827411120957 1.13742290173822 -0.274308602864001 0.543324978501522
"OPILD" 0.113426508018536 0.354085913029028 1.50083057426241 0.954682405724288 1.13680232271803 1.36714681066648 0.286273057921664 -0.0431974922667175 1.02227927168653 2.18660921684302 0.39135458847211 1.12445233267618 1.5478119063712 2.30026589945193 0.316651577262625 1.37407030424493 1.83102605317023 1.76507930459034 0.958495073535569 0.29530890080702 0.352831860887639 0.829577870521938 1.22715366864239 0.429952530076784 0.884516758387069 0.961309694519384 0.0423275200451219 0.0618544081348321 0.411351075330609 0.469104064352125 0.440759743139464 -0.0500695650407444 0.98845004754916 3.13040104785123 -0.251827411120957 4.86266241566979 1.71786926867282 0.0301972266961187 -0.156849769719439
"PTAS" -0.0205010426276037 0.724919152558235 0.983747120876857 1.01239400869131 0.959414264692651 0.776214426595467 0.358212753171782 0.31658008158821 0.850389320968434 1.18862682348366 0.358429665151199 1.05117647646834 0.963216479222254 1.27901842951572 -0.668125643980112 1.09662114488964 1.85272991610021 2.43232444491377 1.27399811932835 0.852096937545606 0.23483419929136 1.18432196760189 0.759055011539967 0.306082252193291 0.695576184501555 1.0219903063589 0.412652727887673 0.132210058832651 0.403687077659129 0.63478021187844 0.732739124377245 0.0865332485246102 0.689894761855636 1.518947601152 1.13742290173822 1.71786926867282 3.05768015059636 0.0656830030966185 0.6295670683749
"JPAS" -0.135140401094222 0.334635619853169 -0.0804722786629459 0.0977140524680296 0.130081409452708 -0.0975232754186075 -0.0914526659845055 0.15166239689849 0.191122477264359 -0.124085616610287 -0.0818096860156493 -0.233027656746328 -0.291309794035366 -0.0544534921417652 0.123583957287558 0.0856299126059593 0.162237358738619 0.0790300626146894 0.285116081154742 -0.130375910421247 0.0128390961875365 -0.152281228438104 0.0491188871511695 -0.379051873943419 -0.163196949938031 0.275198398641176 -0.0507171350181855 -0.0604194497740995 0.115385784313232 0.0865051595339055 -0.0311765349835926 -0.0855089367993306 0.370408875507943 0.0653880143213164 -0.274308602864001 0.0301972266961187 0.0656830030966185 2.2144164681841 0.378435996654599
"BAOPI" -0.0752140520000449 0.457522412094653 -0.100055445124373 0.162196966780189 0.166739723658479 0.220209282017647 0.294529144523882 0.175690274848423 0.350554773448365 -0.0148328156050938 0.0783354578397771 0.236853517419204 0.144083410977143 0.391749771704295 -0.159756853149698 0.179585379890563 0.0769133247462693 0.295072864691625 -0.0326257659561493 0.018428535664628 0.1821910487537 -0.153539734417266 0.0538053724123617 -0.0275410285942165 -0.492025551929371 0.14818246967383 -0.36652809150642 -0.194144042508819 -0.1019765476201 0.214543838439664 0.108419721372575 0.140370018923122 0.139167316625157 0.91136094435811 0.543324978501522 -0.156849769719439 0.6295670683749 0.378435996654599 1.62316337423702
