"" "ISPM" "ISNSL" "ISPNS" "PMZS" "PMZI" "PMMT" "NSLNA" "NSLZS" "NSLZI" "NABR" "NAFM" "NAPNS" "BRPT" "BRAPET" "PTFM" "PTAPET" "PTBA" "PTEAM" "PTZYGO" "PTTSP" "FMZS" "FMMT" "ZSZI" "ZIMT" "ZIZYGO" "ZITSP" "MTPNS" "PNSAPET" "APETBA" "APETTS" "BAEAM" "EAMZYGO" "ZYGOTSP" "LDAS" "BRLD" "OPILD" "PTAS" "JPAS" "BAOPI"
"ISPM" 0.701822737556381 1.66975183912731 2.23545225744793 1.18410258243866 1.01601238010683 0.79316334736775 0.206096821789717 0.406596115145066 0.584561319348849 0.286241346164904 0.36453049756032 0.747472558581739 0.247882556754296 0.50913076401831 0.614105226214323 0.102452663655344 0.389676183379901 0.432392624697327 0.369821339205759 0.294365614141636 -0.059776910466076 1.0179957851582 0.326133629704329 0.280330240214701 0.786874245441025 0.325492942080522 0.853480301108347 0.40266746718967 0.284324156674378 -0.00491194229991516 0.827271744524084 0.455461457320264 0.413377794549512 0.0364408846195655 0.670124361723549 0.224949183744241 0.291515275796234 -0.00495905166977709 0.0687600677399256
"ISNSL" 1.66975183912731 8.59313773853897 7.28892433459954 5.4340708002057 4.16832758311423 2.44454941265684 0.793224335806125 0.741945669958285 1.70755023986741 1.76852544003371 1.19488732576869 1.49742161728535 0.997978308140314 1.10771301752912 2.15957793893841 0.158502526702415 0.397013142608779 1.08807532102711 1.77260553997475 1.20327081107014 1.05437875808613 3.8946690697203 0.834101182163545 0.946357563425014 3.77320924507538 2.33231276659653 3.54842476073155 2.32862703406263 0.114660419587783 0.249733782159002 2.16425827083306 1.5047765586482 1.85513862712339 0.123073408183188 1.89023521630124 0.235436679466488 -0.000131061563757224 -0.3665451131735 0.442146958546776
"ISPNS" 2.23545225744793 7.28892433459954 12.2833837725794 6.39419959473872 5.58475138994914 5.09868535020198 0.588710869851317 1.72002384263375 2.15694535207856 1.23358745051822 1.79252434067164 4.37495132073313 -0.320679705792903 2.45845855879753 5.31233012929804 2.07658370506271 2.71632237868456 2.7552546614968 3.09156985448488 2.72948423634035 0.160640385001372 5.42161243809009 1.63368650614811 1.90873211444181 5.28602367050221 2.32944456462661 4.22355692042966 1.53658893920738 1.81912395260125 0.363523720378177 4.52209419557918 2.74321866513033 2.55666107463929 1.12409988686418 3.89064819852431 1.14811614522769 0.614996264239981 -0.193120605194944 0.34203918301431
"PMZS" 1.18410258243866 5.4340708002057 6.39419959473872 6.47497101417465 4.75056079972848 3.2024728808112 2.04111904144987 2.49014915383897 1.96687560273061 0.10221107973646 1.31860697417038 1.95369974991051 -0.654296169240375 0.228966446179827 2.63878397332607 0.576605105012196 0.699863903396455 1.43404810161666 1.51219666361691 1.54805519838146 -0.39584705668295 3.34535913595379 0.878247574144727 0.785313034935052 3.03341422599995 1.32367586727334 2.54019927947611 2.44854402165321 0.622096063276017 0.162400955748453 1.89548780458673 1.81310163571329 1.67882126950375 0.525955097443829 2.10187065076401 0.427797582191164 -0.272514894444224 0.275465039376231 0.0411987965387772
"PMZI" 1.01601238010683 4.16832758311423 5.58475138994914 4.75056079972848 4.44387454543619 2.90465137234289 1.13250929850039 1.82118614212535 2.21519861039805 0.4658369793438 1.17764534098836 1.72054275855663 -0.766021906666785 0.36585113066794 2.63104370784695 0.949971997573828 0.977937139815025 1.62909203320772 1.52858916227483 1.25118748260285 -0.31009014965201 2.59462582327934 1.2138171372498 0.522801044320598 1.7349877779542 0.851762127205464 2.21434360013776 1.67146396274359 0.609417041993103 0.229192876634529 1.84308131332611 1.45825156247828 1.43785415276032 0.562230767723786 2.08390921483254 0.0945607923469983 0.206479479798215 0.3496536559179 0.334753942753109
"PMMT" 0.79316334736775 2.44454941265684 5.09868535020198 3.2024728808112 2.90465137234289 3.2655800335794 0.502131777084707 1.39779754671461 1.19821443598413 0.108520448644231 0.688609487336116 2.07597838142573 -0.792771392528049 0.656420598883891 2.51077772335673 1.19748768218729 1.51401369938674 1.75926143097657 1.3579954392159 1.69930422892091 -0.485910456949485 2.0911741660287 0.68163590948388 0.992848090052545 1.87532674310708 0.448883402587032 1.26461126471569 1.19132682094007 0.945222249914301 0.230895529474301 2.11857544416805 1.72330594203354 0.938021445022001 0.707806379899057 1.76930758635583 0.43013476653667 0.950431584463655 0.306889614740095 0.141098319793586
"NSLNA" 0.206096821789717 0.793224335806125 0.588710869851317 2.04111904144987 1.13250929850039 0.502131777084707 4.17187182713106 1.16786694965215 1.0025470896883 -1.23653030988673 0.0235561873054351 0.360879411927939 -0.39853859893299 -0.584962492182103 -0.342980213981913 -0.412452149075663 0.0137605044379107 0.975387337264425 0.75183642121997 0.349336791909387 0.475779692100565 1.03229039749934 0.64548524381973 0.159925615159231 0.824910914591912 0.483230437567257 0.13354480673863 0.577590506364964 0.111344541405549 0.274807089964648 0.0142793223743575 -0.100181836423283 1.07423240257005 -0.1651891217921 0.953134692663444 0.11907183385541 0.26731567831613 0.26545835684767 -0.0249998280769019
"NSLZS" 0.406596115145066 0.741945669958285 1.72002384263375 2.49014915383897 1.82118614212535 1.39779754671461 1.16786694965215 3.14743427719503 1.55810740154258 -0.908092737165775 1.28935137756632 1.33636326413949 -0.154176685777601 -0.117108420573605 0.116863695234052 -0.434680667431669 -0.105508672304135 0.353099896067449 -0.18006998283475 -0.373470667277138 -1.43578885390844 0.688816413623139 -0.188384145445292 -0.234358249477957 0.551382296292187 0.0169897257083715 0.63768068162961 1.03951572450804 0.204077928209826 -0.0976825730454206 0.47701769319941 0.527668833423671 0.304017457733513 0.297299761771161 1.21381225415611 0.813229706912265 0.119326936167877 0.542248640880358 -0.433914775867197
"NSLZI" 0.584561319348849 1.70755023986741 2.15694535207856 1.96687560273061 2.21519861039805 1.19821443598413 1.0025470896883 1.55810740154258 2.54386600773036 1.08303499084987 1.0905379264205 1.25934715197099 -0.0894417467386597 0.293844966353601 0.990154325218275 0.493409442707443 0.585720937728784 1.2291756433642 1.46294584322852 0.217535357767571 -0.227095447567133 1.12405030667187 1.24150525462268 0.1435162745511 0.191000738243726 0.693123961188528 1.30519440491066 0.512848104439371 0.177522363575736 -0.0179791370613958 0.331547717382409 0.655724140743166 1.49770789025478 0.436140323480955 1.17877900563839 0.617655186146759 0.410747304253579 0.246465433380923 0.132030212706768
"NABR" 0.286241346164904 1.76852544003371 1.23358745051822 0.10221107973646 0.4658369793438 0.108520448644231 -1.23653030988673 -0.908092737165775 1.08303499084987 6.45431078755275 0.873811740284623 1.79087785812 2.42567998371717 2.94125956709463 2.18165709167264 2.42213560422849 1.89237433259045 1.55993885432072 2.50730630750699 0.847640915773473 1.31210278627545 1.99962815713644 0.995259795049274 1.06958090291017 0.635637610892804 1.34875802873571 1.20475611356175 0.252981663957086 -0.458637733419614 0.155880966735935 0.181122402865927 1.35361419052049 2.50728530033751 1.13689349400678 0.311613700213256 1.13259029315419 0.597213804423923 -0.344925085519857 0.653008365510052
"NAFM" 0.36453049756032 1.19488732576869 1.79252434067164 1.31860697417038 1.17764534098836 0.688609487336116 0.0235561873054351 1.28935137756632 1.0905379264205 0.873811740284623 1.70003823186809 1.43392846425239 0.963806250442394 0.929413485842257 0.539700570976479 -0.0968207180626485 0.0684245492684405 0.314917272570011 0.593579540041474 -0.410786310155623 0.0141184437301027 1.30253048910914 0.281751048564702 0.251592952995818 1.01862222245976 0.890112271505611 1.21450105453584 0.592674287257448 0.0775899288987475 0.0490982806091431 0.619705865315815 0.822207375787149 1.02525707225672 0.376093525462146 1.5356833700339 0.827797151385842 0.235054390177327 0.123094819593377 0.100882548278298
"NAPNS" 0.747472558581739 1.49742161728535 4.37495132073313 1.95369974991051 1.72054275855663 2.07597838142573 0.360879411927939 1.33636326413949 1.25934715197099 1.79087785812 1.43392846425239 3.97483619391952 1.08848041256357 2.2999936990286 2.07440824060103 1.44424017072242 2.03828845979067 1.50070453368336 1.61323560128521 0.826351413516072 -0.0963761620843172 2.89105237546041 0.879288384947214 0.854914591449017 1.56011454176331 0.894987491972468 1.31738670658815 0.4082460823097 0.967319019518517 0.337038171751416 2.07910283091117 1.79945018309835 1.69770928202207 1.32864678084613 1.60579181766597 1.87225073745522 0.722729390136193 -0.276604076064368 -0.126805960146224
"BRPT" 0.247882556754296 0.997978308140314 -0.320679705792903 -0.654296169240375 -0.766021906666785 -0.792771392528049 -0.39853859893299 -0.154176685777601 -0.0894417467386597 2.42567998371717 0.963806250442394 1.08848041256357 4.66347907982476 2.71693980092638 -1.52078695222795 -1.28341173741498 -0.586271449718803 -0.971380870379109 -1.5980170271694 -2.45638769259148 0.674610406261443 0.81928140414919 -0.494618868863293 0.353031890634644 0.178186188635386 1.27638655896027 0.185610369040891 0.487860825151448 -0.543816009252819 0.286712443644927 0.130438421170653 0.758498890287183 -0.171745143239788 0.0806398171407241 0.846681214481815 1.30602428996334 0.572570905232309 -0.486188514698285 0.276356011145142
"BRAPET" 0.50913076401831 1.10771301752912 2.45845855879753 0.228966446179827 0.36585113066794 0.656420598883891 -0.584962492182103 -0.117108420573605 0.293844966353601 2.94125956709463 0.929413485842257 2.2999936990286 2.71693980092638 4.18157177489011 1.59384680988421 1.34468361447302 1.56055531900327 0.443023848514117 0.795307355898454 0.428079431123603 0.743699067657523 1.95635181361065 0.298370149612897 0.791038734919834 1.2733235912061 0.580360278612168 0.702117476520931 -0.159455318713296 0.488497674282492 0.490108005484387 1.38809211023624 0.734405463414366 1.34807652896253 0.946369776165852 1.63654365410431 1.96979269714666 0.0677989698378409 -0.438751674210536 0.108100770323418
"PTFM" 0.614105226214323 2.15957793893841 5.31233012929804 2.63878397332607 2.63104370784695 2.51077772335673 -0.342980213981913 0.116863695234052 0.990154325218275 2.18165709167264 0.539700570976479 2.07440824060103 -1.52078695222795 1.59384680988421 6.29392537725225 3.33069219850735 2.65962999013071 1.50720725280208 3.20576415763372 4.09116420135475 0.396010301899252 3.12291398313194 1.4073091106027 1.26420490969553 2.7654918516552 0.238061761657608 1.79274169827048 0.427355929091523 1.41198419022888 0.131579667213549 2.22638035772279 0.926457017377052 2.48578438263912 1.30804972009744 2.12716427002425 0.704948615469681 -1.21347350273056 0.198801214011021 0.275314402645306
"PTAPET" 0.102452663655344 0.158502526702415 2.07658370506271 0.576605105012196 0.949971997573828 1.19748768218729 -0.412452149075663 -0.434680667431669 0.493409442707443 2.42213560422849 -0.0968207180626485 1.44424017072242 -1.28341173741498 1.34468361447302 3.33069219850735 3.95694184065001 3.08466033862722 2.21738955166237 3.30832087700288 3.06213820488619 0.543415187928573 1.82892429546954 0.99315281613986 0.930914809723917 0.595004685155266 -0.632339047362336 0.569614305146603 -0.0505097283617856 0.352696339605387 0.142816487724268 0.951570544113981 0.685279278117478 2.34043284814589 1.31803476909334 0.29925600552308 0.482576612600334 0.193123764631423 0.310009229645161 0.0433095927706397
"PTBA" 0.389676183379901 0.397013142608779 2.71632237868456 0.699863903396455 0.977937139815025 1.51401369938674 0.0137605044379107 -0.105508672304135 0.585720937728784 1.89237433259045 0.0684245492684405 2.03828845979067 -0.586271449718803 1.56055531900327 2.65962999013071 3.08466033862722 3.76208473357476 2.65695632892408 2.96729090166355 2.44751678816339 0.36736683732276 2.16806914750548 1.04164230618855 0.769446211187657 1.15556142413714 -0.35018885217772 0.716037245890052 0.427796388336676 1.32278073890723 0.222203217953987 1.75980710938495 0.988211662822853 2.01409923715351 0.990648705583207 1.01650231960568 0.921647935014419 1.5742203826869 0.624186200788089 -0.121404226966744
"PTEAM" 0.432392624697327 1.08807532102711 2.7552546614968 1.43404810161666 1.62909203320772 1.75926143097657 0.975387337264425 0.353099896067449 1.2291756433642 1.55993885432072 0.314917272570011 1.50070453368336 -0.971380870379109 0.443023848514117 1.50720725280208 2.21738955166237 2.65695632892408 3.73911152853279 3.49980435329907 1.80509554666759 0.251329266993789 1.68740218173492 1.26509299374183 0.730981704719628 0.874697315210775 0.475288111889868 0.991853362148268 0.304420122809581 0.699911288839072 0.260365079834644 1.16650066153553 1.30385688572281 2.26176943633431 0.88230606640822 1.55079352565708 0.442451909969793 2.62247814920822 0.459927615522359 0.202731670927811
"PTZYGO" 0.369821339205759 1.77260553997475 3.09156985448488 1.51219666361691 1.52858916227483 1.3579954392159 0.75183642121997 -0.18006998283475 1.46294584322852 2.50730630750699 0.593579540041474 1.61323560128521 -1.5980170271694 0.795307355898454 3.20576415763372 3.30832087700288 2.96729090166355 3.49980435329907 5.50440998633935 3.22074735210244 1.10063163076986 2.41005410065946 1.7620150550558 0.935481585988303 1.69556723169376 0.816348947837777 1.69922095998923 -0.109096538542489 0.64287909765057 -0.0591843899133682 0.891580808556038 0.928109025535389 4.08262258265432 1.39682153243901 1.59982643171499 0.676453416618479 1.18129509378664 0.398458436887088 0.271784364831007
"PTTSP" 0.294365614141636 1.20327081107014 2.72948423634035 1.54805519838146 1.25118748260285 1.69930422892091 0.349336791909387 -0.373470667277138 0.217535357767571 0.847640915773473 -0.410786310155623 0.826351413516072 -2.45638769259148 0.428079431123603 4.09116420135475 3.06213820488619 2.44751678816339 1.80509554666759 3.22074735210244 6.05084346928335 0.24964146296793 1.75158354413528 1.00328523195003 0.915663464238177 2.16140807886583 -2.01862063971467 0.740159345307306 0.274457603908873 0.915564547479435 0.0289808269147934 1.84863348552719 -0.0995414582536838 1.66598136909729 0.724819647496363 1.04972326056524 -0.185391518151035 -0.286663974159741 0.0524497880984155 0.162021273203154
"FMZS" -0.059776910466076 1.05437875808613 0.160640385001372 -0.39584705668295 -0.31009014965201 -0.485910456949485 0.475779692100565 -1.43578885390844 -0.227095447567133 1.31210278627545 0.0141184437301027 -0.0963761620843172 0.674610406261443 0.743699067657523 0.396010301899252 0.543415187928573 0.36736683732276 0.251329266993789 1.10063163076986 0.24964146296793 2.0131156298426 1.11801459084262 0.454958660818864 0.47302865111137 1.00490215340393 1.14502750135718 0.508015436148442 -0.11955277419657 -0.114555169113271 0.339165581945128 0.0125003866991326 0.0155658640839792 1.07538838472079 -0.0378402497873092 -0.0344308446464755 -0.0552171886915217 -0.022361175604852 -0.114539738329863 0.324843466541104
"FMMT" 1.0179957851582 3.8946690697203 5.42161243809009 3.34535913595379 2.59462582327934 2.0911741660287 1.03229039749934 0.688816413623139 1.12405030667187 1.99962815713644 1.30253048910914 2.89105237546041 0.81928140414919 1.95635181361065 3.12291398313194 1.82892429546954 2.16806914750548 1.68740218173492 2.41005410065946 1.75158354413528 1.11801459084262 4.85218511930181 1.20997581872021 1.51628318191494 3.16171611075865 1.47061066864229 2.50886843202493 1.57352388279639 0.918516164627301 0.356639392822734 2.6048670226551 1.80219956864208 2.33200916959232 0.984437771400952 2.08184976338011 1.29911142331294 0.432443154445916 0.00951316602986219 0.0306937713479362
"ZSZI" 0.326133629704329 0.834101182163545 1.63368650614811 0.878247574144727 1.2138171372498 0.68163590948388 0.64548524381973 -0.188384145445292 1.24150525462268 0.995259795049274 0.281751048564702 0.879288384947214 -0.494618868863293 0.298370149612897 1.4073091106027 0.99315281613986 1.04164230618855 1.26509299374183 1.7620150550558 1.00328523195003 0.454958660818864 1.20997581872021 1.53063792981789 0.271800496746459 0.156679238147912 0.570236076358727 0.850969300736515 -0.0389216331189721 0.562016541952943 0.118027049372142 0.595138381217474 0.578429881156347 1.34554819066592 0.567383947046532 0.8149001932611 0.477889876536045 0.478721607620336 0.00351672942908893 0.208398673882375
"ZIMT" 0.280330240214701 0.946357563425014 1.90873211444181 0.785313034935052 0.522801044320598 0.992848090052545 0.159925615159231 -0.234358249477957 0.1435162745511 1.06958090291017 0.251592952995818 0.854914591449017 0.353031890634644 0.791038734919834 1.26420490969553 0.930914809723917 0.769446211187657 0.730981704719628 0.935481585988303 0.915663464238177 0.47302865111137 1.51628318191494 0.271800496746459 1.50951546146404 1.30658647144974 0.521661010343353 0.568171233568676 0.450376321843646 -0.0180631010845617 0.0503492954303313 0.744053127618574 0.998596307003235 0.767075518416697 0.107047185265148 0.96420583556358 0.0907871826185664 0.374738605071612 -0.235454479170685 0.236330159211981
"ZIZYGO" 0.786874245441025 3.77320924507538 5.28602367050221 3.03341422599995 1.7349877779542 1.87532674310708 0.824910914591912 0.551382296292187 0.191000738243726 0.635637610892804 1.01862222245976 1.56011454176331 0.178186188635386 1.2733235912061 2.7654918516552 0.595004685155266 1.15556142413714 0.874697315210775 1.69556723169376 2.16140807886583 1.00490215340393 3.16171611075865 0.156679238147912 1.30658647144974 5.32168115312464 1.24722733778892 2.34519882351585 1.31174551851011 0.751172400079759 0.0668686959165906 2.21305400686794 0.261915617074605 1.63652934232538 -0.0738754496137364 1.99393979488962 0.584489067337994 -0.443425781792723 -0.184399602285863 0.0322264798730921
"ZITSP" 0.325492942080522 2.33231276659653 2.32944456462661 1.32367586727334 0.851762127205464 0.448883402587032 0.483230437567257 0.0169897257083715 0.693123961188528 1.34875802873571 0.890112271505611 0.894987491972468 1.27638655896027 0.580360278612168 0.238061761657608 -0.632339047362336 -0.35018885217772 0.475288111889868 0.816348947837777 -2.01862063971467 1.14502750135718 1.47061066864229 0.570236076358727 0.521661010343353 1.24722733778892 4.44412366083564 1.16072457753535 0.21584809776474 0.242191455433716 0.168408474872874 -0.294299697019068 1.43504575551579 1.01615385909908 0.22548445082104 0.686912053373236 0.785690341605204 0.385755991167512 -0.379219261264443 0.205159206344315
"MTPNS" 0.853480301108347 3.54842476073155 4.22355692042966 2.54019927947611 2.21434360013776 1.26461126471569 0.13354480673863 0.63768068162961 1.30519440491066 1.20475611356175 1.21450105453584 1.31738670658815 0.185610369040891 0.702117476520931 1.79274169827048 0.569614305146603 0.716037245890052 0.991853362148268 1.69922095998923 0.740159345307306 0.508015436148442 2.50886843202493 0.850969300736515 0.568171233568676 2.34519882351585 1.16072457753535 2.59989824614142 0.767228165027913 0.38232195977921 0.0231213898563809 1.53631248609104 0.774986642231373 1.649464163016 0.285915082433471 1.27260924120916 0.382575845491403 -0.121084754246805 0.0664287920173746 0.139882901641579
"PNSAPET" 0.40266746718967 2.32862703406263 1.53658893920738 2.44854402165321 1.67146396274359 1.19132682094007 0.577590506364964 1.03951572450804 0.512848104439371 0.252981663957086 0.592674287257448 0.4082460823097 0.487860825151448 -0.159455318713296 0.427355929091523 -0.0505097283617856 0.427796388336676 0.304420122809581 -0.109096538542489 0.274457603908873 -0.11955277419657 1.57352388279639 -0.0389216331189721 0.450376321843646 1.31174551851011 0.21584809776474 0.767228165027913 2.63897979004497 -0.077596914369623 -0.00378020761083683 0.941853089299632 0.971995355840064 0.245618688304882 -0.22625632774949 0.715111302828251 -0.0502244708440911 0.668565144564816 0.491354789431609 -0.0839818703426154
"APETBA" 0.284324156674378 0.114660419587783 1.81912395260125 0.622096063276017 0.609417041993103 0.945222249914301 0.111344541405549 0.204077928209826 0.177522363575736 -0.458637733419614 0.0775899288987475 0.967319019518517 -0.543816009252819 0.488497674282492 1.41198419022888 0.352696339605387 1.32278073890723 0.699911288839072 0.64287909765057 0.915564547479435 -0.114555169113271 0.918516164627301 0.562016541952943 -0.0180631010845617 0.751172400079759 0.242191455433716 0.38232195977921 -0.077596914369623 1.79024477011002 0.245393056029133 1.26544818424782 0.550526155343406 0.205948521218522 0.299582305475287 0.804120513097421 0.654358765914933 0.570544385653374 0.291318867816405 -0.285665235609212
"APETTS" -0.00491194229991516 0.249733782159002 0.363523720378177 0.162400955748453 0.229192876634529 0.230895529474301 0.274807089964648 -0.0976825730454206 -0.0179791370613958 0.155880966735935 0.0490982806091431 0.337038171751416 0.286712443644927 0.490108005484387 0.131579667213549 0.142816487724268 0.222203217953987 0.260365079834644 -0.0591843899133682 0.0289808269147934 0.339165581945128 0.356639392822734 0.118027049372142 0.0503492954303313 0.0668686959165906 0.168408474872874 0.0231213898563809 -0.00378020761083683 0.245393056029133 0.642917918601286 0.519584289324695 0.151111609580701 0.0469391480274134 0.110696612394026 0.34297575507851 0.339304368644816 0.229884163341094 -0.0919408312143275 -0.0498540394494643
"BAEAM" 0.827271744524084 2.16425827083306 4.52209419557918 1.89548780458673 1.84308131332611 2.11857544416805 0.0142793223743575 0.47701769319941 0.331547717382409 0.181122402865927 0.619705865315815 2.07910283091117 0.130438421170653 1.38809211023624 2.22638035772279 0.951570544113981 1.75980710938495 1.16650066153553 0.891580808556038 1.84863348552719 0.0125003866991326 2.6048670226551 0.595138381217474 0.744053127618574 2.21305400686794 -0.294299697019068 1.53631248609104 0.941853089299632 1.26544818424782 0.519584289324695 3.27925650938372 0.944127581610824 0.597561068358518 0.391737455662904 1.96303476083282 0.556414608741226 0.810693019315058 0.182755136706289 -0.0618503426246684
"EAMZYGO" 0.455461457320264 1.5047765586482 2.74321866513033 1.81310163571329 1.45825156247828 1.72330594203354 -0.100181836423283 0.527668833423671 0.655724140743166 1.35361419052049 0.822207375787149 1.79945018309835 0.758498890287183 0.734405463414366 0.926457017377052 0.685279278117478 0.988211662822853 1.30385688572281 0.928109025535389 -0.0995414582536838 0.0155658640839792 1.80219956864208 0.578429881156347 0.998596307003235 0.261915617074605 1.43504575551579 0.774986642231373 0.971995355840064 0.550526155343406 0.151111609580701 0.944127581610824 3.03204054927558 0.794778556572491 0.658229283420273 1.26495956558589 0.391776107663318 1.60795292922261 0.272452807061834 0.192574751044457
"ZYGOTSP" 0.413377794549512 1.85513862712339 2.55666107463929 1.67882126950375 1.43785415276032 0.938021445022001 1.07423240257005 0.304017457733513 1.49770789025478 2.50728530033751 1.02525707225672 1.69770928202207 -0.171745143239788 1.34807652896253 2.48578438263912 2.34043284814589 2.01409923715351 2.26176943633431 4.08262258265432 1.66598136909729 1.07538838472079 2.33200916959232 1.34554819066592 0.767075518416697 1.63652934232538 1.01615385909908 1.649464163016 0.245618688304882 0.205948521218522 0.0469391480274134 0.597561068358518 0.794778556572491 4.04848962427985 1.21221031958868 1.60809799239702 1.1200291253568 0.18384165216075 0.260980304680735 0.141469918347862
"LDAS" 0.0364408846195655 0.123073408183188 1.12409988686418 0.525955097443829 0.562230767723786 0.707806379899057 -0.1651891217921 0.297299761771161 0.436140323480955 1.13689349400678 0.376093525462146 1.32864678084613 0.0806398171407241 0.946369776165852 1.30804972009744 1.31803476909334 0.990648705583207 0.88230606640822 1.39682153243901 0.724819647496363 -0.0378402497873092 0.984437771400952 0.567383947046532 0.107047185265148 -0.0738754496137364 0.22548445082104 0.285915082433471 -0.22625632774949 0.299582305475287 0.110696612394026 0.391737455662904 0.658229283420273 1.21221031958868 1.56431491414178 0.661335103499672 1.11149288727879 0.183071992608158 0.295921788830296 0.0339838994923463
"BRLD" 0.670124361723549 1.89023521630124 3.89064819852431 2.10187065076401 2.08390921483254 1.76930758635583 0.953134692663444 1.21381225415611 1.17877900563839 0.311613700213256 1.5356833700339 1.60579181766597 0.846681214481815 1.63654365410431 2.12716427002425 0.29925600552308 1.01650231960568 1.55079352565708 1.59982643171499 1.04972326056524 -0.0344308446464755 2.08184976338011 0.8149001932611 0.96420583556358 1.99393979488962 0.686912053373236 1.27260924120916 0.715111302828251 0.804120513097421 0.34297575507851 1.96303476083282 1.26495956558589 1.60809799239702 0.661335103499672 6.2725999274085 1.07636475682216 1.58710855498552 0.560595228219906 0.444017575687454
"OPILD" 0.224949183744241 0.235436679466488 1.14811614522769 0.427797582191164 0.0945607923469983 0.43013476653667 0.11907183385541 0.813229706912265 0.617655186146759 1.13259029315419 0.827797151385842 1.87225073745522 1.30602428996334 1.96979269714666 0.704948615469681 0.482576612600334 0.921647935014419 0.442451909969793 0.676453416618479 -0.185391518151035 -0.0552171886915217 1.29911142331294 0.477889876536045 0.0907871826185664 0.584489067337994 0.785690341605204 0.382575845491403 -0.0502244708440911 0.654358765914933 0.339304368644816 0.556414608741226 0.391776107663318 1.1200291253568 1.11149288727879 1.07636475682216 2.70958418004587 0.215213259841719 -0.264087308217582 -0.575049400421255
"PTAS" 0.291515275796234 -0.000131061563757224 0.614996264239981 -0.272514894444224 0.206479479798215 0.950431584463655 0.26731567831613 0.119326936167877 0.410747304253579 0.597213804423923 0.235054390177327 0.722729390136193 0.572570905232309 0.0677989698378409 -1.21347350273056 0.193123764631423 1.5742203826869 2.62247814920822 1.18129509378664 -0.286663974159741 -0.022361175604852 0.432443154445916 0.478721607620336 0.374738605071612 -0.443425781792723 0.385755991167512 -0.121084754246805 0.668565144564816 0.570544385653374 0.229884163341094 0.810693019315058 1.60795292922261 0.18384165216075 0.183071992608158 1.58710855498552 0.215213259841719 4.6056566789917 0.659931317218103 0.252788776372694
"JPAS" -0.00495905166977709 -0.3665451131735 -0.193120605194944 0.275465039376231 0.3496536559179 0.306889614740095 0.26545835684767 0.542248640880358 0.246465433380923 -0.344925085519857 0.123094819593377 -0.276604076064368 -0.486188514698285 -0.438751674210536 0.198801214011021 0.310009229645161 0.624186200788089 0.459927615522359 0.398458436887088 0.0524497880984155 -0.114539738329863 0.00951316602986219 0.00351672942908893 -0.235454479170685 -0.184399602285863 -0.379219261264443 0.0664287920173746 0.491354789431609 0.291318867816405 -0.0919408312143275 0.182755136706289 0.272452807061834 0.260980304680735 0.295921788830296 0.560595228219906 -0.264087308217582 0.659931317218103 2.54690748118392 0.0893521040131296
"BAOPI" 0.0687600677399256 0.442146958546776 0.34203918301431 0.0411987965387772 0.334753942753109 0.141098319793586 -0.0249998280769019 -0.433914775867197 0.132030212706768 0.653008365510052 0.100882548278298 -0.126805960146224 0.276356011145142 0.108100770323418 0.275314402645306 0.0433095927706397 -0.121404226966744 0.202731670927811 0.271784364831007 0.162021273203154 0.324843466541104 0.0306937713479362 0.208398673882375 0.236330159211981 0.0322264798730921 0.205159206344315 0.139882901641579 -0.0839818703426154 -0.285665235609212 -0.0498540394494643 -0.0618503426246684 0.192574751044457 0.141469918347862 0.0339838994923463 0.444017575687454 -0.575049400421255 0.252788776372694 0.0893521040131296 0.742428548661189
