"" "ISPM" "ISNSL" "ISPNS" "PMZS" "PMZI" "PMMT" "NSLNA" "NSLZS" "NSLZI" "NABR" "NAFM" "NAPNS" "BRPT" "BRAPET" "PTFM" "PTAPET" "PTBA" "PTEAM" "PTZYGO" "PTTSP" "FMZS" "FMMT" "ZSZI" "ZIMT" "ZIZYGO" "ZITSP" "MTPNS" "PNSAPET" "APETBA" "APETTS" "BAEAM" "EAMZYGO" "ZYGOTSP" "LDAS" "BRLD" "OPILD" "PTAS" "JPAS" "BAOPI"
"ISPM" 0.457365204595491 1.19652520157883 1.52136138049152 1.51883527036603 0.924124940903322 1.06891883100642 0.207934281293828 1.08502193881699 0.43031927529696 0.484375193426741 0.654451873507515 0.549673351681469 -0.138066768652618 0.382306746072878 0.670870150204993 0.854342181268608 1.1413950712793 0.700813402078813 0.605846426903207 0.0406582861928868 -0.401387683363476 0.66246397340612 -0.089915718125274 0.345182830000653 0.346458570502874 0.917590150203935 0.220412234995176 0.440917577061081 0.471937458594403 0.582792626709364 0.653586050259858 0.980878321036216 0.794876843309916 -0.194342295083161 1.58293700884242 -0.352060175652676 0.175974569334494 -0.0929907419610557 -0.147254614043411
"ISNSL" 1.19652520157883 4.23725606247834 3.90777199170737 4.12382307553431 2.16532750364438 2.48648942398471 0.570285758783985 2.693108844443 1.02228355336931 1.70057081765348 1.3907940969519 1.14852644032611 0.518269711235983 1.03264360866757 1.31399507774961 1.88230017128257 3.16441820223953 2.30714903297396 1.76990048440876 0.548906629980236 -1.09958444067959 1.88040801198672 -0.602890809335547 0.962019460794421 0.745673621293174 2.74907350961113 1.09372009542392 1.59888676427492 1.47773776123593 1.63758386805935 1.96020360917737 3.85856148762476 2.08305872955652 -1.07203839245789 2.90610406924067 -1.42377211210645 1.39326593135044 -0.195779027242719 -0.941566820735819
"ISPNS" 1.52136138049152 3.90777199170737 6.04333280376372 4.93298169728728 2.92583217032823 4.59009120150841 0.973188078283285 3.65966071198924 1.76306812652142 2.36942115992264 3.16633390595481 3.01000409879818 -0.619865818018713 1.7715584523795 3.37624679698947 3.6523625775689 4.56479966291753 2.33414643963481 3.33354062621056 -0.430501930536582 -0.908562968949084 2.29112929796718 0.0979458276184545 2.04565094700601 1.72198455228079 4.81354801444614 0.566802107267759 0.933722760094892 2.09733661625282 2.11765891850665 2.70353884586532 3.55690397012339 4.15316176859806 -0.617366268994812 6.61245907482771 -1.26585809381538 0.22657134760171 1.42451152220051 -0.897572034676655
"PMZS" 1.51883527036603 4.12382307553431 4.93298169728728 6.59801072393465 4.40571110237997 4.43247240181734 0.965738624334444 4.9035026511775 2.24829253144995 0.725841894587633 2.92035734341503 1.86691002983759 -1.24830298141307 1.49150409618281 1.33568247790548 2.91390125078141 4.24032738840339 3.03013435816308 2.97329849004229 -0.503405995654561 -1.86951214322416 2.53964305489009 -0.279519621628986 1.48817503815792 1.32455423323851 3.18496664340541 1.01566502711274 1.85445891236833 2.28891270563477 2.22352520292659 2.37281574367443 2.53367134622093 3.18457069235541 -0.522922565844808 6.38862676098611 -0.479158162795622 1.14480169101365 -0.165033146125116 -0.185961541840587
"PMZI" 0.924124940903322 2.16532750364438 2.92583217032823 4.40571110237997 3.28314309434386 2.96504901852293 0.450995268679703 3.58434162456846 1.95477367409161 0.354781302644926 1.92047527318 1.33882214670117 -1.08183788735721 1.00998056554384 0.686742864812515 1.88173227830083 2.58343805369908 1.79725631517947 1.83546757113784 -0.683477285695657 -1.54195121366324 1.64817644963477 0.0678666517787629 0.867393968955916 0.697902963318086 1.71484081425078 0.636751900903396 1.04991529232054 1.43088475415347 1.34403825818858 1.54961270205539 0.91374351901783 1.94303936146315 0.133768642094655 4.1925824307436 0.112299838106301 0.596212833501553 -0.0636190448674759 0.396615064353271
"PMMT" 1.06891883100642 2.48648942398471 4.59009120150841 4.43247240181734 2.96504901852293 4.59410401258447 1.04535951664296 3.57049516129365 1.92018151537889 1.56102809047697 3.20282162722872 2.76284454038763 -1.29308151258268 1.55359304868486 2.10191308139747 3.23654081365565 4.06756015730297 2.62929047304989 3.71409825563144 -0.900170364956874 -0.764178616312509 1.85540266898394 0.200740205505912 2.32263035326151 1.74351519167099 4.51072364217196 0.211911360338951 0.720418088515064 2.09257174897369 1.92550009061818 2.28372597368964 2.00879029656328 3.98824465042907 -0.144565773723584 5.80778089945833 0.030357328708163 0.694085533050341 2.16330673018196 -0.555381201709829
"NSLNA" 0.207934281293828 0.570285758783985 0.973188078283285 0.965738624334444 0.450995268679703 1.04535951664296 0.942867546829411 0.706493950096186 0.398004166628836 -0.97251841664896 0.842028134805562 0.494720634067759 -0.936643921827682 -0.357094675080052 0.474716591421591 0.135205999424086 0.2421800428339 0.252708554578406 1.04384372808114 0.00376793516884562 0.109781189132876 0.249430959566715 0.0431458377060884 0.428094664158433 1.20765952829917 1.45536842676207 0.0839494594027258 0.108824614936998 0.52517673095612 0.446049735321814 0.311711317136297 -0.0289480333757359 0.944586914983059 -0.862053895816982 1.83616496264518 -0.726548641376694 -0.385701795342276 0.355933706447512 -0.458926850636564
"NSLZS" 1.08502193881699 2.693108844443 3.65966071198924 4.9035026511775 3.58434162456846 3.57049516129365 0.706493950096186 5.24311798878481 2.84281742626974 1.711871109006 2.50048932983196 1.9648591248768 -1.06651890058299 1.47297502074826 1.22607866718513 2.33514895182231 3.18992866612652 2.36803894223759 3.22217332397335 -0.456121663659318 -1.87196525147621 2.35501971347932 -0.478134526399061 1.28679546016028 1.83796160612283 2.6961360738853 0.936538442871297 1.12546814473445 1.74809606952218 1.741282213494 2.25553277510751 0.927716465002843 3.02185811342913 0.430092748840806 3.47231751182284 0.501382642884125 0.794791584531327 0.998999161940704 0.667163116027309
"NSLZI" 0.43031927529696 1.02228355336931 1.76306812652142 2.24829253144995 1.95477367409161 1.92018151537889 0.398004166628836 2.84281742626974 2.53167126382368 0.915773395508939 1.19774129867613 1.70170998346573 -0.685934652729171 0.386667786890484 0.989316018996669 0.773139413706808 0.953305906851649 0.439530242778915 1.55739885177221 -0.827524742517314 -1.10322044187469 1.24899388289581 0.469259715399251 0.544230233604231 1.19103918165765 2.1099667372949 0.852146115176316 0.0759809770410625 0.972568162802449 0.740526617466395 1.68417851652869 0.0183550196505526 1.69405732861915 0.407302786239957 0.96881307400997 0.00917894617146397 -0.1669417077858 1.36996852843766 0.560743023554849
"NABR" 0.484375193426741 1.70057081765348 2.36942115992264 0.725841894587633 0.354781302644926 1.56102809047697 -0.97251841664896 1.711871109006 0.915773395508939 6.8082395770564 0.693757468778014 1.90742161084509 1.70313815530314 2.03051510484352 1.55074852925068 2.56247342364131 3.27371997210993 2.71150744841485 1.88220874149783 -0.252265360887896 0.144889279674333 2.0018178940202 -0.643375802231666 1.56358066436246 0.461926136650605 3.25804401062528 0.542771802459855 0.396402041366806 0.834566498578492 1.01213117206473 2.75945015328088 3.36169429581048 2.36399027555688 2.22631556902162 -4.09510688182136 2.27742507876093 2.30748092911568 3.11932184832028 -0.113344837112724
"NAFM" 0.654451873507515 1.3907940969519 3.16633390595481 2.92035734341503 1.92047527318 3.20282162722872 0.842028134805562 2.50048932983196 1.19774129867613 0.693757468778014 2.79968888537055 2.05070596210761 -1.09988402539609 1.49717351397464 2.00884161592205 2.34572354986603 2.81104893020448 1.04362811084426 2.92433372798171 -1.18924683127945 -0.213984276093911 1.27752181844268 0.0420960253930151 1.67050273570389 1.61169955369559 2.79812091492817 0.198481853213524 0.248791373842905 1.77386002217655 1.33817645630836 1.35609160510784 0.583829110683614 3.33788929206968 -0.0498559718364595 4.88087756006238 0.396707714660617 -0.371639057942905 2.02992415429353 -0.450116300287987
"NAPNS" 0.549673351681469 1.14852644032611 3.01000409879818 1.86691002983759 1.33882214670117 2.76284454038763 0.494720634067759 1.9648591248768 1.70170998346573 1.90742161084509 2.05070596210761 2.56433256066422 -0.454735630901571 1.13678157182997 2.46738957605948 2.03265409890501 2.22491083003683 0.537220093669448 2.20654595000561 -1.23383232450838 -0.126282643228857 1.26676260007405 0.51533491247398 1.46417852008086 1.51000721404098 3.4260957947008 0.419526713825546 -0.187446165391718 1.39914821066805 1.14839350248671 1.91889409546379 1.05263638956412 3.00928160539482 0.321686947538336 2.40357039828741 0.230457598906921 -0.487351869604786 2.82351329876244 -0.408596272400999
"BRPT" -0.138066768652618 0.518269711235983 -0.619865818018713 -1.24830298141307 -1.08183788735721 -1.29308151258268 -0.936643921827682 -1.06651890058299 -0.685934652729171 1.70313815530314 -1.09988402539609 -0.454735630901571 2.17207497116525 0.639603336309144 -0.151144494949358 -0.118261093366398 0.167982692184613 -0.150536733466141 -0.920557951329871 0.596962346507776 -0.101999390118829 -0.234387576988498 -0.495234779543868 -0.23424864689006 -1.22597927440837 -1.09375727250097 0.240841859741386 0.16718184926413 -0.422376408631678 -0.169785380543062 -0.177012455276328 1.53490616446058 -0.714902799361465 0.125462486335115 -2.62188846399071 0.0417389295701944 0.894879495483769 0.161698600411422 -0.30532436732332
"BRAPET" 0.382306746072878 1.03264360866757 1.7715584523795 1.49150409618281 1.00998056554384 1.55359304868486 -0.357094675080052 1.47297502074826 0.386667786890484 2.03051510484352 1.49717351397464 1.13678157182997 0.639603336309144 2.05797129774267 1.25050383842125 2.05272868363145 2.57453278094191 0.821073801978673 1.55726380016024 -0.761393464587217 -0.386698252335342 0.894812430901721 -0.456798858988724 1.11687231297384 0.0771923075065756 0.633626566307431 0.176781990306276 0.348235595102163 1.04696289633837 0.896125821752898 0.770637337589751 1.03101797823304 2.01189332150296 0.702450525454532 1.95652413330981 1.23644037644633 0.444523836887463 1.60053470338057 -0.135542009591174
"PTFM" 0.670870150204993 1.31399507774961 3.37624679698947 1.33568247790548 0.686742864812515 2.10191308139747 0.474716591421591 1.22607866718513 0.989316018996669 1.55074852925068 2.00884161592205 2.46738957605948 -0.151144494949358 1.25050383842125 3.81004367367624 1.93270819467148 1.82713519160603 -1.07358628812684 1.19376351746518 -1.45586398964005 0.425451368350791 1.28625069460332 0.344654838699397 0.87291625764725 1.8505292600291 2.57960271877647 0.658488231381818 -0.340808222688996 1.35457878713281 1.1859195506744 1.6187260646555 0.937196836947321 2.92199940276977 -0.0123391469400272 2.71552260686724 -0.100936146749124 -2.0810242346207 2.55081727596895 -0.818832746018539
"PTAPET" 0.854342181268608 1.88230017128257 3.6523625775689 2.91390125078141 1.88173227830083 3.23654081365565 0.135205999424086 2.33514895182231 0.773139413706808 2.56247342364131 2.34572354986603 2.03265409890501 -0.118261093366398 2.05272868363145 1.93270819467148 3.21005072481181 3.88542501385495 2.1997336018613 2.61282627804719 -0.568821068912267 -0.499824974200437 1.40627948551836 -0.187044680968222 1.90402229811129 0.618194191431651 2.72764971153607 -0.121848498902677 0.576660738315191 1.4032989820231 1.45720490022037 1.57797393500181 2.1741012633524 3.03765307595506 0.477335327451571 4.20362622286403 0.655009135246689 0.854245240187585 1.71535525988899 -0.387858045682114
"PTBA" 1.1413950712793 3.16441820223953 4.56479966291753 4.24032738840339 2.58343805369908 4.06756015730297 0.2421800428339 3.18992866612652 0.953305906851649 3.27371997210993 2.81104893020448 2.22491083003683 0.167982692184613 2.57453278094191 1.82713519160603 3.88542501385495 5.16368397299803 3.45373596460963 3.45675842035865 -0.382166295593679 -0.827344621508016 1.97050357715743 -0.582892043068277 2.44844730830042 0.694431951071853 3.53282310127265 0.151674133330807 1.245838135468 1.96833431181081 2.03290370692036 2.13039595208935 3.46713032961976 3.74957629453989 0.269518322590962 4.72958944884462 0.715921611197449 1.92915283410895 1.88747960170307 -0.733465574026424
"PTEAM" 0.700813402078813 2.30714903297396 2.33414643963481 3.03013435816308 1.79725631517947 2.62929047304989 0.252708554578406 2.36803894223759 0.439530242778915 2.71150744841485 1.04362811084426 0.537220093669448 -0.150536733466141 0.821073801978673 -1.07358628812684 2.1997336018613 3.45373596460963 4.98292096069296 2.88142301604388 1.33432334580335 -0.894341755435256 1.17723833011307 -0.712896328055488 1.85728181272393 -0.0794178405243534 3.05568503760817 -0.446739572147859 1.40275875026445 0.675899349598926 1.03021049005266 1.44096700771021 3.22697632296334 1.51413315120593 0.20049278480969 1.50937312002724 0.197113020001251 3.83810678415193 -0.116729348310318 -0.127427751840167
"PTZYGO" 0.605846426903207 1.76990048440876 3.33354062621056 2.97329849004229 1.83546757113784 3.71409825563144 1.04384372808114 3.22217332397335 1.55739885177221 1.88220874149783 2.92433372798171 2.20654595000561 -0.920557951329871 1.55726380016024 1.19376351746518 2.61282627804719 3.45675842035865 2.88142301604388 4.66833755179912 -0.145781296990385 -0.595842944284196 1.25431321824868 -0.208853149170583 2.46888108563845 1.61056462169719 4.21067866378235 -0.159564179001671 0.30890936182999 1.68254811247561 1.22469154773812 1.66064527244736 1.48115181929478 3.84612701369617 -0.130337805589213 4.67497658164302 -0.102172243197458 1.30726562097378 2.39297161337576 -0.315910008329427
"PTTSP" 0.0406582861928868 0.548906629980236 -0.430501930536582 -0.503405995654561 -0.683477285695657 -0.900170364956874 0.00376793516884562 -0.456121663659318 -0.827524742517314 -0.252265360887896 -1.18924683127945 -1.23383232450838 0.596962346507776 -0.761393464587217 -1.45586398964005 -0.568821068912267 -0.382166295593679 1.33432334580335 -0.145781296990385 2.38408350025109 -0.681886874713374 -0.770176020836054 -0.449420740473047 -0.308520485780513 -1.073444494635 -0.63047648213333 -0.716324909854624 0.356268463460499 -1.18819578896361 -0.592356773345381 -0.884101667002684 1.22201620223652 -1.51121410515152 -0.983499943947786 0.298766259484443 -2.03550989839478 1.48318390576558 -2.3959784004488 0.178947751453942
"FMZS" -0.401387683363476 -1.09958444067959 -0.908562968949084 -1.86951214322416 -1.54195121366324 -0.764178616312509 0.109781189132876 -1.87196525147621 -1.10322044187469 0.144889279674333 -0.213984276093911 -0.126282643228857 -0.101999390118829 -0.386698252335342 0.425451368350791 -0.499824974200437 -0.827344621508016 -0.894341755435256 -0.595842944284196 -0.681886874713374 1.77959190436994 -0.244099097386809 -0.0246487562012766 -0.0121192001955788 0.730191402317418 0.358707051094038 -0.0785670272586913 -0.49331204725078 0.0267857954861666 -0.16236806541241 -0.117108606242286 -0.545884730413184 0.0472617254403338 0.24807936334405 -2.63102914523743 1.12086961014742 -0.734589880073082 1.31887353152459 -0.798646752404128
"FMMT" 0.66246397340612 1.88040801198672 2.29112929796718 2.53964305489009 1.64817644963477 1.85540266898394 0.249430959566715 2.35501971347932 1.24899388289581 2.0018178940202 1.27752181844268 1.26676260007405 -0.234387576988498 0.894812430901721 1.28625069460332 1.40627948551836 1.97050357715743 1.17723833011307 1.25431321824868 -0.770176020836054 -0.244099097386809 1.81894942188656 -0.380534256583723 0.691415809863187 1.40428402019172 2.09240415473587 0.977486070854124 0.780286062012909 1.30050604587829 1.26765720185064 1.89421766569556 1.27061895428101 1.9244631946433 0.560634271946308 -0.169878629096718 1.04977410310599 0.376729452884752 1.28942065744968 -0.212722678188556
"ZSZI" -0.089915718125274 -0.602890809335547 0.0979458276184545 -0.279519621628986 0.0678666517787629 0.200740205505912 0.0431458377060884 -0.478134526399061 0.469259715399251 -0.643375802231666 0.0420960253930151 0.51533491247398 -0.495234779543868 -0.456798858988724 0.344654838699397 -0.187044680968222 -0.582892043068277 -0.712896328055488 -0.208853149170583 -0.449420740473047 -0.0246487562012766 -0.380534256583723 1.04705994126607 -0.0839538043724999 -0.349009774738736 0.539135379384051 -0.183890496076032 -0.656179486210669 -0.136570282660713 -0.440437019334746 0.0560828688713351 -0.381178719140489 -0.0741213354233877 -0.0393737877978679 1.33731833242206 -0.915897824376843 -0.75170500582756 -0.0586612310449314 0.193169148799116
"ZIMT" 0.345182830000653 0.962019460794421 2.04565094700601 1.48817503815792 0.867393968955916 2.32263035326151 0.428094664158433 1.28679546016028 0.544230233604231 1.56358066436246 1.67050273570389 1.46417852008086 -0.23424864689006 1.11687231297384 0.87291625764725 1.90402229811129 2.44844730830042 1.85728181272393 2.46888108563845 -0.308520485780513 -0.0121192001955788 0.691415809863187 -0.0839538043724999 1.71707977484311 0.744582162280637 2.68472379100496 -0.226445071088164 0.221624104647439 1.04835079018114 0.92539194587438 1.06020363628926 1.37883557179426 2.35102243695597 0.0629078870822336 2.33231471881672 0.44089789533933 1.01383871737693 1.97981791650895 -0.564397865630875
"ZIZYGO" 0.346458570502874 0.745673621293174 1.72198455228079 1.32455423323851 0.697902963318086 1.74351519167099 1.20765952829917 1.83796160612283 1.19103918165765 0.461926136650605 1.61169955369559 1.51000721404098 -1.22597927440837 0.0771923075065756 1.8505292600291 0.618194191431651 0.694431951071853 -0.0794178405243534 1.61056462169719 -1.073444494635 0.730191402317418 1.40428402019172 -0.349009774738736 0.744582162280637 3.13173235919282 2.73125957822106 0.840382571306193 0.131284131759051 1.3458348460456 1.27296786708181 1.51571615880257 -0.471568889881832 2.37552906442072 -0.0883178430801447 -0.503467359722483 1.07797110348314 -1.12003326006288 2.61889665136869 -0.675102704613073
"ZITSP" 0.917590150203935 2.74907350961113 4.81354801444614 3.18496664340541 1.71484081425078 4.51072364217196 1.45536842676207 2.6961360738853 2.1099667372949 3.25804401062528 2.79812091492817 3.4260957947008 -1.09375727250097 0.633626566307431 2.57960271877647 2.72764971153607 3.53282310127265 3.05568503760817 4.21067866378235 -0.63047648213333 0.358707051094038 2.09240415473587 0.539135379384051 2.68472379100496 2.73125957822106 7.39619538021004 0.493300032912508 0.277751686986419 2.10737318058824 1.76909366663603 3.44218893553556 3.32314755008211 4.48934084182974 -0.275752711011283 2.37438020009632 -0.576066183507024 1.1140271445238 3.65524719795563 -1.33552001810799
"MTPNS" 0.220412234995176 1.09372009542392 0.566802107267759 1.01566502711274 0.636751900903396 0.211911360338951 0.0839494594027258 0.936538442871297 0.852146115176316 0.542771802459855 0.198481853213524 0.419526713825546 0.240841859741386 0.176781990306276 0.658488231381818 -0.121848498902677 0.151674133330807 -0.446739572147859 -0.159564179001671 -0.716324909854624 -0.0785670272586913 0.977486070854124 -0.183890496076032 -0.226445071088164 0.840382571306193 0.493300032912508 1.16236983013339 0.416961585996261 0.747377846924368 0.588360426402848 0.996160281752569 0.364626260725759 0.568807964069038 0.0848616607986301 -1.62289580174995 0.477022934050906 -0.329726075064464 0.72565171631113 -0.239518253860488
"PNSAPET" 0.440917577061081 1.59888676427492 0.933722760094892 1.85445891236833 1.04991529232054 0.720418088515064 0.108824614936998 1.12546814473445 0.0759809770410625 0.396402041366806 0.248791373842905 -0.187446165391718 0.16718184926413 0.348235595102163 -0.340808222688996 0.576660738315191 1.245838135468 1.40275875026445 0.30890936182999 0.356268463460499 -0.49331204725078 0.780286062012909 -0.656179486210669 0.221624104647439 0.131284131759051 0.277751686986419 0.416961585996261 1.08289391903964 0.501464810420943 0.772798882168064 0.512820961125218 1.30840322825907 0.278324712604846 -0.260453644771087 0.243419752457711 0.230531305228741 1.14900053709721 -0.564833487525905 -0.274315432115529
"APETBA" 0.471937458594403 1.47773776123593 2.09733661625282 2.28891270563477 1.43088475415347 2.09257174897369 0.52517673095612 1.74809606952218 0.972568162802449 0.834566498578492 1.77386002217655 1.39914821066805 -0.422376408631678 1.04696289633837 1.35457878713281 1.4032989820231 1.96833431181081 0.675899349598926 1.68254811247561 -1.18819578896361 0.0267857954861666 1.30050604587829 -0.136570282660713 1.04835079018114 1.3458348460456 2.10737318058824 0.747377846924368 0.501464810420943 1.59002162999379 1.22137871755475 1.40125585741139 0.824806797895514 2.3611796375598 0.0273092357082532 1.65419973649582 0.805220974428799 -0.0329940185546716 1.85406629103244 -0.63903232226255
"APETTS" 0.582792626709364 1.63758386805935 2.11765891850665 2.22352520292659 1.34403825818858 1.92550009061818 0.446049735321814 1.741282213494 0.740526617466395 1.01213117206473 1.33817645630836 1.14839350248671 -0.169785380543062 0.896125821752898 1.1859195506744 1.45720490022037 2.03290370692036 1.03021049005266 1.22469154773812 -0.592356773345381 -0.16236806541241 1.26765720185064 -0.440437019334746 0.92539194587438 1.27296786708181 1.76909366663603 0.588360426402848 0.772798882168064 1.22137871755475 1.39016063958612 1.26394002712504 1.17955532116518 1.87059359515688 -0.080888376849298 1.07679905001269 0.802834737734446 0.31126590211019 1.44784131120895 -0.633303083802931
"BAEAM" 0.653586050259858 1.96020360917737 2.70353884586532 2.37281574367443 1.54961270205539 2.28372597368964 0.311711317136297 2.25553277510751 1.68417851652869 2.75945015328088 1.35609160510784 1.91889409546379 -0.177012455276328 0.770637337589751 1.6187260646555 1.57797393500181 2.13039595208935 1.44096700771021 1.66064527244736 -0.884101667002684 -0.117108606242286 1.89421766569556 0.0560828688713351 1.06020363628926 1.51571615880257 3.44218893553556 0.996160281752569 0.512820961125218 1.40125585741139 1.26394002712504 2.47623027189324 1.87352486620394 2.36974125706091 0.625951329066535 -0.540572323014716 0.733683848070701 0.590742440563718 2.09651186123966 -0.384375986037735
"EAMZYGO" 0.980878321036216 3.85856148762476 3.55690397012339 2.53367134622093 0.91374351901783 2.00879029656328 -0.0289480333757359 0.927716465002843 0.0183550196505526 3.36169429581048 0.583829110683614 1.05263638956412 1.53490616446058 1.03101797823304 0.937196836947321 2.1741012633524 3.46713032961976 3.22697632296334 1.48115181929478 1.22201620223652 -0.545884730413184 1.27061895428101 -0.381178719140489 1.37883557179426 -0.471568889881832 3.32314755008211 0.364626260725759 1.30840322825907 0.824806797895514 1.17955532116518 1.87352486620394 5.42705369939633 1.57702561526291 -0.776599717015408 1.46068142920307 -1.60241443950589 2.67075498975904 0.0324042060252148 -1.31250469865361
"ZYGOTSP" 0.794876843309916 2.08305872955652 4.15316176859806 3.18457069235541 1.94303936146315 3.98824465042907 0.944586914983059 3.02185811342913 1.69405732861915 2.36399027555688 3.33788929206968 3.00928160539482 -0.714902799361465 2.01189332150296 2.92199940276977 3.03765307595506 3.74957629453989 1.51413315120593 3.84612701369617 -1.51121410515152 0.0472617254403338 1.9244631946433 -0.0741213354233877 2.35102243695597 2.37552906442072 4.48934084182974 0.568807964069038 0.278324712604846 2.3611796375598 1.87059359515688 2.36974125706091 1.57702561526291 4.59774385821216 0.166894631866451 3.91951152976645 0.838977908431817 -0.0699413671468098 3.74442491259512 -0.912156891032076
"LDAS" -0.194342295083161 -1.07203839245789 -0.617366268994812 -0.522922565844808 0.133768642094655 -0.144565773723584 -0.862053895816982 0.430092748840806 0.407302786239957 2.22631556902162 -0.0498559718364595 0.321686947538336 0.125462486335115 0.702450525454532 -0.0123391469400272 0.477335327451571 0.269518322590962 0.20049278480969 -0.130337805589213 -0.983499943947786 0.24807936334405 0.560634271946308 -0.0393737877978679 0.0629078870822336 -0.0883178430801447 -0.275752711011283 0.0848616607986301 -0.260453644771087 0.0273092357082532 -0.080888376849298 0.625951329066535 -0.776599717015408 0.166894631866451 2.07300156251523 -3.10400023145888 2.53427403948211 0.298253709140936 1.20646174257218 0.824457727091485
"BRLD" 1.58293700884242 2.90610406924067 6.61245907482771 6.38862676098611 4.1925824307436 5.80778089945833 1.83616496264518 3.47231751182284 0.96881307400997 -4.09510688182136 4.88087756006238 2.40357039828741 -2.62188846399071 1.95652413330981 2.71552260686724 4.20362622286403 4.72958944884462 1.50937312002724 4.67497658164302 0.298766259484443 -2.63102914523743 -0.169878629096718 1.33731833242206 2.33231471881672 -0.503467359722483 2.37438020009632 -1.62289580174995 0.243419752457711 1.65419973649582 1.07679905001269 -0.540572323014716 1.46068142920307 3.91951152976645 -3.10400023145888 21.1398535154023 -5.49475106606781 -1.39109455975415 -2.45701675331983 -0.222527361740036
"OPILD" -0.352060175652676 -1.42377211210645 -1.26585809381538 -0.479158162795622 0.112299838106301 0.030357328708163 -0.726548641376694 0.501382642884125 0.00917894617146397 2.27742507876093 0.396707714660617 0.230457598906921 0.0417389295701944 1.23644037644633 -0.100936146749124 0.655009135246689 0.715921611197449 0.197113020001251 -0.102172243197458 -2.03550989839478 1.12086961014742 1.04977410310599 -0.915897824376843 0.44089789533933 1.07797110348314 -0.576066183507024 0.477022934050906 0.230531305228741 0.805220974428799 0.802834737734446 0.733683848070701 -1.60241443950589 0.838977908431817 2.53427403948211 -5.49475106606781 5.2975133341735 0.388033346321183 3.12033333394967 0.198789229908573
"PTAS" 0.175974569334494 1.39326593135044 0.22657134760171 1.14480169101365 0.596212833501553 0.694085533050341 -0.385701795342276 0.794791584531327 -0.1669417077858 2.30748092911568 -0.371639057942905 -0.487351869604786 0.894879495483769 0.444523836887463 -2.0810242346207 0.854245240187585 1.92915283410895 3.83810678415193 1.30726562097378 1.48318390576558 -0.734589880073082 0.376729452884752 -0.75170500582756 1.01383871737693 -1.12003326006288 1.1140271445238 -0.329726075064464 1.14900053709721 -0.0329940185546716 0.31126590211019 0.590742440563718 2.67075498975904 -0.0699413671468098 0.298253709140936 -1.39109455975415 0.388033346321183 3.86651099898428 -0.481881634532993 -0.0167128159308678
"JPAS" -0.0929907419610557 -0.195779027242719 1.42451152220051 -0.165033146125116 -0.0636190448674759 2.16330673018196 0.355933706447512 0.998999161940704 1.36996852843766 3.11932184832028 2.02992415429353 2.82351329876244 0.161698600411422 1.60053470338057 2.55081727596895 1.71535525988899 1.88747960170307 -0.116729348310318 2.39297161337576 -2.3959784004488 1.31887353152459 1.28942065744968 -0.0586612310449314 1.97981791650895 2.61889665136869 3.65524719795563 0.72565171631113 -0.564833487525905 1.85406629103244 1.44784131120895 2.09651186123966 0.0324042060252148 3.74442491259512 1.20646174257218 -2.45701675331983 3.12033333394967 -0.481881634532993 6.26079251703089 -1.07320432911926
"BAOPI" -0.147254614043411 -0.941566820735819 -0.897572034676655 -0.185961541840587 0.396615064353271 -0.555381201709829 -0.458926850636564 0.667163116027309 0.560743023554849 -0.113344837112724 -0.450116300287987 -0.408596272400999 -0.30532436732332 -0.135542009591174 -0.818832746018539 -0.387858045682114 -0.733465574026424 -0.127427751840167 -0.315910008329427 0.178947751453942 -0.798646752404128 -0.212722678188556 0.193169148799116 -0.564397865630875 -0.675102704613073 -1.33552001810799 -0.239518253860488 -0.274315432115529 -0.63903232226255 -0.633303083802931 -0.384375986037735 -1.31250469865361 -0.912156891032076 0.824457727091485 -0.222527361740036 0.198789229908573 -0.0167128159308678 -1.07320432911926 1.31604976125802
