"" "ISPM" "ISNSL" "ISPNS" "PMZS" "PMZI" "PMMT" "NSLNA" "NSLZS" "NSLZI" "NABR" "NAFM" "NAPNS" "BRPT" "BRAPET" "PTFM" "PTAPET" "PTBA" "PTEAM" "PTZYGO" "PTTSP" "FMZS" "FMMT" "ZSZI" "ZIMT" "ZIZYGO" "ZITSP" "MTPNS" "PNSAPET" "APETBA" "APETTS" "BAEAM" "EAMZYGO" "ZYGOTSP" "LDAS" "BRLD" "OPILD" "PTAS" "JPAS" "BAOPI"
"ISPM" 1.36840034277783 1.4171362748387 2.98183416866476 1.94937323534477 1.1244646665572 0.929793994539544 1.85365152130491 1.18467619608024 1.97709221165955 0.872232297715475 0.698083245898135 1.69922965433781 0.700806887721748 0.2099319996434 0.556355054149633 0.171864298688073 0.37746530831987 0.754496699835279 0.557546498864169 0.351957481011281 -0.234221947169661 0.890016983555833 1.4163423880837 0.207532595439399 -0.0320087703421048 0.360338798315334 0.54737710311621 0.0570181946683766 0.272362185915763 0.586419374494843 0.82916538372807 1.54872403819456 0.695675531819744 1.0201900277962 -0.173256695709808 0.949145751382354 1.20038433391101 0.266364439751407 0.0768131352170833
"ISNSL" 1.4171362748387 4.78386985052763 4.85748200890992 3.79001423280339 2.9677062693125 2.05613056791495 1.05367662584618 2.25226823407136 3.19421039164676 1.93225304378671 1.88257566920252 2.0676076205427 1.17438280625892 0.425607949378986 0.515778722346641 -0.295286762347641 0.412992956718075 2.16022506126784 1.89594216291067 -0.0581395214909002 0.448024571478869 1.59938391937604 1.13787678471723 0.626947645612343 0.78184336857788 1.59377249861627 1.24691845620737 0.749920625595086 0.761884072646936 0.700670276407832 1.18095553139691 2.48226741869897 2.00920557450178 1.61570758960883 -0.715116374601218 1.24506276748758 2.74457011554988 0.417173787821557 0.157937343834148
"ISPNS" 2.98183416866476 4.85748200890992 13.9244241863152 6.49147753357644 4.38500456990775 5.63963240934769 4.26716721975041 5.25241414524377 6.71842566433793 2.17214370055472 3.45315787502088 7.69932963303664 -0.44963572217245 -0.244241877227099 3.60475387094856 0.609812343394454 1.76721146588662 2.21837554605833 3.4892039666997 -0.443764303631006 -0.227464700681283 4.00657933428338 3.68499033743405 2.06387717835287 0.851461416311651 4.20593751587245 3.34776380730084 -1.837349338716 1.67768285182041 1.79048372597061 2.73277896565736 6.63834225391397 4.25648960949223 1.76044328675269 -0.592033392234104 1.42839182728079 3.9677949051329 2.37727206144441 0.793852256372489
"PMZS" 1.94937323534477 3.79001423280339 6.49147753357644 5.519205679782 3.68542916550899 2.94088943199354 3.2224829203517 4.04975052826159 4.86559615784408 2.31473971560751 2.57482913686099 4.03591817327647 0.551376711567893 0.331197775297478 1.90064570034645 -0.0183704044277647 0.960491744541366 2.24896895639123 2.29949460302081 0.120424164854481 -0.367054667841334 2.39138408889976 2.1263835569667 0.713948689635874 1.23753604083486 1.96570870360159 1.6441800467878 0.59484569802097 1.26433128035903 1.09663145836179 1.97271430950923 2.78649026943877 2.794281331543 1.45428861695893 -0.571255619976083 1.67530930483932 3.28674744582817 1.24092048747632 -0.109187565774353
"PMZI" 1.1244646665572 2.9677062693125 4.38500456990775 3.68542916550899 3.72904484413493 2.54442951441677 1.73443968306901 2.73366222744366 4.1462543420682 1.4943036437414 2.11488627488245 2.59399744502522 -0.00936074453414156 0.0250351986620736 1.36779713334691 -0.52011568949326 0.42066573905558 1.83904032198889 2.1708960954088 0.15662657637828 0.14873070549763 1.56192432044328 1.79463337923808 0.534950995793866 0.61671436384929 1.21775488018336 1.25044879332931 0.759097702483837 1.06490566288191 0.480333852883674 1.36095712411114 2.0363495850816 2.32889916773996 0.846162566705493 -0.249654879652608 1.03244246946944 2.2646333998176 0.76907503771805 0.21499172371464
"PMMT" 0.929793994539544 2.05613056791495 5.63963240934769 2.94088943199354 2.54442951441677 3.77967691016673 1.76922308906974 2.70710062753574 3.30824442183776 0.364327286967123 1.99371629872784 3.24055148443038 -0.923050272386899 -0.559918117633406 2.18731169123654 0.235471308579917 0.576922262948857 0.608191470546353 1.58000141327276 -0.175807310005168 0.0566165917528934 1.90980044363224 1.4255472573864 1.58239147138236 0.290246245629912 1.48985251648904 1.21715315277007 -0.426293811621005 0.800712023825746 0.661949924340449 1.17813799622251 2.65127833610634 2.01271557751076 0.430731736607702 -0.202693143170392 0.691069648182258 1.42128137937504 1.34690170739793 0.0908201199799737
"NSLNA" 1.85365152130491 1.05367662584618 4.26716721975041 3.2224829203517 1.73443968306901 1.76922308906974 5.28812991418921 2.80571635277251 2.96387675377969 0.0319943245782034 1.0347905147186 3.74639351105376 0.543223572249503 -0.0758351620358361 1.9945323265066 -0.108369532220122 0.226693961700666 0.250243287686468 0.00803396614723891 -0.607468960140026 -0.508762434595648 1.57449086693726 1.43408600705711 0.360635419000753 0.525729710206199 0.725549217801479 0.443726796842431 0.157587005430543 0.781744583234237 0.841789425656917 1.02117837758421 2.06774735970514 1.20656218061809 0.6939201579407 0.2213237066634 1.41585252667184 1.51929224113729 0.818476918077429 -0.343875067953082
"NSLZS" 1.18467619608024 2.25226823407136 5.25241414524377 4.04975052826159 2.73366222744366 2.70710062753574 2.80571635277251 5.65275027934042 4.72577497047108 0.17467311022415 3.28359278540696 4.71312585084699 -1.07467687542637 -0.592783973406341 2.79595986209885 0.239794725238218 1.08453455842306 1.71640862186993 2.37624808013597 -0.304344560313043 -0.541741757172392 2.33042195842563 0.470819130518018 0.553194264248677 2.2912544816184 2.96626799784324 1.49848667182575 0.581588641137165 1.48524687604311 0.66340008056053 1.80697085885307 2.25508351971084 3.29405394466764 0.534592041971204 0.417523716602327 0.944476838854276 3.18783532984654 2.05318218081927 0.0461667431078041
"NSLZI" 1.97709221165955 3.19421039164676 6.71842566433793 4.86559615784408 4.1462543420682 3.30824442183776 2.96387675377969 4.72577497047108 7.08012907933741 2.05945841648914 3.47897660161467 5.03965482170892 -0.395160573586846 0.0233124615685778 2.6271920313707 0.46462071763991 1.61303427168293 2.177477650452 3.58908906834511 0.427840003581025 -0.0114612761674499 2.85785768997058 3.49596857272822 1.05718597916527 1.383169321446 2.80406170248452 2.05953470755474 0.406554280644533 1.70233189265933 1.08038315762683 2.16811552551872 2.99439893986559 4.2036166432114 1.11975938112939 -0.394717749720936 1.40733829600094 3.24082615360204 1.73069176858974 0.684774435906432
"NABR" 0.872232297715475 1.93225304378671 2.17214370055472 2.31473971560751 1.4943036437414 0.364327286967123 0.0319943245782034 0.17467311022415 2.05945841648914 9.49035971589904 0.811577414888869 1.2033975921295 4.5760512206495 3.15839416580453 1.9805740944934 0.139351676325028 0.989840343913801 1.96102870306116 2.62064461931375 1.38762913660136 0.549999530102478 2.06057063264357 2.13439903095274 0.0909389216921264 2.35520481987746 2.01358704748932 1.46348220655931 0.999983405269919 0.888606281459895 0.633287473144289 1.6118129360938 1.53808340834528 2.0486890349605 1.49627695357756 -2.43884320297168 0.614620246337232 2.45874565503518 0.741153192855184 1.1574393675212
"NAFM" 0.698083245898135 1.88257566920252 3.45315787502088 2.57482913686099 2.11488627488245 1.99371629872784 1.0347905147186 3.28359278540696 3.47897660161467 0.811577414888869 3.40284642626225 3.03170996342981 -0.737732767882402 -0.251973791267739 1.5505661756845 0.1460790475911 0.899605431764451 1.766728418635 2.45308026938339 -0.0400298175874093 0.269778763653516 1.87521349393935 0.876809219392507 0.707337063242037 1.49333254604423 2.26254227640562 1.42756475215181 0.25960906119547 1.17253566670106 0.744957741849147 1.43735134606079 1.57667970831002 2.80778700111387 0.480459313563409 -0.0404416721981972 0.609155564432171 2.87404026974321 1.7163402831166 0.221486291420379
"NAPNS" 1.69922965433781 2.0676076205427 7.69932963303664 4.03591817327647 2.59399744502522 3.24055148443038 3.74639351105376 4.71312585084699 5.03965482170892 1.2033975921295 3.03170996342981 6.86046399973428 -0.329197409983171 0.418715467444497 4.12122951983692 0.901136123292525 1.91357703424073 1.56091411209612 2.58356241508709 -0.345573158711426 -0.349187780499293 3.6827175802306 1.89321792987954 1.61018306130204 2.36341971125536 3.90309444507654 2.23806231488662 -0.285346743733404 1.64880304768647 1.07893683736118 2.39932674203082 3.74700658172725 3.64470336570445 1.07897380908635 0.324773257978148 1.39826983989207 3.39951337625283 2.79414052101649 0.435386576857433
"BRPT" 0.700806887721748 1.17438280625892 -0.44963572217245 0.551376711567893 -0.00936074453414156 -0.923050272386899 0.543223572249503 -1.07467687542637 -0.395160573586846 4.5760512206495 -0.737732767882402 -0.329197409983171 6.41088273448414 3.66145665322468 -1.196312762957 -0.671026447325386 0.360194129545412 0.256917652471238 -1.69908114031972 0.174427921211284 0.241550212487658 0.302014703722337 0.47578194114286 -0.544100017523884 0.730449727963046 -1.08772468628519 -0.257209408682507 1.05198065877341 0.327585786949609 0.346500290464329 1.10023528667694 0.351179970025945 -1.39587614844862 2.37031445929541 0.0173486825946839 2.05225005349568 1.3877062724024 -0.456497280945952 0.449109347303715
"BRAPET" 0.2099319996434 0.425607949378986 -0.244241877227099 0.331197775297478 0.0250351986620736 -0.559918117633406 -0.0758351620358361 -0.592783973406341 0.0233124615685778 3.15839416580453 -0.251973791267739 0.418715467444497 3.66145665322468 4.53174337203445 0.387662973095279 1.33267148543824 1.73447027336779 1.14182897667278 0.698100027261347 1.01761439248957 0.240000994714043 1.43944363786448 0.630951847803682 0.370684307017463 1.35432430844896 1.04761735599224 0.393743848981329 0.806996314543489 0.42844296795069 0.290719793692695 1.33469103273182 0.512414892179992 0.379208861091009 2.1575612811673 0.362741212102206 2.29231577034473 0.830428978609694 0.310454975729765 0.642628712769649
"PTFM" 0.556355054149633 0.515778722346641 3.60475387094856 1.90064570034645 1.36779713334691 2.18731169123654 1.9945323265066 2.79595986209885 2.6271920313707 1.9805740944934 1.5505661756845 4.12122951983692 -1.196312762957 0.387662973095279 7.06423586331915 0.922000521268061 0.596114903612629 -0.551466123740839 2.39803183456341 0.780085411447492 -0.227661037634142 3.41902443009142 0.550455353199577 1.87108096017288 2.73274184426162 3.16187849168216 1.65548548084667 0.727167738932571 1.12137340725384 0.0366346746337474 1.55787169140021 2.49548471384524 3.12424400898699 -0.519140395704028 -0.522723885020004 0.465372761750899 0.16282055729155 2.88194421653545 0.0538587167995766
"PTAPET" 0.171864298688073 -0.295286762347641 0.609812343394454 -0.0183704044277647 -0.52011568949326 0.235471308579917 -0.108369532220122 0.239794725238218 0.46462071763991 0.139351676325028 0.1460790475911 0.901136123292525 -0.671026447325386 1.33267148543824 0.922000521268061 3.24576648325988 2.33856518031874 1.20237645060268 2.14437149608766 1.52909876410763 -0.0268952937987674 0.986637558948441 0.541107705500594 0.748652092224944 1.33451629470536 1.61611345873271 0.280664688111523 -0.0654835589627623 -0.311521701129957 0.474607920530428 0.544172320628135 -0.116104153679381 1.31849099803298 0.820081033599575 -0.166378028294602 1.073613826142 -0.240447054011685 0.196079904877225 0.407675521725553
"PTBA" 0.37746530831987 0.412992956718075 1.76721146588662 0.960491744541366 0.42066573905558 0.576922262948857 0.226693961700666 1.08453455842306 1.61303427168293 0.989840343913801 0.899605431764451 1.91357703424073 0.360194129545412 1.73447027336779 0.596114903612629 2.33856518031874 3.68346293761057 2.76273370708408 2.60517635264445 1.21367023271796 0.259228146166101 1.73257828762725 0.812715104988658 0.699155831332978 2.53935706482442 2.40362150507116 0.84865036378373 0.560700849825159 1.46596613310239 0.778712679689607 1.95884192624049 0.622996085648778 1.63173262727078 1.61239144244615 0.40763600053 2.01820260958342 2.47359419923931 0.932372209249107 0.284203916421811
"PTEAM" 0.754496699835279 2.16022506126784 2.21837554605833 2.24896895639123 1.83904032198889 0.608191470546353 0.250243287686468 1.71640862186993 2.177477650452 1.96102870306116 1.766728418635 1.56091411209612 0.256917652471238 1.14182897667278 -0.551466123740839 1.20237645060268 2.76273370708408 6.14207492302266 3.74821169900799 1.27368644150944 0.572750688884968 2.06384700587057 0.665944284035476 0.201945116505181 3.1247843495938 3.49737075269747 1.25356407978757 2.02965127280244 1.07974746099972 1.06428882334658 1.87238427166553 1.58527107822046 1.74022764741827 2.12254977427016 -0.243498346448894 2.10629151130829 5.66266888862184 0.64565951441159 0.279056093838504
"PTZYGO" 0.557546498864169 1.89594216291067 3.4892039666997 2.29949460302081 2.1708960954088 1.58000141327276 0.00803396614723891 2.37624808013597 3.58908906834511 2.62064461931375 2.45308026938339 2.58356241508709 -1.69908114031972 0.698100027261347 2.39803183456341 2.14437149608766 2.60517635264445 3.74821169900799 6.4509796194491 1.88175376076526 0.666728226602972 2.77758477608928 1.62454454938594 1.00265755834477 2.84377169833231 4.29625725612261 1.80616915729488 0.493948518528731 1.28116567761169 0.664575730738537 1.5636844802157 1.86125995919393 5.00151453096666 0.720646256714498 -0.452529236892096 0.528466956464691 2.69170154141244 1.32176280122525 0.882197589876905
"PTTSP" 0.351957481011281 -0.0581395214909002 -0.443764303631006 0.120424164854481 0.15662657637828 -0.175807310005168 -0.607468960140026 -0.304344560313043 0.427840003581025 1.38762913660136 -0.0400298175874093 -0.345573158711426 0.174427921211284 1.01761439248957 0.780085411447492 1.52909876410763 1.21367023271796 1.27368644150944 1.88175376076526 4.64629167234082 0.0364797611126428 0.674584916816238 0.673243775220472 0.339281643582263 0.335101942552301 0.596528436871972 0.123667577287129 0.671615049403084 -0.180947183792714 0.24229890774881 0.850403412529828 0.256411551328054 -0.026523345376271 1.62657588782659 0.133111750868148 1.36220121410855 0.0503114396279761 0.111168661433849 0.419409952944699
"FMZS" -0.234221947169661 0.448024571478869 -0.227464700681283 -0.367054667841334 0.14873070549763 0.0566165917528934 -0.508762434595648 -0.541741757172392 -0.0114612761674499 0.549999530102478 0.269778763653516 -0.349187780499293 0.241550212487658 0.240000994714043 -0.227661037634142 -0.0268952937987674 0.259228146166101 0.572750688884968 0.666728226602972 0.0364797611126428 1.29258806723509 0.568776824365661 0.063239858181307 0.0663497575025913 0.637368135106179 0.336013630619329 0.0359584724970197 0.0344017958860437 0.394296601175499 0.214251660255768 -0.0259266303809097 0.0111781672193196 0.422049497814477 0.188379205599506 0.280634731471291 -0.0747424021457266 0.581043405124402 0.00512751468437375 0.276054514771354
"FMMT" 0.890016983555833 1.59938391937604 4.00657933428338 2.39138408889976 1.56192432044328 1.90980044363224 1.57449086693726 2.33042195842563 2.85785768997058 2.06057063264357 1.87521349393935 3.6827175802306 0.302014703722337 1.43944363786448 3.41902443009142 0.986637558948441 1.73257828762725 2.06384700587057 2.77758477608928 0.674584916816238 0.568776824365661 4.33523586096889 1.29993983680707 1.93082065626754 2.96258926544889 3.29717549085314 1.81172422524798 0.850179011896927 1.22364515515523 0.999593462704517 2.09406955145988 2.3803213559706 2.77564310796682 1.27522868353031 0.102442345209629 1.84587004638886 3.17799680431121 2.41381393796729 0.335072291676129
"ZSZI" 1.4163423880837 1.13787678471723 3.68499033743405 2.1263835569667 1.79463337923808 1.4255472573864 1.43408600705711 0.470819130518018 3.49596857272822 2.13439903095274 0.876809219392507 1.89321792987954 0.47578194114286 0.630951847803682 0.550455353199577 0.541107705500594 0.812715104988658 0.665944284035476 1.62454454938594 0.673243775220472 0.063239858181307 1.29993983680707 3.78160531751225 0.497319223456872 -0.746803698134417 0.404902784654846 1.10139751775656 -0.528822182460366 0.340177339800913 0.834740654092821 0.808574409305449 1.76115749002854 1.70958069014849 0.865594016369064 -0.780033552445684 0.682783708230476 0.801727738158566 0.243560648292047 0.707553618686536
"ZIMT" 0.207532595439399 0.626947645612343 2.06387717835287 0.713948689635874 0.534950995793866 1.58239147138236 0.360635419000753 0.553194264248677 1.05718597916527 0.0909389216921264 0.707337063242037 1.61018306130204 -0.544100017523884 0.370684307017463 1.87108096017288 0.748652092224944 0.699155831332978 0.201945116505181 1.00265755834477 0.339281643582263 0.0663497575025913 1.93082065626754 0.497319223456872 2.7400401098486 0.661767121949861 1.54811683354977 0.603471004772655 -0.0683753060373062 0.27207385121915 0.483106614281094 0.827736046596089 1.31002276018617 0.992015047362836 0.526071924191849 -0.442818458657855 1.23307495887057 0.251476523841237 0.992392771575802 -0.179419956389868
"ZIZYGO" -0.0320087703421048 0.78184336857788 0.851461416311651 1.23753604083486 0.61671436384929 0.290246245629912 0.525729710206199 2.2912544816184 1.383169321446 2.35520481987746 1.49333254604423 2.36341971125536 0.730449727963046 1.35432430844896 2.73274184426162 1.33451629470536 2.53935706482442 3.1247843495938 2.84377169833231 0.335101942552301 0.637368135106179 2.96258926544889 -0.746803698134417 0.661767121949861 5.93942949694205 3.84269311848682 1.2469226077641 2.35320003697775 1.52934144801467 0.732539633949057 1.78967198317176 0.320150876264496 2.460913275775 0.860664253212585 0.450773884554924 1.19877798788497 4.15910378171789 2.21383989438387 0.21517451821401
"ZITSP" 0.360338798315334 1.59377249861627 4.20593751587245 1.96570870360159 1.21775488018336 1.48985251648904 0.725549217801479 2.96626799784324 2.80406170248452 2.01358704748932 2.26254227640562 3.90309444507654 -1.08772468628519 1.04761735599224 3.16187849168216 1.61611345873271 2.40362150507116 3.49737075269747 4.29625725612261 0.596528436871972 0.336013630619329 3.29717549085314 0.404902784654846 1.54811683354977 3.84269311848682 8.59975029566446 2.24747369082007 0.585159597826681 1.21609698559681 0.839663424826609 1.36391181208071 2.2433977180389 3.06820861694388 0.939980420734897 -0.914749695796329 1.38095017933008 4.35157153530433 3.23364775320362 0.557656686094351
"MTPNS" 0.54737710311621 1.24691845620737 3.34776380730084 1.6441800467878 1.25044879332931 1.21715315277007 0.443726796842431 1.49848667182575 2.05953470755474 1.46348220655931 1.42756475215181 2.23806231488662 -0.257209408682507 0.393743848981329 1.65548548084667 0.280664688111523 0.84865036378373 1.25356407978757 1.80616915729488 0.123667577287129 0.0359584724970197 1.81172422524798 1.10139751775656 0.603471004772655 1.2469226077641 2.24747369082007 1.83385425079292 0.0466228111941859 0.708335719767333 0.479111788076755 1.17483500203315 1.6959670102143 1.8198637995818 0.138008304406647 -0.520401637745535 0.341231900820992 2.00658437351558 1.52729913675336 0.354664581340717
"PNSAPET" 0.0570181946683766 0.749920625595086 -1.837349338716 0.59484569802097 0.759097702483837 -0.426293811621005 0.157587005430543 0.581588641137165 0.406554280644533 0.999983405269919 0.25960906119547 -0.285346743733404 1.05198065877341 0.806996314543489 0.727167738932571 -0.0654835589627623 0.560700849825159 2.02965127280244 0.493948518528731 0.671615049403084 0.0344017958860437 0.850179011896927 -0.528822182460366 -0.0683753060373062 2.35320003697775 0.585159597826681 0.0466228111941859 3.38340520502692 0.320365430431802 0.0384837202294245 0.920142665478033 0.00191555087594325 0.052437219687946 0.437086064506889 -0.178045853823556 1.12294966168758 2.15873817304139 0.475091987072894 -0.395296326590863
"APETBA" 0.272362185915763 0.761884072646936 1.67768285182041 1.26433128035903 1.06490566288191 0.800712023825746 0.781744583234237 1.48524687604311 1.70233189265933 0.888606281459895 1.17253566670106 1.64880304768647 0.327585786949609 0.42844296795069 1.12137340725384 -0.311521701129957 1.46596613310239 1.07974746099972 1.28116567761169 -0.180947183792714 0.394296601175499 1.22364515515523 0.340177339800913 0.27207385121915 1.52934144801467 1.21609698559681 0.708335719767333 0.320365430431802 2.120345175345 0.303414675733824 1.49558165408251 1.04083084253402 1.39168083496962 0.584656711401144 0.3033878282689 0.736655956922421 1.98916421653219 1.02834625878153 -0.0632115079224913
"APETTS" 0.586419374494843 0.700670276407832 1.79048372597061 1.09663145836179 0.480333852883674 0.661949924340449 0.841789425656917 0.66340008056053 1.08038315762683 0.633287473144289 0.744957741849147 1.07893683736118 0.346500290464329 0.290719793692695 0.0366346746337474 0.474607920530428 0.778712679689607 1.06428882334658 0.664575730738537 0.24229890774881 0.214251660255768 0.999593462704517 0.834740654092821 0.483106614281094 0.732539633949057 0.839663424826609 0.479111788076755 0.0384837202294245 0.303414675733824 1.05822673546889 0.784939510782473 0.733014751362488 0.531374559397429 0.673761413532558 -0.0653846428864088 0.85330273902349 1.57484038782496 0.469782523947408 0.0244477364882364
"BAEAM" 0.82916538372807 1.18095553139691 2.73277896565736 1.97271430950923 1.36095712411114 1.17813799622251 1.02117837758421 1.80697085885307 2.16811552551872 1.6118129360938 1.43735134606079 2.39932674203082 1.10023528667694 1.33469103273182 1.55787169140021 0.544172320628135 1.95884192624049 1.87238427166553 1.5636844802157 0.850403412529828 -0.0259266303809097 2.09406955145988 0.808574409305449 0.827736046596089 1.78967198317176 1.36391181208071 1.17483500203315 0.920142665478033 1.49558165408251 0.784939510782473 2.95252073919022 1.40533853209119 1.40773293543325 1.28141525445506 0.258037463201079 2.19106680375631 2.81951732371066 1.57309067479895 0.00711378879968157
"EAMZYGO" 1.54872403819456 2.48226741869897 6.63834225391397 2.78649026943877 2.0363495850816 2.65127833610634 2.06774735970514 2.25508351971084 2.99439893986559 1.53808340834528 1.57667970831002 3.74700658172725 0.351179970025945 0.512414892179992 2.49548471384524 -0.116104153679381 0.622996085648778 1.58527107822046 1.86125995919393 0.256411551328054 0.0111781672193196 2.3803213559706 1.76115749002854 1.31002276018617 0.320150876264496 2.2433977180389 1.6959670102143 0.00191555087594325 1.04083084253402 0.733014751362488 1.40533853209119 5.80180294560737 2.05435596232858 1.23263855637843 -0.364749829309395 0.765690619950591 2.34574212156131 1.13877867121144 0.490348936992801
"ZYGOTSP" 0.695675531819744 2.00920557450178 4.25648960949223 2.794281331543 2.32889916773996 2.01271557751076 1.20656218061809 3.29405394466764 4.2036166432114 2.0486890349605 2.80778700111387 3.64470336570445 -1.39587614844862 0.379208861091009 3.12424400898699 1.31849099803298 1.63173262727078 1.74022764741827 5.00151453096666 -0.026523345376271 0.422049497814477 2.77564310796682 1.70958069014849 0.992015047362836 2.460913275775 3.06820861694388 1.8198637995818 0.052437219687946 1.39168083496962 0.531374559397429 1.40773293543325 2.05435596232858 5.74815498048609 -0.0265798417993458 -0.319368510086691 -0.0161474644722182 1.71289451696279 1.54222548207162 0.747699672439147
"LDAS" 1.0201900277962 1.61570758960883 1.76044328675269 1.45428861695893 0.846162566705493 0.430731736607702 0.6939201579407 0.534592041971204 1.11975938112939 1.49627695357756 0.480459313563409 1.07897380908635 2.37031445929541 2.1575612811673 -0.519140395704028 0.820081033599575 1.61239144244615 2.12254977427016 0.720646256714498 1.62657588782659 0.188379205599506 1.27522868353031 0.865594016369064 0.526071924191849 0.860664253212585 0.939980420734897 0.138008304406647 0.437086064506889 0.584656711401144 0.673761413532558 1.28141525445506 1.23263855637843 -0.0265798417993458 3.8107396394888 0.40345246861211 2.88249775523187 2.25659337235478 -0.186017702980848 0.445554090239159
"BRLD" -0.173256695709808 -0.715116374601218 -0.592033392234104 -0.571255619976083 -0.249654879652608 -0.202693143170392 0.2213237066634 0.417523716602327 -0.394717749720936 -2.43884320297168 -0.0404416721981972 0.324773257978148 0.0173486825946839 0.362741212102206 -0.522723885020004 -0.166378028294602 0.40763600053 -0.243498346448894 -0.452529236892096 0.133111750868148 0.280634731471291 0.102442345209629 -0.780033552445684 -0.442818458657855 0.450773884554924 -0.914749695796329 -0.520401637745535 -0.178045853823556 0.3033878282689 -0.0653846428864088 0.258037463201079 -0.364749829309395 -0.319368510086691 0.40345246861211 5.78494016238625 -0.58877250376144 0.774904571268319 0.455033754801511 0.384510406827541
"OPILD" 0.949145751382354 1.24506276748758 1.42839182728079 1.67530930483932 1.03244246946944 0.691069648182258 1.41585252667184 0.944476838854276 1.40733829600094 0.614620246337232 0.609155564432171 1.39826983989207 2.05225005349568 2.29231577034473 0.465372761750899 1.073613826142 2.01820260958342 2.10629151130829 0.528466956464691 1.36220121410855 -0.0747424021457266 1.84587004638886 0.682783708230476 1.23307495887057 1.19877798788497 1.38095017933008 0.341231900820992 1.12294966168758 0.736655956922421 0.85330273902349 2.19106680375631 0.765690619950591 -0.0161474644722182 2.88249775523187 -0.58877250376144 5.73209547859101 2.36524597823146 1.02209316053908 -0.985005411508897
"PTAS" 1.20038433391101 2.74457011554988 3.9677949051329 3.28674744582817 2.2646333998176 1.42128137937504 1.51929224113729 3.18783532984654 3.24082615360204 2.45874565503518 2.87404026974321 3.39951337625283 1.3877062724024 0.830428978609694 0.16282055729155 -0.240447054011685 2.47359419923931 5.66266888862184 2.69170154141244 0.0503114396279761 0.581043405124402 3.17799680431121 0.801727738158566 0.251476523841237 4.15910378171789 4.35157153530433 2.00658437351558 2.15873817304139 1.98916421653219 1.57484038782496 2.81951732371066 2.34574212156131 1.71289451696279 2.25659337235478 0.774904571268319 2.36524597823146 9.15359054049633 3.34641673814605 0.330695493172466
"JPAS" 0.266364439751407 0.417173787821557 2.37727206144441 1.24092048747632 0.76907503771805 1.34690170739793 0.818476918077429 2.05318218081927 1.73069176858974 0.741153192855184 1.7163402831166 2.79414052101649 -0.456497280945952 0.310454975729765 2.88194421653545 0.196079904877225 0.932372209249107 0.64565951441159 1.32176280122525 0.111168661433849 0.00512751468437375 2.41381393796729 0.243560648292047 0.992392771575802 2.21383989438387 3.23364775320362 1.52729913675336 0.475091987072894 1.02834625878153 0.469782523947408 1.57309067479895 1.13877867121144 1.54222548207162 -0.186017702980848 0.455033754801511 1.02209316053908 3.34641673814605 4.60717573542905 -0.0334219573803745
"BAOPI" 0.0768131352170833 0.157937343834148 0.793852256372489 -0.109187565774353 0.21499172371464 0.0908201199799737 -0.343875067953082 0.0461667431078041 0.684774435906432 1.1574393675212 0.221486291420379 0.435386576857433 0.449109347303715 0.642628712769649 0.0538587167995766 0.407675521725553 0.284203916421811 0.279056093838504 0.882197589876905 0.419409952944699 0.276054514771354 0.335072291676129 0.707553618686536 -0.179419956389868 0.21517451821401 0.557656686094351 0.354664581340717 -0.395296326590863 -0.0632115079224913 0.0244477364882364 0.00711378879968157 0.490348936992801 0.747699672439147 0.445554090239159 0.384510406827541 -0.985005411508897 0.330695493172466 -0.0334219573803745 1.67628608647159
