"" "ISPM" "ISNSL" "ISPNS" "PMZS" "PMZI" "PMMT" "NSLNA" "NSLZS" "NSLZI" "NABR" "NAFM" "NAPNS" "BRPT" "BRAPET" "PTFM" "PTAPET" "PTBA" "PTEAM" "PTZYGO" "PTTSP" "FMZS" "FMMT" "ZSZI" "ZIMT" "ZIZYGO" "ZITSP" "MTPNS" "PNSAPET" "APETBA" "APETTS" "BAEAM" "EAMZYGO" "ZYGOTSP" "LDAS" "BRLD" "OPILD" "PTAS" "JPAS" "BAOPI"
"ISPM" 0.91823664217854 1.39439541573661 1.67881214346983 0.9826105503456 0.669930480203618 0.656773514123424 0.194069089996167 0.698750870023031 0.854067680233554 0.768567533901792 0.515269070537052 0.472906955623301 0.18426873220562 0.2412830023372 0.626122893011972 0.0235517244285554 0.564089809431716 0.501208418596899 0.68507317598038 0.238590331932077 0.0360537189132137 1.02909505144115 0.343557434501672 0.431052692305417 0.840594254429902 0.833366740524815 0.646544338637272 0.489575616924331 0.673215414085381 0.0838467086735132 0.649200881510991 0.0158977221917911 0.452670302762219 0.398865451575103 0.353929702201801 0.722198225117905 0.789381517480469 0.418538398501678 -0.130081028948261
"ISNSL" 1.39439541573661 6.60899864662286 5.42911853178838 4.45650796393752 3.50617862334069 2.63331181293993 0.38255349826414 1.72725743851628 2.34775901032986 2.39900707485285 1.23636638251949 1.5141182077443 0.883525171423391 0.849259333846198 2.3497891360348 -0.0555934781861264 0.839922613724141 1.21981822040548 1.92226343513899 0.195663364614315 0.437165487832218 2.86573318653834 0.860555279304015 0.754722345414096 2.13675343330347 2.17477272704452 1.82171114225192 1.53961497690696 1.68887296629092 0.416705260387683 1.5057720318572 0.856013913242116 1.76002127948384 1.09887305430897 0.170070165519869 0.438648424947856 1.57830531320494 0.875267046568655 -0.129341414097294
"ISPNS" 1.67881214346983 5.42911853178838 9.46561777903256 4.9830037920366 4.40188796246558 3.84097027210557 1.02081861634079 2.23849407481325 3.03144928984729 2.89098149092031 1.90927053305771 3.6947850488422 0.814626413351243 1.62690798993771 2.36281600469923 0.986755796045753 2.85222247230623 3.37569825523813 3.59307903798367 1.09903126294792 0.415342367852846 3.44438416032369 1.22544726253286 1.41154227629593 3.90681216765608 3.36402205959302 3.09693076820855 0.431711754215772 2.35803331386973 0.665129490201082 2.30024313386611 1.31404800052856 2.44437956830978 1.80101590784937 2.13694705046443 1.68796463239416 4.00867698623142 2.06784559597804 0.482491566441491
"PMZS" 0.9826105503456 4.45650796393752 4.9830037920366 5.16768999273313 3.88719528908425 2.54451982813502 1.00484315149276 2.68746869897903 2.15669570336239 2.75064696961414 1.39840945285139 1.44017639102673 0.212525056813086 0.804672160439882 2.49910375370459 0.457902326711168 1.27271136264667 1.57781200112585 2.2172251002654 0.248539516789121 -0.165032034893683 2.29078756123811 0.191317376291102 0.341842313691746 2.43588265586859 2.82687101341137 1.94872741230015 1.51733795808055 1.79721947766655 0.389208756944051 1.42563832103534 0.418392324511608 1.82667424462829 1.24068895761811 0.754696315835381 0.587338226612656 1.69736726755189 1.03292611742877 0.125868671097635
"PMZI" 0.669930480203618 3.50617862334069 4.40188796246558 3.88719528908425 4.54348975608622 2.57342061696962 0.812452227683549 1.79392818060316 2.69253305755517 2.40940477626171 1.43502990270988 1.39970091603161 0.441159448850974 1.0508011786202 1.91007870096104 0.706390423131642 1.43674959214803 1.81696908020872 2.03848822403277 0.542483760317885 0.393416201922679 2.0351932698707 0.945646919751452 0.300050539931912 1.42108372221551 1.2817252062252 1.87776124845252 1.67075729632649 1.45354470354405 0.28333063853749 1.4762423190535 0.725494613267832 1.5308005263674 1.10965046758478 1.25377348198026 0.409138171346238 1.99319067285125 0.790584454694651 0.246950930494968
"PMMT" 0.656773514123424 2.63331181293993 3.84097027210557 2.54451982813502 2.57342061696962 3.05064751835369 0.501440118153325 1.16715375981359 1.62325311391599 1.79068476350426 1.05544733179541 1.37664238360375 1.04477820422803 0.987771544857197 0.937821731270886 0.253399987607015 1.11145577161432 1.26871103238928 1.10460411610066 0.14047908210082 0.297317259310732 1.50202304925944 0.577220505192969 0.937810114163018 1.74899108996472 1.3222063855034 0.919056232038357 0.940430269428669 1.10855967773106 0.254173688131133 1.01613630685546 0.599848865889953 0.842239479662842 0.683123120034619 1.16198413555867 0.299768298257332 1.93934545929765 0.755725634657432 0.270501670978703
"NSLNA" 0.194069089996167 0.38255349826414 1.02081861634079 1.00484315149276 0.812452227683549 0.501440118153325 2.5681742963958 0.277797676394378 0.328668927516273 -0.367052840607005 0.155355858366183 0.576439846898302 -0.204365589602876 -0.0449965554309228 0.402220148752825 0.213033200235746 0.301390984686204 0.666295337475624 0.637933311791514 0.345079671630367 0.428455669152946 0.51746623972856 0.223380544307205 -0.184092664366694 0.514421116293843 0.802602037392436 0.559859189800979 0.378597264522697 0.364226945358346 0.203653464342998 0.448422465145842 0.101492257238188 0.193620216668298 0.416934116637891 0.430924823479021 0.294826944484656 0.312183614678098 0.286259946095041 0.0385089067219319
"NSLZS" 0.698750870023031 1.72725743851628 2.23849407481325 2.68746869897903 1.79392818060316 1.16715375981359 0.277797676394378 3.4205765907677 1.87187370154137 1.71450698093829 1.47270696497131 0.840692858445555 0.375650310494143 0.548146423576004 1.55005037888006 0.381718277870324 1.11551614810885 0.608256585853746 1.16221754454766 -0.381431551680337 -0.761680252275208 1.1434340827519 -0.750345749168543 0.0926831646484783 1.42031522920474 2.01975868236746 1.00080144218829 1.11971375565147 1.27327242050336 -0.12763001516566 0.758545336180649 0.0378239471312248 1.31571353133925 0.749218926109639 0.801665577512657 0.306912286606186 0.913688621652125 0.296640727980759 0.149238116620131
"NSLZI" 0.854067680233554 2.34775901032986 3.03144928984729 2.15669570336239 2.69253305755517 1.62325311391599 0.328668927516273 1.87187370154137 3.19706552154373 2.13875077251898 1.64019112849227 1.51146927597927 0.373941802500179 0.838221608080692 1.49682257369612 0.694668421452365 1.54671846131253 1.54774698395383 2.15483574967175 0.278606835189229 0.219459051601599 1.86530910325193 1.40320555924745 0.630863317216717 1.05347272685413 1.59596333474191 1.36631065534049 1.22904007073906 1.29326951510392 -0.0816773755882667 1.32498219724119 0.717298581311308 1.74601105984036 0.910165032062972 1.05167351543003 0.751735884010549 1.9710411924083 0.378314281925059 0.0830480805301893
"NABR" 0.768567533901792 2.39900707485285 2.89098149092031 2.75064696961414 2.40940477626171 1.79068476350426 -0.367052840607005 1.71450698093829 2.13875077251898 6.68860276543675 1.40563743320334 1.31979052880245 1.26845790516951 1.95596706931843 3.69425558629351 1.45222012687434 1.50201456732028 1.02197302452932 2.34331482416111 0.22260697574766 0.261683170271993 2.8278425131111 0.660399987982865 1.4462947087966 2.02904366056212 2.4466847866515 1.18526671452889 1.48041195875557 1.28166744160405 0.167851996078399 1.31522050250347 0.424721520025182 2.54938021728467 0.712673466358138 -0.370016997002401 0.737977904671142 1.28442257119928 0.300660206050058 0.315581267919144
"NAFM" 0.515269070537052 1.23636638251949 1.90927053305771 1.39840945285139 1.43502990270988 1.05544733179541 0.155355858366183 1.47270696497131 1.64019112849227 1.40563743320334 2.0516119236896 1.19270981969429 0.917111194748883 0.694258953035526 0.604445229728859 0.223598954664538 1.05441326357921 0.960494555437935 1.16022574839609 -0.0957181221488405 0.379686053977487 1.23371710378996 0.411266273273888 0.399252090556306 1.78337220784031 1.24072646943636 0.931079861158454 0.988069173188374 0.840912126487516 0.176939782777094 1.1003178479958 0.215839178456351 1.05546213305822 0.641989848741902 1.35557807247488 0.592799487220275 1.90461795870119 0.663798100510631 0.349786295064566
"NAPNS" 0.472906955623301 1.5141182077443 3.6947850488422 1.44017639102673 1.39970091603161 1.37664238360375 0.576439846898302 0.840692858445555 1.51146927597927 1.31979052880245 1.19270981969429 3.27082863823378 0.82521694941818 1.31474407488711 0.753091691693517 0.847904963792652 1.86051992595347 2.07816423256434 1.84324671849619 0.358056629226913 0.275875426066534 2.10468690448746 0.816832376167094 1.22361191080153 2.0230505581492 1.15248993906018 1.06271044409411 -0.406986148154457 0.902325077675183 0.199308403800479 1.35818862350886 0.678460316214115 1.23789694575147 0.86556546801266 1.166267193244 1.16093994789263 2.62108790409691 1.41448346991191 0.605524224432032
"BRPT" 0.18426873220562 0.883525171423391 0.814626413351243 0.212525056813086 0.441159448850974 1.04477820422803 -0.204365589602876 0.375650310494143 0.373941802500179 1.26845790516951 0.917111194748883 0.82521694941818 4.66209281665892 1.6554111733901 -2.35747503250232 -1.69890538747803 -0.222220544634022 -0.576333120779199 -2.78595380703667 -1.57118234103106 0.259657369043832 0.533719843473301 -0.0737798792283469 0.547416461686683 1.34167617155524 -1.11136993921875 0.032459294588543 0.571323288261927 0.211573521973224 0.201781423298779 0.521618273333253 0.0619065482543564 -1.54172119849266 0.146039450528886 1.05024519689245 0.115020621470858 2.04819036611805 0.737270421599887 0.374110932079018
"BRAPET" 0.2412830023372 0.849259333846198 1.62690798993771 0.804672160439882 1.0508011786202 0.987771544857197 -0.0449965554309228 0.548146423576004 0.838221608080692 1.95596706931843 0.694258953035526 1.31474407488711 1.6554111733901 3.40566691891663 0.912537981619004 1.50882116356216 1.59582884643216 1.120827448603 1.20988256966968 0.0249250582340466 0.0801697824168872 1.52626490386841 0.282036768607799 0.921695279891981 0.969738959694283 0.797796761038968 0.561855029445407 0.341428756451032 0.636744952673398 -0.237777080739595 0.969357488800497 0.579548928795302 1.12651771932226 0.524125965543817 1.69389694330641 1.00618920767869 1.54099550321196 1.07224253751847 0.44759175518772
"PTFM" 0.626122893011972 2.3497891360348 2.36281600469923 2.49910375370459 1.91007870096104 0.937821731270886 0.402220148752825 1.55005037888006 1.49682257369612 3.69425558629351 0.604445229728859 0.753091691693517 -2.35747503250232 0.912537981619004 9.2863893798245 2.06803376264324 -0.332097244539295 -1.69333188465145 3.27185612575417 1.57409293808396 -0.0904974218972925 2.52562025501525 0.2299351247614 0.689504617867499 0.70499175035909 2.64119175169896 1.38099492772157 1.48068622862279 1.22259762595393 0.197917774335714 0.928908065623926 1.55632225167855 3.86938136259992 1.02672620962303 0.188794741161131 -0.049900986406144 -4.01945105472596 -0.187177184219707 -0.0341656182615701
"PTAPET" 0.0235517244285554 -0.0555934781861264 0.986755796045753 0.457902326711168 0.706390423131642 0.253399987607015 0.213033200235746 0.381718277870324 0.694668421452365 1.45222012687434 0.223598954664538 0.847904963792652 -1.69890538747803 1.50882116356216 2.06803376264324 4.06927825140821 3.20068418956891 3.06305026174577 4.37167076662327 1.72178930807259 0.0593908693199836 1.3347926601095 0.279203955721083 0.798962224999903 0.357210126036954 1.68762656466798 0.686912704769421 0.140699083710786 0.076383556997867 0.162798596644925 0.713295002301128 0.635618851868237 2.91215017498537 0.465845489414703 0.836640465341664 0.91061833952281 1.40744495277945 0.516093162275146 0.411674726951311
"PTBA" 0.564089809431716 0.839922613724141 2.85222247230623 1.27271136264667 1.43674959214803 1.11145577161432 0.301390984686204 1.11551614810885 1.54671846131253 1.50201456732028 1.05441326357921 1.86051992595347 -0.222220544634022 1.59582884643216 -0.332097244539295 3.20068418956891 5.26122261477722 4.93086182418226 4.19876443781508 1.30030132394304 0.103072933766555 2.06348317270408 0.553795697291087 1.24487792614891 2.00724206620132 2.06119654675101 1.44831602344788 0.420026710914853 1.70580268993608 0.306771168719589 1.9828184424878 0.583364123230682 2.35311246391825 0.930995723444929 1.27504689331037 2.17593434063 5.00990437292073 1.75842480540835 0.294800176765909
"PTEAM" 0.501208418596899 1.21981822040548 3.37569825523813 1.57781200112585 1.81696908020872 1.26871103238928 0.666295337475624 0.608256585853746 1.54774698395383 1.02197302452932 0.960494555437935 2.07816423256434 -0.576333120779199 1.120827448603 -1.69333188465145 3.06305026174577 4.93086182418226 7.09256760445837 5.38918744948946 1.44304032023196 0.315628518941009 1.92536703576161 0.964749817715347 1.31756753004917 2.46650302018784 2.79852895579022 1.36082066812983 0.0892165242213976 0.865125469547152 0.500990639305349 1.5816400447114 0.609339336949663 2.6721364991422 1.22368835104588 1.08880532861552 2.15086997412702 6.59671364068597 2.04245669154728 1.03665382201954
"PTZYGO" 0.68507317598038 1.92226343513899 3.59307903798367 2.2172251002654 2.03848822403277 1.10460411610066 0.637933311791514 1.16221754454766 2.15483574967175 2.34331482416111 1.16022574839609 1.84324671849619 -2.78595380703667 1.20988256966968 3.27185612575417 4.37167076662327 4.19876443781508 5.38918744948946 8.23705072523221 2.36492300653537 0.279162253448771 2.59247749339833 1.14578756986313 1.27767314930382 2.06253747740555 4.20328562354446 1.65733172816742 0.409765782973696 1.0305386756154 0.26111094764959 1.59883780256526 1.18202450829478 5.66949796412983 1.54774357303693 0.68516959886274 1.49714339825506 3.07431964157997 1.03991850763706 0.972578925740552
"PTTSP" 0.238590331932077 0.195663364614315 1.09903126294792 0.248539516789121 0.542483760317885 0.14047908210082 0.345079671630367 -0.381431551680337 0.278606835189229 0.22260697574766 -0.0957181221488405 0.358056629226913 -1.57118234103106 0.0249250582340466 1.57409293808396 1.72178930807259 1.30030132394304 1.44304032023196 2.36492300653537 5.72351522607985 0.298281221875477 0.553797991582978 0.659721554283718 0.0819392855494191 0.0174537742928716 -1.510722861347 0.461960202439244 -0.0358224280895769 0.148370726834954 0.268281900914193 0.287505938954594 -0.000484562800843737 -0.289704702925621 0.495260881599686 0.140323428669388 0.881521676856801 0.188010179012231 -0.312532858509454 0.00827268274149262
"FMZS" 0.0360537189132137 0.437165487832218 0.415342367852846 -0.165032034893683 0.393416201922679 0.297317259310732 0.428455669152946 -0.761680252275208 0.219459051601599 0.261683170271993 0.379686053977487 0.275875426066534 0.259657369043832 0.0801697824168872 -0.0904974218972925 0.0593908693199836 0.103072933766555 0.315628518941009 0.279162253448771 0.298281221875477 1.35535080636107 0.83390171798351 0.632362142200366 0.254845819774332 0.375968393950309 -0.148712033779111 0.2445876882009 0.181232016440519 0.0491343093303672 0.251934041806799 0.365617814070979 0.00716089677200731 0.174871429008844 -0.00786760688466551 0.158452435747858 0.178754233132632 0.418173983345841 0.160981057070562 0.0395324210730582
"FMMT" 1.02909505144115 2.86573318653834 3.44438416032369 2.29078756123811 2.0351932698707 1.50202304925944 0.51746623972856 1.1434340827519 1.86530910325193 2.8278425131111 1.23371710378996 2.10468690448746 0.533719843473301 1.52626490386841 2.52562025501525 1.3347926601095 2.06348317270408 1.92536703576161 2.59247749339833 0.553797991582978 0.83390171798351 4.34651673029366 0.929864153337079 2.09661260764378 2.51627946198792 1.98898516052151 1.77480188165764 0.955948746179544 1.43833688874554 0.436233489674019 1.83767505907639 0.492229479555138 2.09755313415168 1.09425174997497 0.500493573110009 1.73845592642832 2.28904548084321 1.38743938193985 0.423821565940511
"ZSZI" 0.343557434501672 0.860555279304015 1.22544726253286 0.191317376291102 0.945646919751452 0.577220505192969 0.223380544307205 -0.750345749168543 1.40320555924745 0.660399987982865 0.411266273273888 0.816832376167094 -0.0737798792283469 0.282036768607799 0.2299351247614 0.279203955721083 0.553795697291087 0.964749817715347 1.14578756986313 0.659721554283718 0.632362142200366 0.929864153337079 1.99113503496067 0.304325201096682 0.185974230248415 0.29466085869464 0.443341800907057 0.189685716286769 0.339065165806763 0.00994952974934608 0.672061363621754 0.313962872059107 0.542597200693668 0.374376218399966 0.201984402352543 0.49110849077798 1.11202052221836 0.173222417951936 -0.0911506828780731
"ZIMT" 0.431052692305417 0.754722345414096 1.41154227629593 0.341842313691746 0.300050539931912 0.937810114163018 -0.184092664366694 0.0926831646484783 0.630863317216717 1.4462947087966 0.399252090556306 1.22361191080153 0.547416461686683 0.921695279891981 0.689504617867499 0.798962224999903 1.24487792614891 1.31756753004917 1.27767314930382 0.0819392855494191 0.254845819774332 2.09661260764378 0.304325201096682 2.48508804260176 1.15826199803253 0.828185913470383 0.395024197171828 0.00399982146716905 0.32996492089787 0.274973772969025 0.707463968521581 0.825615846939752 1.0611972959443 0.404356010611319 0.297513780379144 1.21221958705585 1.71455556364487 0.753649281780417 0.455471025878002
"ZIZYGO" 0.840594254429902 2.13675343330347 3.90681216765608 2.43588265586859 1.42108372221551 1.74899108996472 0.514421116293843 1.42031522920474 1.05347272685413 2.02904366056212 1.78337220784031 2.0230505581492 1.34167617155524 0.969738959694283 0.70499175035909 0.357210126036954 2.00724206620132 2.46650302018784 2.06253747740555 0.0174537742928716 0.375968393950309 2.51627946198792 0.185974230248415 1.15826199803253 5.95241430275088 2.92213690858617 1.62197450127022 1.16069245282832 1.4324652581625 0.754340522823718 1.96537347849474 -1.15786849393519 1.4637355312927 1.21284093399088 1.35714199617366 1.60624372387627 3.8641067378336 2.41643244983187 0.702971840946803
"ZITSP" 0.833366740524815 2.17477272704452 3.36402205959302 2.82687101341137 1.2817252062252 1.3222063855034 0.802602037392436 2.01975868236746 1.59596333474191 2.4466847866515 1.24072646943636 1.15248993906018 -1.11136993921875 0.797796761038968 2.64119175169896 1.68762656466798 2.06119654675101 2.79852895579022 4.20328562354446 -1.510722861347 -0.148712033779111 1.98898516052151 0.29466085869464 0.828185913470383 2.92213690858617 9.36819646832315 1.54861515601012 1.01604095749296 1.19809773650679 0.517688326672106 1.43641449727297 0.713699152512155 3.52239831688992 1.49364255703581 0.217303536038979 1.54536056240611 1.9602459605976 1.28765137916565 0.667785572128581
"MTPNS" 0.646544338637272 1.82171114225192 3.09693076820855 1.94872741230015 1.87776124845252 0.919056232038357 0.559859189800979 1.00080144218829 1.36631065534049 1.18526671452889 0.931079861158454 1.06271044409411 0.032459294588543 0.561855029445407 1.38099492772157 0.686912704769421 1.44831602344788 1.36082066812983 1.65733172816742 0.461960202439244 0.2445876882009 1.77480188165764 0.443341800907057 0.395024197171828 1.62197450127022 1.54861515601012 2.332736051886 0.773625251087344 1.08284613174868 0.471293363980848 1.27695955331022 0.705685890742673 1.19756418193212 0.79336043633841 0.961307006153456 1.30444840740558 1.66152316023103 1.12727812748327 0.209845899579542
"PNSAPET" 0.489575616924331 1.53961497690696 0.431711754215772 1.51733795808055 1.67075729632649 0.940430269428669 0.378597264522697 1.11971375565147 1.22904007073906 1.48041195875557 0.988069173188374 -0.406986148154457 0.571323288261927 0.341428756451032 1.48068622862279 0.140699083710786 0.420026710914853 0.0892165242213976 0.409765782973696 -0.0358224280895769 0.181232016440519 0.955948746179544 0.189685716286769 0.00399982146716905 1.16069245282832 1.01604095749296 0.773625251087344 3.32509800833809 0.509485549484781 0.0521901022632867 0.912949690130184 0.729038669242486 0.492395758248584 0.506198759015182 0.739181582601285 0.302911046371983 0.651604796401854 0.156301585810389 -0.142268161664199
"APETBA" 0.673215414085381 1.68887296629092 2.35803331386973 1.79721947766655 1.45354470354405 1.10855967773106 0.364226945358346 1.27327242050336 1.29326951510392 1.28166744160405 0.840912126487516 0.902325077675183 0.211573521973224 0.636744952673398 1.22259762595393 0.076383556997867 1.70580268993608 0.865125469547152 1.0305386756154 0.148370726834954 0.0491343093303672 1.43833688874554 0.339065165806763 0.32996492089787 1.4324652581625 1.19809773650679 1.08284613174868 0.509485549484781 2.50647420773424 0.106966731008572 1.47206699470711 0.238791257441883 0.943455914159604 0.749992166492798 0.354935153524801 0.970503001210215 1.28282957667142 0.930508174672437 -0.525938001706148
"APETTS" 0.0838467086735132 0.416705260387683 0.665129490201082 0.389208756944051 0.28333063853749 0.254173688131133 0.203653464342998 -0.12763001516566 -0.0816773755882667 0.167851996078399 0.176939782777094 0.199308403800479 0.201781423298779 -0.237777080739595 0.197917774335714 0.162798596644925 0.306771168719589 0.500990639305349 0.26111094764959 0.268281900914193 0.251934041806799 0.436233489674019 0.00994952974934608 0.274973772969025 0.754340522823718 0.517688326672106 0.471293363980848 0.0521901022632867 0.106966731008572 1.26352981203444 0.426449243406443 0.274144441552869 0.215670395288419 0.0805229090834629 0.291595920859229 0.202269481126738 0.608517013907372 0.638168999836025 0.266588306369317
"BAEAM" 0.649200881510991 1.5057720318572 2.30024313386611 1.42563832103534 1.4762423190535 1.01613630685546 0.448422465145842 0.758545336180649 1.32498219724119 1.31522050250347 1.1003178479958 1.35818862350886 0.521618273333253 0.969357488800497 0.928908065623926 0.713295002301128 1.9828184424878 1.5816400447114 1.59883780256526 0.287505938954594 0.365617814070979 1.83767505907639 0.672061363621754 0.707463968521581 1.96537347849474 1.43641449727297 1.27695955331022 0.912949690130184 1.47206699470711 0.426449243406443 2.54966818996448 0.228860446195904 1.03978253316574 1.02863489387609 1.11734801721414 1.4229186551495 2.37970674094599 1.75564202985814 0.241736522783941
"EAMZYGO" 0.0158977221917911 0.856013913242116 1.31404800052856 0.418392324511608 0.725494613267832 0.599848865889953 0.101492257238188 0.0378239471312248 0.717298581311308 0.424721520025182 0.215839178456351 0.678460316214115 0.0619065482543564 0.579548928795302 1.55632225167855 0.635618851868237 0.583364123230682 0.609339336949663 1.18202450829478 -0.000484562800843737 0.00716089677200731 0.492229479555138 0.313962872059107 0.825615846939752 -1.15786849393519 0.713699152512155 0.705685890742673 0.729038669242486 0.238791257441883 0.274144441552869 0.228860446195904 4.49096932350081 1.42778202607583 0.308144511303322 0.923085348870742 0.137234962202909 0.230615361911627 0.129171737710534 0.393677299683724
"ZYGOTSP" 0.452670302762219 1.76002127948384 2.44437956830978 1.82667424462829 1.5308005263674 0.842239479662842 0.193620216668298 1.31571353133925 1.74601105984036 2.54938021728467 1.05546213305822 1.23789694575147 -1.54172119849266 1.12651771932226 3.86938136259992 2.91215017498537 2.35311246391825 2.6721364991422 5.66949796412983 -0.289704702925621 0.174871429008844 2.09755313415168 0.542597200693668 1.0611972959443 1.4637355312927 3.52239831688992 1.19756418193212 0.492395758248584 0.943455914159604 0.215670395288419 1.03978253316574 1.42778202607583 6.40419235122689 0.998409548316534 0.518656151374298 0.381014627191233 1.01783419435755 0.707300067001109 0.786636063726186
"LDAS" 0.398865451575103 1.09887305430897 1.80101590784937 1.24068895761811 1.10965046758478 0.683123120034619 0.416934116637891 0.749218926109639 0.910165032062972 0.712673466358138 0.641989848741902 0.86556546801266 0.146039450528886 0.524125965543817 1.02672620962303 0.465845489414703 0.930995723444929 1.22368835104588 1.54774357303693 0.495260881599686 -0.00786760688466551 1.09425174997497 0.374376218399966 0.404356010611319 1.21284093399088 1.49364255703581 0.79336043633841 0.506198759015182 0.749992166492798 0.0805229090834629 1.02863489387609 0.308144511303322 0.998409548316534 2.95193703704234 0.112108653711995 2.06164530810355 1.10662537621869 0.806802331013852 0.572108078175824
"BRLD" 0.353929702201801 0.170070165519869 2.13694705046443 0.754696315835381 1.25377348198026 1.16198413555867 0.430924823479021 0.801665577512657 1.05167351543003 -0.370016997002401 1.35557807247488 1.166267193244 1.05024519689245 1.69389694330641 0.188794741161131 0.836640465341664 1.27504689331037 1.08880532861552 0.68516959886274 0.140323428669388 0.158452435747858 0.500493573110009 0.201984402352543 0.297513780379144 1.35714199617366 0.217303536038979 0.961307006153456 0.739181582601285 0.354935153524801 0.291595920859229 1.11734801721414 0.923085348870742 0.518656151374298 0.112108653711995 7.04958438103798 -0.221030170589114 2.84094198750219 1.085089228385 0.254541763003404
"OPILD" 0.722198225117905 0.438648424947856 1.68796463239416 0.587338226612656 0.409138171346238 0.299768298257332 0.294826944484656 0.306912286606186 0.751735884010549 0.737977904671142 0.592799487220275 1.16093994789263 0.115020621470858 1.00618920767869 -0.049900986406144 0.91061833952281 2.17593434063 2.15086997412702 1.49714339825506 0.881521676856801 0.178754233132632 1.73845592642832 0.49110849077798 1.21221958705585 1.60624372387627 1.54536056240611 1.30444840740558 0.302911046371983 0.970503001210215 0.202269481126738 1.4229186551495 0.137234962202909 0.381014627191233 2.06164530810355 -0.221030170589114 5.72620458754158 2.72003296251969 2.10150005322679 -0.416563987790764
"PTAS" 0.789381517480469 1.57830531320494 4.00867698623142 1.69736726755189 1.99319067285125 1.93934545929765 0.312183614678098 0.913688621652125 1.9710411924083 1.28442257119928 1.90461795870119 2.62108790409691 2.04819036611805 1.54099550321196 -4.01945105472596 1.40744495277945 5.00990437292073 6.59671364068597 3.07431964157997 0.188010179012231 0.418173983345841 2.28904548084321 1.11202052221836 1.71455556364487 3.8641067378336 1.9602459605976 1.66152316023103 0.651604796401854 1.28282957667142 0.608517013907372 2.37970674094599 0.230615361911627 1.01783419435755 1.10662537621869 2.84094198750219 2.72003296251969 10.4829618654794 3.20552335051834 1.01301197656858
"JPAS" 0.418538398501678 0.875267046568655 2.06784559597804 1.03292611742877 0.790584454694651 0.755725634657432 0.286259946095041 0.296640727980759 0.378314281925059 0.300660206050058 0.663798100510631 1.41448346991191 0.737270421599887 1.07224253751847 -0.187177184219707 0.516093162275146 1.75842480540835 2.04245669154728 1.03991850763706 -0.312532858509454 0.160981057070562 1.38743938193985 0.173222417951936 0.753649281780417 2.41643244983187 1.28765137916565 1.12727812748327 0.156301585810389 0.930508174672437 0.638168999836025 1.75564202985814 0.129171737710534 0.707300067001109 0.806802331013852 1.085089228385 2.10150005322679 3.20552335051834 3.85508948831275 0.503318802789254
"BAOPI" -0.130081028948261 -0.129341414097294 0.482491566441491 0.125868671097635 0.246950930494968 0.270501670978703 0.0385089067219319 0.149238116620131 0.0830480805301893 0.315581267919144 0.349786295064566 0.605524224432032 0.374110932079018 0.44759175518772 -0.0341656182615701 0.411674726951311 0.294800176765909 1.03665382201954 0.972578925740552 0.00827268274149262 0.0395324210730582 0.423821565940511 -0.0911506828780731 0.455471025878002 0.702971840946803 0.667785572128581 0.209845899579542 -0.142268161664199 -0.525938001706148 0.266588306369317 0.241736522783941 0.393677299683724 0.786636063726186 0.572108078175824 0.254541763003404 -0.416563987790764 1.01301197656858 0.503318802789254 2.04258987151057
