"" "ISPM" "ISNSL" "ISPNS" "PMZS" "PMZI" "PMMT" "NSLNA" "NSLZS" "NSLZI" "NABR" "NAFM" "NAPNS" "BRPT" "BRAPET" "PTFM" "PTAPET" "PTBA" "PTEAM" "PTZYGO" "PTTSP" "FMZS" "FMMT" "ZSZI" "ZIMT" "ZIZYGO" "ZITSP" "MTPNS" "PNSAPET" "APETBA" "APETTS" "BAEAM" "EAMZYGO" "ZYGOTSP" "LDAS" "BRLD" "OPILD" "PTAS" "JPAS" "BAOPI"
"ISPM" 0.725158295396868 0.576618655244488 0.953297399089713 0.240956456518836 0.163764800863193 0.526068385686091 0.314931956890207 0.21688302830094 0.359868063899473 0.391676036583067 0.227111013022337 0.314325942991023 0.241441973830132 0.251818895250473 0.456325574276334 -0.0147810490457912 0.0096557472267136 -0.0234252647304629 0.299080940756391 -0.0407925744595893 0.178498573097803 0.433715237692417 0.212399614911159 0.220448067931956 0.338173790703656 0.833153174657455 0.257118728758092 0.403567977105143 0.112680972256988 0.0574630712883747 0.142187082933468 0.114023747797685 0.269237636984572 0.451496235698468 0.447637471032 0.30782654586623 0.264077433128642 0.0873647248570754 0.0529139502743935
"ISNSL" 0.576618655244488 4.266076801443 3.19589203364243 3.29889594763317 2.57156123301978 1.47596570791255 0.346684267653143 0.720183941431424 2.11803014184175 2.06347585991332 0.797730372388144 0.901005289945341 -0.539609673977579 -0.116427101001249 2.00338349001174 0.213068171591647 0.627965041951776 1.05902956588502 1.96895721069959 0.227226235435512 1.47915405439596 2.58870806581228 1.42870749573974 0.36633549317401 1.68283202288206 2.65536112665922 2.03853932126149 1.42281959825178 1.05911746905615 0.836827943554585 0.705407523787588 0.920919312256962 1.83546103650724 0.685515906319537 0.169288097186968 0.603553494713854 1.32829805399075 0.894194237298671 0.253701387664032
"ISPNS" 0.953297399089713 3.19589203364243 7.99108047112386 4.19758892477638 3.97844854717558 2.04591795556896 1.84869813435435 1.34179435892644 3.5898487355911 1.51163461724052 0.232514800615733 3.39304415292373 -2.06458057503422 -0.934458998760588 2.80879392880462 0.597632786496067 0.997950462585579 1.18064823930384 2.4022351188282 0.0790281091620548 1.30186564068901 2.84052303841213 2.69011797406499 -0.396335339605286 1.97127030919243 4.07090896943458 2.54300999517162 -0.674183126326757 1.53149001936704 1.95410551123684 1.465638620451 0.956258847309296 2.0369725409721 1.13013323732443 -0.0693070571762684 1.12463213807533 1.51891714479492 0.854453548253952 -0.189375964835912
"PMZS" 0.240956456518836 3.29889594763317 4.19758892477638 5.20476664168041 3.51776496021955 1.71739986077312 1.49791344291999 2.08292842583056 2.48081910943105 1.5445176011154 0.598638434597254 1.53659714614981 -1.76472093835672 -0.586796355761366 2.27421927858107 0.858512616822828 1.13375497409591 1.34937271563326 2.77814569912328 0.270776241840589 0.170210998430808 2.4279295556349 1.53331467722539 -0.499960407135321 2.00819911951721 3.07430438556629 2.23606142730638 0.91213087252838 1.33640942332737 0.967196529125477 1.06502890482169 0.271207968129838 2.48360865064042 0.385375600682793 0.409942236132482 0.0378326432829595 1.10025836888478 0.92956117828549 0.104065426737674
"PMZI" 0.163764800863193 2.57156123301978 3.97844854717558 3.51776496021955 4.09205209541779 1.46944890116608 0.469307395131378 1.03475774293229 2.97414045664366 1.30178802392847 0.480956498775545 1.19280864050319 -1.63384320032897 -0.359179907874396 1.699682092038 0.536019181515411 0.979957762111108 1.10464704798599 1.7917236939615 -0.0120455726680332 1.07394936130193 1.87665945812346 2.01991017280911 -0.622161751319756 0.79629611280214 1.71548429684961 1.97468773225988 0.571315881177612 1.26740036304971 0.957317154879647 1.06251846748732 0.315803279684828 1.77660155341255 0.0801795934788656 0.132333715861141 0.255072817847508 0.805530027992615 0.806821066574174 -0.0141861586290663
"PMMT" 0.526068385686091 1.47596570791255 2.04591795556896 1.71739986077312 1.46944890116608 2.7666121616035 0.701455082718766 0.951353296537055 1.50901547328218 0.741369855582965 0.572791226011184 0.653180164458928 0.347053128644297 0.164883110394831 0.732438922322363 -0.199270798069232 0.324403728988132 0.00126655375069804 0.785100160100308 -0.400683355995707 0.398312843173626 1.25734552255081 0.788476864959553 0.930024296050287 1.44688255955827 0.988190098113603 0.677982883903701 0.660999381413774 0.892596302550999 0.408157919709405 0.805123055694318 0.198344268350968 1.04716932231074 0.363463983900334 0.516654329397813 0.19167920932174 0.45290099057808 0.26085009170766 0.181448197809452
"NSLNA" 0.314931956890207 0.346684267653143 1.84869813435435 1.49791344291999 0.469307395131378 0.701455082718766 3.15743132486038 0.829142218577578 1.00121201789832 -0.796779515274869 0.107427253653782 0.758591110134601 -1.08457669210839 -0.989215902146207 0.808658212291917 -0.0912601722077838 -0.174844812883959 -0.39494768251198 0.643826095938631 0.210084572395428 0.379848813609076 0.799224690028446 0.756537120787605 0.221102739549279 0.424641643315476 1.64654263327802 0.149492407939088 -0.150714704975812 0.543454565550084 0.562222898088445 0.483864356622422 0.468546285639189 0.584031106625998 -0.365432833951587 0.583443549676915 -1.02748716045038 -0.0652320508076761 0.560339702352157 0.0708795548724287
"NSLZS" 0.21688302830094 0.720183941431424 1.34179435892644 2.08292842583056 1.03475774293229 0.951353296537055 0.829142218577578 3.51525204462564 1.90145257721711 0.563798495356919 0.837011712545069 0.868294703951093 -0.491046330871933 -0.254076140853339 0.948145338541989 0.305070253879842 0.451961312254479 0.325335077421551 1.39986176790351 0.0521933603641154 -1.30380197970367 0.310395814099878 -0.577600987658183 -0.683942273573076 0.716951126558881 0.517832480000395 0.595518579192304 0.363566216164733 0.691250597670081 0.342221914337748 0.591260596065768 -0.342425151127862 1.35978185688281 0.273721059217039 -0.287662062007105 0.0222003862594345 0.604261805879825 0.779449652982892 0.219078178264966
"NSLZI" 0.359868063899473 2.11803014184175 3.5898487355911 2.48081910943105 2.97414045664366 1.50901547328218 1.00121201789832 1.90145257721711 4.02940794567856 1.47362036186545 0.947321095840611 1.60669001590252 -0.795463152671463 -0.0521001155930626 2.07259047829488 0.00604226201628221 0.752715821328644 0.218666313262437 1.59499992047964 -0.419973489665367 0.851037457326615 1.62482163674952 2.26226060637746 -0.411834686807242 0.746132699263205 1.77564092467446 1.60102089196496 0.248521838499787 1.61360037514055 0.985276579966043 1.10701093130885 0.312333839634592 2.10361459543237 0.499321037508261 0.062065852254313 0.51612503569963 0.66959908908016 0.899956766951184 -0.00989425638636292
"NABR" 0.391676036583067 2.06347585991332 1.51163461724052 1.5445176011154 1.30178802392847 0.741369855582965 -0.796779515274869 0.563798495356919 1.47362036186545 6.55991326693397 0.674143604354408 1.00320265106565 2.2133094701571 2.03739447345526 2.59630408848051 0.887012593911799 1.96142999708879 1.78480953322624 1.7730667636818 0.209440345062722 0.932248867922336 2.7139240425275 1.1278788714099 0.0197013187113618 1.21643449582186 1.86427260305142 2.08405473198385 1.24301395260292 1.70791036408558 1.0801318725569 1.33203853628494 1.0160335353609 1.71063689303347 2.25642176285637 -1.43506223649305 1.60432983685956 2.02375689388403 0.711893306996303 0.229573502121691
"NAFM" 0.227111013022337 0.797730372388144 0.232514800615733 0.598638434597254 0.480956498775545 0.572791226011184 0.107427253653782 0.837011712545069 0.947321095840611 0.674143604354408 1.77580907464641 0.360450039307258 0.47829472346541 0.790179416012493 0.364215375211442 0.293595950263335 0.657396706565706 0.456349640758317 1.17141066153761 0.141779370857087 0.469070254522785 0.20012895075034 0.183481255439442 -0.0189773167567148 1.06667436694169 0.737498312019635 0.430394164630512 0.744142884625502 0.758938293658072 -0.0330458321822346 0.356244160854799 -0.246402495227575 0.971887616308899 0.397769017700774 0.240700228612704 0.69014131522247 0.662425848007974 0.469657051649339 0.136961270173463
"NAPNS" 0.314325942991023 0.901005289945341 3.39304415292373 1.53659714614981 1.19280864050319 0.653180164458928 0.758591110134601 0.868294703951093 1.60669001590252 1.00320265106565 0.360450039307258 3.07292090044599 -0.330433456262484 0.290296680828175 1.20136326720727 0.763540459178843 1.20378714608083 0.801029622572727 1.11993740802527 0.0602816905477602 0.334420716830906 1.81731816856892 1.23363154024548 -0.308105301560099 1.50292195247151 1.70542597172799 0.913745422207801 -0.802917231290071 0.898621487446076 1.25719075242385 0.824752935494628 -0.148766107314431 0.737989781784259 0.85759788569048 0.0181661225295578 1.08850538284305 1.46336751842926 0.898631049833546 0.0482425852192285
"BRPT" 0.241441973830132 -0.539609673977579 -2.06458057503422 -1.76472093835672 -1.63384320032897 0.347053128644297 -1.08457669210839 -0.491046330871933 -0.795463152671463 2.2133094701571 0.47829472346541 -0.330433456262484 4.69893699768881 2.79674835107879 -0.71187213862526 -0.631267623105967 0.276563693223368 -0.553587188104313 -1.80633276031429 -0.899125163809241 -0.0510210573888883 0.22137624306848 -0.506441892485273 0.623299813306364 -0.183767420787602 -1.22277694651097 -0.176838394624052 0.643880183925925 0.170576601520246 -0.0206410065034887 0.328159570111444 0.289855481844276 -1.34249154007027 0.95630014990738 0.46970793903572 1.16984804798834 0.967666479620842 -0.193181925684142 0.0412251349022084
"BRAPET" 0.251818895250473 -0.116427101001249 -0.934458998760588 -0.586796355761366 -0.359179907874396 0.164883110394831 -0.989215902146207 -0.254076140853339 -0.0521001155930626 2.03739447345526 0.790179416012493 0.290296680828175 2.79674835107879 3.96436038453846 -0.52844284270449 1.23798970991308 1.73831324650923 1.18855538274426 0.475327430795294 0.370760251974081 0.217618760501074 0.895033516587819 0.0623365771191934 0.629911245492111 -0.685571733640812 -0.574538629404604 0.427593802222591 0.308260568198813 0.56567950302305 -0.311679815531219 0.197100255869699 0.410641623639748 0.140173134817651 0.979464867026302 1.65203358280207 1.5067621086739 1.74332309435389 0.230964272317655 -0.219115997891005
"PTFM" 0.456325574276334 2.00338349001174 2.80879392880462 2.27421927858107 1.699682092038 0.732438922322363 0.808658212291917 0.948145338541989 2.07259047829488 2.59630408848051 0.364215375211442 1.20136326720727 -0.71187213862526 -0.52844284270449 6.3379704593991 -0.339407877458071 -1.14895768685859 -2.26162662040726 0.715312152163049 -0.961663242827914 -0.178126808446839 2.01264026164986 1.6961327421597 -0.385063420087855 0.814181204030717 1.97489096125626 1.75375079552243 0.870320229465526 0.853170698112044 0.898192756361436 0.909527454402689 1.45568242736615 2.49475199770865 0.577717044168823 -0.675927106335128 0.816687003798668 -2.62168041897055 0.288345995514276 0.00373634799653165
"PTAPET" -0.0147810490457912 0.213068171591647 0.597632786496067 0.858512616822828 0.536019181515411 -0.199270798069232 -0.0912601722077838 0.305070253879842 0.00604226201628221 0.887012593911799 0.293595950263335 0.763540459178843 -0.631267623105967 1.23798970991308 -0.339407877458071 3.00130650381721 2.79483798287594 2.48883516897258 2.4311081148247 2.07151975679389 -0.125322715987671 1.07188101588247 -0.0469011816899408 0.344004585636151 0.357552880100297 0.541226596538013 0.784192395465486 -0.122612390398843 0.145584298480761 0.119688412714108 0.0144193168147342 -0.410489377846006 0.958577273939701 0.520038340069255 1.0519083921084 0.394528519045729 1.75395202596645 0.417254112897631 0.0776295602698201
"PTBA" 0.0096557472267136 0.627965041951776 0.997950462585579 1.13375497409591 0.979957762111108 0.324403728988132 -0.174844812883959 0.451961312254479 0.752715821328644 1.96142999708879 0.657396706565706 1.20378714608083 0.276563693223368 1.73831324650923 -1.14895768685859 2.79483798287594 4.85559477825746 3.76940647603079 2.79356429896859 1.89472722189516 0.624026219139553 2.07833917100911 0.628544168590854 0.520401632258709 1.70549435046159 1.27470492616659 1.13383492913847 0.358239871042344 1.94802178482246 0.27663663611541 0.749338098308991 -0.661440480638015 1.00971775368116 0.969239682653605 1.68357492089661 0.848390578333595 4.13810183118067 1.0425322085294 -0.00350755498010717
"PTEAM" -0.0234252647304629 1.05902956588502 1.18064823930384 1.34937271563326 1.10464704798599 0.00126655375069804 -0.39494768251198 0.325335077421551 0.218666313262437 1.78480953322624 0.456349640758317 0.801029622572727 -0.553587188104313 1.18855538274426 -2.26162662040726 2.48883516897258 3.76940647603079 5.80398037464511 3.75337597918854 2.16573245644362 0.775747467639153 1.63174714750589 0.0323790886837127 0.2311962653503 1.24200680440444 2.12325725060272 1.40365153476445 0.296627750982979 0.945750370005221 0.337995601905237 0.330033981767305 0.1595466198251 1.51869800529414 1.02190777109652 0.749569033902403 0.604575161770692 5.35193406701279 1.1760843104442 0.122786701332757
"PTZYGO" 0.299080940756391 1.96895721069959 2.4022351188282 2.77814569912328 1.7917236939615 0.785100160100308 0.643826095938631 1.39986176790351 1.59499992047964 1.7730667636818 1.17141066153761 1.11993740802527 -1.80633276031429 0.475327430795294 0.715312152163049 2.4311081148247 2.79356429896859 3.75337597918854 5.43631680150877 2.1945989073267 0.286305411553971 1.49351724640288 0.823693987788219 0.0254949605440936 2.00546623027267 3.1673715240167 1.69300133924745 0.543009263252084 1.33805386701254 0.409028518401971 0.565156302585264 0.199348588696228 3.8293146908669 0.833010106559792 0.532747584035522 0.679605287263426 2.5658983021768 0.850856665643459 0.0685989290720177
"PTTSP" -0.0407925744595893 0.227226235435512 0.0790281091620548 0.270776241840589 -0.0120455726680332 -0.400683355995707 0.210084572395428 0.0521933603641154 -0.419973489665367 0.209440345062722 0.141779370857087 0.0602816905477602 -0.899125163809241 0.370760251974081 -0.961663242827914 2.07151975679389 1.89472722189516 2.16573245644362 2.1945989073267 4.0258042419485 0.270782374451042 0.20018796019817 -0.539760149437995 0.00158130665137914 0.526380600249539 0.437483614921759 0.23543845029798 0.286806220743588 0.145898009177662 -0.285139362884179 -0.157876687378798 -0.227902539462574 -0.129614222001259 0.405155633113657 0.770149286019542 -0.452459939561329 1.45087237319881 0.0451143864085087 -0.0802606826727692
"FMZS" 0.178498573097803 1.47915405439596 1.30186564068901 0.170210998430808 1.07394936130193 0.398312843173626 0.379848813609076 -1.30380197970367 0.851037457326615 0.932248867922336 0.469070254522785 0.334420716830906 -0.0510210573888883 0.217618760501074 -0.178126808446839 -0.125322715987671 0.624026219139553 0.775747467639153 0.286305411553971 0.270782374451042 2.75698759474222 1.47245495960541 1.22606494805079 0.632713988510058 0.37449539203407 1.15408358711709 0.512077102976458 0.292803764165927 0.824411388302507 0.516170863635961 0.480810232723619 0.758971886189207 -0.0578779870690799 0.268282876063514 0.0947787713945121 0.0932509947576516 1.14117127587388 0.35777545370062 0.120536474881486
"FMMT" 0.433715237692417 2.58870806581228 2.84052303841213 2.4279295556349 1.87665945812346 1.25734552255081 0.799224690028446 0.310395814099878 1.62482163674952 2.7139240425275 0.20012895075034 1.81731816856892 0.22137624306848 0.895033516587819 2.01264026164986 1.07188101588247 2.07833917100911 1.63174714750589 1.49351724640288 0.20018796019817 1.47245495960541 4.43336913000719 1.71000520271638 0.943213910185695 1.06165933359968 2.31205378587539 2.04962365376962 0.981813824271422 1.41282249831258 1.2396040038291 1.18877223289166 1.43752043457084 1.50330347179341 0.923214575446741 0.695694054614845 0.596210824131298 2.43849875840228 1.25771435183375 0.273912382067874
"ZSZI" 0.212399614911159 1.42870749573974 2.69011797406499 1.53331467722539 2.01991017280911 0.788476864959553 0.756537120787605 -0.577600987658183 2.26226060637746 1.1278788714099 0.183481255439442 1.23363154024548 -0.506441892485273 0.0623365771191934 1.6961327421597 -0.0469011816899408 0.628544168590854 0.0323790886837127 0.823693987788219 -0.539760149437995 1.22606494805079 1.71000520271638 2.90489975618359 -0.134156569330046 0.703723904657557 1.92900408747403 1.34689891586604 0.00315755873461728 1.19627731763845 0.731663371161942 0.740223664853956 0.299855115554962 1.40852909135349 0.44117463550641 0.450447813393393 0.522768968767346 0.300390104231846 0.329925498727217 -0.269088721412242
"ZIMT" 0.220448067931956 0.36633549317401 -0.396335339605286 -0.499960407135321 -0.622161751319756 0.930024296050287 0.221102739549279 -0.683942273573076 -0.411834686807242 0.0197013187113618 -0.0189773167567148 -0.308105301560099 0.623299813306364 0.629911245492111 -0.385063420087855 0.344004585636151 0.520401632258709 0.2311962653503 0.0254949605440936 0.00158130665137914 0.632713988510058 0.943213910185695 -0.134156569330046 2.15761711684916 -0.207704650783766 -0.0778323433645741 -0.371987348012871 0.424890935258879 -0.0715735477498989 -0.138666386355335 -0.165267369810565 1.04370477342054 0.0334995457460325 0.0587117116270056 0.828062489453764 -0.0725641978486134 0.429574165025688 -0.118184334245085 0.113667596536259
"ZIZYGO" 0.338173790703656 1.68283202288206 1.97127030919243 2.00819911951721 0.79629611280214 1.44688255955827 0.424641643315476 0.716951126558881 0.746132699263205 1.21643449582186 1.06667436694169 1.50292195247151 -0.183767420787602 -0.685571733640812 0.814181204030717 0.357552880100297 1.70549435046159 1.24200680440444 2.00546623027267 0.526380600249539 0.37449539203407 1.06165933359968 0.703723904657557 -0.207704650783766 6.93360223200658 2.5845740295604 0.893393828849034 0.498292013336896 1.68873904867126 0.475314810822352 1.05892794669866 -3.41217380922562 1.07417595465706 0.276551016071392 -0.653931328362861 1.29559932105442 1.32702657899629 1.10017245176644 0.0310926666085899
"ZITSP" 0.833153174657455 2.65536112665922 4.07090896943458 3.07430438556629 1.71548429684961 0.988190098113603 1.64654263327802 0.517832480000395 1.77564092467446 1.86427260305142 0.737498312019635 1.70542597172799 -1.22277694651097 -0.574538629404604 1.97489096125626 0.541226596538013 1.27470492616659 2.12325725060272 3.1673715240167 0.437483614921759 1.15408358711709 2.31205378587539 1.92900408747403 -0.0778323433645741 2.5845740295604 7.22333604286194 2.16473451279156 0.91908489954638 1.25531774079829 1.00308236056683 0.675496497390726 1.14715640338162 2.37925906820501 1.45737148355606 0.762640267095244 0.38663472137731 2.42034895208025 1.13362142475547 0.0983023999711027
"MTPNS" 0.257118728758092 2.03853932126149 2.54300999517162 2.23606142730638 1.97468773225988 0.677982883903701 0.149492407939088 0.595518579192304 1.60102089196496 2.08405473198385 0.430394164630512 0.913745422207801 -0.176838394624052 0.427593802222591 1.75375079552243 0.784192395465486 1.13383492913847 1.40365153476445 1.69300133924745 0.23543845029798 0.512077102976458 2.04962365376962 1.34689891586604 -0.371987348012871 0.893393828849034 2.16473451279156 2.36951241471788 0.591078683860055 0.920705285396626 0.840451338316274 0.895773803309581 0.867848003352878 1.67753860050056 0.704516930470069 -0.0286122557645218 0.766434017496496 1.5195985612631 0.787294000657349 0.138753115636784
"PNSAPET" 0.403567977105143 1.42281959825178 -0.674183126326757 0.91213087252838 0.571315881177612 0.660999381413774 -0.150714704975812 0.363566216164733 0.248521838499787 1.24301395260292 0.744142884625502 -0.802917231290071 0.643880183925925 0.308260568198813 0.870320229465526 -0.122612390398843 0.358239871042344 0.296627750982979 0.543009263252084 0.286806220743588 0.292803764165927 0.981813824271422 0.00315755873461728 0.424890935258879 0.498292013336896 0.91908489954638 0.591078683860055 2.98674842712915 0.151968744257762 -0.552318862810269 0.224205027476892 0.837217763498102 0.521341836557193 0.233222680846428 0.618491466006057 0.124010634741919 0.497088007235891 0.16844208910912 0.15528989750806
"APETBA" 0.112680972256988 1.05911746905615 1.53149001936704 1.33640942332737 1.26740036304971 0.892596302550999 0.543454565550084 0.691250597670081 1.61360037514055 1.70791036408558 0.758938293658072 0.898621487446076 0.170576601520246 0.56567950302305 0.853170698112044 0.145584298480761 1.94802178482246 0.945750370005221 1.33805386701254 0.145898009177662 0.824411388302507 1.41282249831258 1.19627731763845 -0.0715735477498989 1.68873904867126 1.25531774079829 0.920705285396626 0.151968744257762 2.56661033093702 0.560606268320176 1.12921003777248 -0.189702482940195 1.20030152033496 0.471008503648651 0.461418267552834 0.432450486421281 1.65983912154247 0.927581589130712 -0.0816106142858099
"APETTS" 0.0574630712883747 0.836827943554585 1.95410551123684 0.967196529125477 0.957317154879647 0.408157919709405 0.562222898088445 0.342221914337748 0.985276579966043 1.0801318725569 -0.0330458321822346 1.25719075242385 -0.0206410065034887 -0.311679815531219 0.898192756361436 0.119688412714108 0.27663663611541 0.337995601905237 0.409028518401971 -0.285139362884179 0.516170863635961 1.2396040038291 0.731663371161942 -0.138666386355335 0.475314810822352 1.00308236056683 0.840451338316274 -0.552318862810269 0.560606268320176 1.77143214289264 0.758995784061007 0.49449404633784 0.521522701081714 0.0653540292312581 -0.370065288117898 0.00282962829627408 0.719733586119092 0.475282386504464 0.248088407912328
"BAEAM" 0.142187082933468 0.705407523787588 1.465638620451 1.06502890482169 1.06251846748732 0.805123055694318 0.483864356622422 0.591260596065768 1.10701093130885 1.33203853628494 0.356244160854799 0.824752935494628 0.328159570111444 0.197100255869699 0.909527454402689 0.0144193168147342 0.749338098308991 0.330033981767305 0.565156302585264 -0.157876687378798 0.480810232723619 1.18877223289166 0.740223664853956 -0.165267369810565 1.05892794669866 0.675496497390726 0.895773803309581 0.224205027476892 1.12921003777248 0.758995784061007 1.57350504220158 0.281326110090935 0.749569289238591 0.745615160947911 -0.518991837718087 0.769294280380307 1.02599967218423 0.726880730296783 0.0862944781046162
"EAMZYGO" 0.114023747797685 0.920919312256962 0.956258847309296 0.271207968129838 0.315803279684828 0.198344268350968 0.468546285639189 -0.342425151127862 0.312333839634592 1.0160335353609 -0.246402495227575 -0.148766107314431 0.289855481844276 0.410641623639748 1.45568242736615 -0.410489377846006 -0.661440480638015 0.1595466198251 0.199348588696228 -0.227902539462574 0.758971886189207 1.43752043457084 0.299855115554962 1.04370477342054 -3.41217380922562 1.14715640338162 0.867848003352878 0.837217763498102 -0.189702482940195 0.49449404633784 0.281326110090935 5.70281115525542 0.771649803845719 0.261356277183345 0.344620565635086 -0.276253397512118 0.628767906936829 -0.100607893584714 0.224648641818705
"ZYGOTSP" 0.269237636984572 1.83546103650724 2.0369725409721 2.48360865064042 1.77660155341255 1.04716932231074 0.584031106625998 1.35978185688281 2.10361459543237 1.71063689303347 0.971887616308899 0.737989781784259 -1.34249154007027 0.140173134817651 2.49475199770865 0.958577273939701 1.00971775368116 1.51869800529414 3.8293146908669 -0.129614222001259 -0.0578779870690799 1.50330347179341 1.40852909135349 0.0334995457460325 1.07417595465706 2.37925906820501 1.67753860050056 0.521341836557193 1.20030152033496 0.521522701081714 0.749569289238591 0.771649803845719 4.64353955184565 0.624059268643083 0.148640671648389 0.719590326774466 0.478693281815347 0.458125633480934 -0.0188329167470491
"LDAS" 0.451496235698468 0.685515906319537 1.13013323732443 0.385375600682793 0.0801795934788656 0.363463983900334 -0.365432833951587 0.273721059217039 0.499321037508261 2.25642176285637 0.397769017700774 0.85759788569048 0.95630014990738 0.979464867026302 0.577717044168823 0.520038340069255 0.969239682653605 1.02190777109652 0.833010106559792 0.405155633113657 0.268282876063514 0.923214575446741 0.44117463550641 0.0587117116270056 0.276551016071392 1.45737148355606 0.704516930470069 0.233222680846428 0.471008503648651 0.0653540292312581 0.745615160947911 0.261356277183345 0.624059268643083 3.15677711982895 -0.822763878796347 1.88575986982279 1.62682263148907 0.331484010468296 0.043954216494965
"BRLD" 0.447637471032 0.169288097186968 -0.0693070571762684 0.409942236132482 0.132333715861141 0.516654329397813 0.583443549676915 -0.287662062007105 0.062065852254313 -1.43506223649305 0.240700228612704 0.0181661225295578 0.46970793903572 1.65203358280207 -0.675927106335128 1.0519083921084 1.68357492089661 0.749569033902403 0.532747584035522 0.770149286019542 0.0947787713945121 0.695694054614845 0.450447813393393 0.828062489453764 -0.653931328362861 0.762640267095244 -0.0286122557645218 0.618491466006057 0.461418267552834 -0.370065288117898 -0.518991837718087 0.344620565635086 0.148640671648389 -0.822763878796347 7.742698678506 -1.47530038782194 1.18453484436312 -0.647902585872537 -0.133774481717348
"OPILD" 0.30782654586623 0.603553494713854 1.12463213807533 0.0378326432829595 0.255072817847508 0.19167920932174 -1.02748716045038 0.0222003862594345 0.51612503569963 1.60432983685956 0.69014131522247 1.08850538284305 1.16984804798834 1.5067621086739 0.816687003798668 0.394528519045729 0.848390578333595 0.604575161770692 0.679605287263426 -0.452459939561329 0.0932509947576516 0.596210824131298 0.522768968767346 -0.0725641978486134 1.29559932105442 0.38663472137731 0.766434017496496 0.124010634741919 0.432450486421281 0.00282962829627408 0.769294280380307 -0.276253397512118 0.719590326774466 1.88575986982279 -1.47530038782194 3.89861039346517 0.992228329892801 0.73932207353585 -0.562931421497825
"PTAS" 0.264077433128642 1.32829805399075 1.51891714479492 1.10025836888478 0.805530027992615 0.45290099057808 -0.0652320508076761 0.604261805879825 0.66959908908016 2.02375689388403 0.662425848007974 1.46336751842926 0.967666479620842 1.74332309435389 -2.62168041897055 1.75395202596645 4.13810183118067 5.35193406701279 2.5658983021768 1.45087237319881 1.14117127587388 2.43849875840228 0.300390104231846 0.429574165025688 1.32702657899629 2.42034895208025 1.5195985612631 0.497088007235891 1.65983912154247 0.719733586119092 1.02599967218423 0.628767906936829 0.478693281815347 1.62682263148907 1.18453484436312 0.992228329892801 7.44554569418454 1.75938023320062 0.312455838685523
"JPAS" 0.0873647248570754 0.894194237298671 0.854453548253952 0.92956117828549 0.806821066574174 0.26085009170766 0.560339702352157 0.779449652982892 0.899956766951184 0.711893306996303 0.469657051649339 0.898631049833546 -0.193181925684142 0.230964272317655 0.288345995514276 0.417254112897631 1.0425322085294 1.1760843104442 0.850856665643459 0.0451143864085087 0.35777545370062 1.25771435183375 0.329925498727217 -0.118184334245085 1.10017245176644 1.13362142475547 0.787294000657349 0.16844208910912 0.927581589130712 0.475282386504464 0.726880730296783 -0.100607893584714 0.458125633480934 0.331484010468296 -0.647902585872537 0.73932207353585 1.75938023320062 2.48169213607584 0.219278588494286
"BAOPI" 0.0529139502743935 0.253701387664032 -0.189375964835912 0.104065426737674 -0.0141861586290663 0.181448197809452 0.0708795548724287 0.219078178264966 -0.00989425638636292 0.229573502121691 0.136961270173463 0.0482425852192285 0.0412251349022084 -0.219115997891005 0.00373634799653165 0.0776295602698201 -0.00350755498010717 0.122786701332757 0.0685989290720177 -0.0802606826727692 0.120536474881486 0.273912382067874 -0.269088721412242 0.113667596536259 0.0310926666085899 0.0983023999711027 0.138753115636784 0.15528989750806 -0.0816106142858099 0.248088407912328 0.0862944781046162 0.224648641818705 -0.0188329167470491 0.043954216494965 -0.133774481717348 -0.562931421497825 0.312455838685523 0.219278588494286 0.863729224956353
