"" "ISPM" "ISNSL" "ISPNS" "PMZS" "PMZI" "PMMT" "NSLNA" "NSLZS" "NSLZI" "NABR" "NAFM" "NAPNS" "BRPT" "BRAPET" "PTFM" "PTAPET" "PTBA" "PTEAM" "PTZYGO" "PTTSP" "FMZS" "FMMT" "ZSZI" "ZIMT" "ZIZYGO" "ZITSP" "MTPNS" "PNSAPET" "APETBA" "APETTS" "BAEAM" "EAMZYGO" "ZYGOTSP" "LDAS" "BRLD" "OPILD" "PTAS" "JPAS" "BAOPI"
"ISPM" 0.478593864945469 0.198724009520201 0.949114090871602 0.0981566347222312 0.302813267655414 0.260429473820751 0.25131827648736 0.263368438423203 0.601550173048979 0.51146152095321 0.473809732616937 0.706625255076043 -0.037813704596462 0.270102698077105 0.253750347561368 0.280630967571929 0.488867928850636 0.58048467981367 0.684345427560765 0.0144626494401002 0.217619631169373 0.423878231331852 0.271587117644304 0.00751004705891865 0.18024304393262 0.652602960088086 0.371160378288814 0.283539066435336 0.283292024353077 0.260771221574802 0.420828626028033 0.574624313145316 0.548060253819738 -0.140729940666787 -0.0464751750011333 0.398384635476255 0.851671856163355 -0.200308354198383 -0.0311128978449419
"ISNSL" 0.198724009520201 3.50002325226366 1.91812072861685 0.774526572899245 0.186150189943364 0.210619902091366 -1.05445184159754 0.662140383457764 0.102449505223552 0.448293459020078 0.90957532170545 0.943313798564886 0.308314895901451 -0.599157870795626 0.127588967506897 0.055169766638155 0.323137145478216 0.67683230619797 0.38342870037331 -0.58120121232523 0.734141759299395 0.734406459027053 -0.245590937239682 0.33246442198147 0.846821053671163 0.478207838710423 0.38525294549356 -0.0537635593441079 0.198812132512661 0.264068261715377 0.383388323251356 1.12437678923133 0.514166103763775 -0.29062055076887 -2.56256569714527 -0.443430162795154 0.692089391516339 -0.77327991739084 0.261901648782004
"ISPNS" 0.949114090871602 1.91812072861685 4.57188230087816 1.21505731468689 1.96526323465565 1.54916505235086 0.858677531587275 0.818464748792735 2.34327107411422 0.744965213346485 1.57374054100596 2.89194033765906 0.0706213652106303 0.354652955686919 1.17023510919077 0.251284318207036 1.03979888325202 0.997988513090985 1.29586163285349 -0.37158025494166 1.04303354743652 1.96495061343148 1.56316362764964 0.0699485834078702 0.92216034007545 1.77631885390028 1.52739898485733 0.13128423134063 1.0062226797183 1.13007002741464 1.73549789778627 1.70604201040664 1.23479515113921 -0.421649343053189 -0.415676175721818 0.189722466743678 2.08002600117196 -0.284317837112356 -0.0582239727364912
"PMZS" 0.0981566347222312 0.774526572899245 1.21505731468689 2.25929645250521 1.37590195368868 0.86117095227663 0.807367085769962 1.18562641474273 0.703067608565934 1.62091998947351 0.779313672249603 0.463572679549066 0.348192774061356 0.780323409379152 -0.0867769994572687 0.540284923354513 0.678360321920769 0.939273346984288 1.01731265574922 0.977808791559755 0.205787593447003 0.993724672862499 0.0483748929204882 0.408241987427087 -0.226803083534554 1.37436176391167 0.178577301561604 0.419892706932409 0.583435214755899 0.280629460365759 0.447129229471044 1.42243451252737 0.123072142108271 -0.478736576824818 -0.828725323591269 -0.890565831693598 0.357380399981308 -0.0943820750929084 0.159486769275037
"PMZI" 0.302813267655414 0.186150189943364 1.96526323465565 1.37590195368868 3.565376093766 1.40993399658055 1.08578571587969 0.648723702967345 3.18148195185319 1.64534135917259 1.08646212497717 1.17787253891843 -0.511580089616802 0.595998131840805 1.15333806069945 0.980821708881323 1.18990605192327 0.77243862436166 1.81449389287752 1.37044506075852 0.847956729975486 1.74181380227342 2.7884202592786 0.00733964760776017 -1.46841857114329 1.28041579826103 0.763440021766409 0.288451584201687 1.08097325763318 0.289590991861692 1.45371960293777 1.08978469621 0.565535442340864 -0.158193540436413 -1.285552456821 -0.457738420896445 0.368328783184429 0.79992928544735 0.0907621453282594
"PMMT" 0.260429473820751 0.210619902091366 1.54916505235086 0.86117095227663 1.40993399658055 1.90419923533804 0.792876273025458 0.496103188962687 1.58396620818334 1.29699886779128 0.468515949194217 1.11189093410578 1.05268643534891 0.746666311593941 0.328602387778764 0.328405824216855 0.677076722272886 0.678669298812537 0.764331008304707 0.657065570900619 -0.0356534487167007 0.761852844897342 1.45891504261316 0.160192677523618 -0.508790075345665 0.791662542265242 -0.170363717950454 0.228946999841801 0.567809892598334 0.317791486711416 0.585031974504939 1.37468065833764 0.308584555000377 -0.21130903787617 0.152015559382845 -0.402454852894846 1.10658086415856 0.970079942270869 0.245690178298541
"NSLNA" 0.25131827648736 -1.05445184159754 0.858677531587275 0.807367085769962 1.08578571587969 0.792876273025458 2.81137430717979 0.130785542244721 1.20107084477899 -0.307438027563124 0.226587016895842 0.524990473926254 0.249642814971083 0.140411817126279 0.433962349528798 -1.23012087764981 -0.778927401237011 -0.11955659584965 0.138391799562433 -0.0763064923488039 0.095090727303707 0.544434064333695 0.984382608073989 0.445657581421198 -0.308808663664904 0.364334033060782 -0.00997096492355835 0.291882168308757 0.451982159086413 0.821422532740588 0.309303132249107 0.542201529969244 0.190857315445923 -0.474535532447763 -0.0107828175724956 -0.130438444667354 0.811746403251413 0.44368484891451 -0.359060223510158
"NSLZS" 0.263368438423203 0.662140383457764 0.818464748792735 1.18562641474273 0.648723702967345 0.496103188962687 0.130785542244721 2.75752735229625 0.986880965369428 0.852554095716085 1.19436708638424 0.977339779138596 0.0747337511962414 0.623786739138579 -0.488993090115556 1.54656958421956 1.34929661204004 1.82222649419953 1.89419398781146 0.800757800775104 0.0930279090558492 0.873686510844785 -0.864554197785793 0.242816594170021 0.256467543691653 1.90810958286549 0.245967107812158 0.61983950050953 -0.150147592692169 -0.209490289009989 -0.0744536617601647 1.33661871128968 0.712632879857634 -0.124639739273351 -0.595027676833999 -0.224852688680335 0.971568404898207 -0.205416606233314 0.445015004790532
"NSLZI" 0.601550173048979 0.102449505223552 2.34327107411422 0.703067608565934 3.18148195185319 1.58396620818334 1.20107084477899 0.986880965369428 4.42007319308881 2.42534934291911 1.52742141898087 1.91282774353877 0.103892546016494 0.807235524185388 1.75234360999452 0.662650059127005 1.2387090025875 0.751100753700899 2.28714244014661 0.947638154508299 0.811179761386406 2.16912966236127 3.6873103083746 -0.0212000918488089 -0.524634530705944 1.68261644374144 1.10069993898903 0.297438821606704 1.25297335849905 0.805556170628611 1.62471699025485 0.777623882610927 1.27240940954738 -0.218205621233102 -0.611167606869191 -0.433663802524861 0.952359470102132 1.71808341729971 0.211505382824147
"NABR" 0.51146152095321 0.448293459020078 0.744965213346485 1.62091998947351 1.64534135917259 1.29699886779128 -0.307438027563124 0.852554095716085 2.42534934291911 16.5877010163231 1.45396064527406 -0.144835842548637 8.94177831897787 4.19316499576683 0.823029514520373 0.329480913175331 1.80073851557474 1.51736081119647 1.98216229640281 1.49674466306641 -0.150082775822319 1.35538434895376 2.05054450192635 -0.42432106609392 0.513993496903436 2.0171860468395 0.790933811138305 1.17176745256501 1.71872949349335 0.520278341134392 2.10340707299494 -0.356221437422617 0.853256961523426 1.05179654258689 -4.82403838240506 -1.97579226970721 2.88357376311495 1.84820642328441 0.938910413552155
"NAFM" 0.473809732616937 0.90957532170545 1.57374054100596 0.779313672249603 1.08646212497717 0.468515949194217 0.226587016895842 1.19436708638424 1.52742141898087 1.45396064527406 2.46052089796825 1.34163352127761 -0.387201692134854 0.73191195837427 0.860973977984306 1.01577985401032 1.71784395490769 0.941751435695929 2.05729930609271 0.686230915933412 1.44315135133982 1.48993822035628 0.490850431255424 0.332435164898333 1.24468643210181 1.89365228724917 1.05097871953207 0.515215453073455 1.37377265721219 0.703764245410394 1.5969508350112 0.83400933690058 1.54465373799068 -0.0991018951693916 0.33606121626099 0.0842712142848134 1.15154440285161 0.219799162663148 0.73264807395605
"NAPNS" 0.706625255076043 0.943313798564886 2.89194033765906 0.463572679549066 1.17787253891843 1.11189093410578 0.524990473926254 0.977339779138596 1.91282774353877 -0.144835842548637 1.34163352127761 3.77837261576338 -0.403190371928735 0.156030481445197 1.57541832990622 0.438018561779604 1.09361576343066 1.05294948825986 1.0592711301308 -0.285706755264679 0.378382295868858 2.13879126759008 1.13139572170381 0.580171684875911 0.752331041941547 1.22266861653818 1.02181150028577 0.340908221780421 0.536650893553714 0.959389253511942 1.16892889052406 1.87546512036648 0.840118368239479 -1.10481557907196 1.00658723422429 -0.102924408939408 2.05736906159217 0.149587284072605 -0.0152826215987358
"BRPT" -0.037813704596462 0.308314895901451 0.0706213652106303 0.348192774061356 -0.511580089616802 1.05268643534891 0.249642814971083 0.0747337511962414 0.103892546016494 8.94177831897787 -0.387201692134854 -0.403190371928735 9.24635410421672 2.6831611168498 -0.816980357104002 -2.29666471789921 -0.970438270993011 -0.280053302387199 -1.93338047403206 -1.62278041033303 -1.2795903617423 -0.572218999366505 0.279932218673561 -0.294295715277761 0.526224889669908 -1.0564299580167 -0.181987817781501 0.271024747991893 0.0846467828034548 0.300581061852671 0.232744688876258 -0.312048815519369 -0.727927801073373 1.18847465537819 -3.40823346667593 -0.811483442977007 3.11890790483001 1.35941221282649 0.617071281675785
"BRAPET" 0.270102698077105 -0.599157870795626 0.354652955686919 0.780323409379152 0.595998131840805 0.746666311593941 0.140411817126279 0.623786739138579 0.807235524185388 4.19316499576683 0.73191195837427 0.156030481445197 2.6831611168498 3.24011407238666 -0.0386943777498927 1.32154155972507 1.47946527052871 0.227108731482544 0.948483030396038 0.429766335580683 -0.0655430809746361 0.327235086976913 0.43650889950487 -0.268975854217674 0.103880734397393 1.49398609191889 0.0744358487961961 0.315246785048883 0.755580755996575 -0.0666629904977457 1.0368405996953 0.273431568471462 0.636029751690907 1.03327861565622 0.439560367537077 0.819831116861174 0.784300377364359 0.425727670439286 0.777358389679817
"PTFM" 0.253750347561368 0.127588967506897 1.17023510919077 -0.0867769994572687 1.15333806069945 0.328602387778764 0.433962349528798 -0.488993090115556 1.75234360999452 0.823029514520373 0.860973977984306 1.57541832990622 -0.816980357104002 -0.0386943777498927 4.02032918075335 -0.738892081772336 -0.402576096728119 -1.10964621211971 -0.0139879992141609 -0.328483626819404 0.439690124273334 2.22225554527089 2.20211162500774 0.256171611665408 0.250598297114517 0.4689656814418 1.04617363718905 0.298810271009031 0.631097727632625 0.878964437647409 1.47534457206502 0.221575993089756 0.610592373313723 -0.267721160365913 0.88348122353407 -0.503340143183376 -1.34461610621854 0.383248644476695 -0.219661938033189
"PTAPET" 0.280630967571929 0.055169766638155 0.251284318207036 0.540284923354513 0.980821708881323 0.328405824216855 -1.23012087764981 1.54656958421956 0.662650059127005 0.329480913175331 1.01577985401032 0.438018561779604 -2.29666471789921 1.32154155972507 -0.738892081772336 5.87417261623778 4.89238853922636 3.04836945711077 4.25017696898799 2.5318962971464 0.976980344875867 1.3267432170886 -0.36060209014778 -0.0129979277561213 -0.740023033411392 3.30763557239466 0.568235774433746 0.767224990655683 0.17148129857845 -0.883208393739772 0.972662555635964 1.77628687381621 2.0982621772407 0.0659922574953182 1.32440730064723 0.796031094507559 0.322557365664976 -0.253977299495356 0.474196054894881
"PTBA" 0.488867928850636 0.323137145478216 1.03979888325202 0.678360321920769 1.18990605192327 0.677076722272886 -0.778927401237011 1.34929661204004 1.2387090025875 1.80073851557474 1.71784395490769 1.09361576343066 -0.970438270993011 1.47946527052871 -0.402576096728119 4.89238853922636 5.53366834274945 3.61242859536411 4.28930310559172 1.97258323870187 1.17304405143864 1.63243407564961 0.307828625549237 0.114415999868262 -0.202604109390406 3.17772055157921 1.10557651738122 0.74120428342403 1.64991524436045 -0.033516629265306 1.72404571699387 2.4701592855506 2.52590259928081 -0.271679331621877 1.66550436940985 0.383504801078388 2.08980467580743 0.649887535598332 0.532578351594778
"PTEAM" 0.58048467981367 0.67683230619797 0.997988513090985 0.939273346984288 0.77243862436166 0.678669298812537 -0.11955659584965 1.82222649419953 0.751100753700899 1.51736081119647 0.941751435695929 1.05294948825986 -0.280053302387199 0.227108731482544 -1.10964621211971 3.04836945711077 3.61242859536411 4.93542878440286 3.98585421074691 1.7533388839446 0.177325185560702 1.25140231035998 -0.435417070477891 0.268697849483963 0.286328583585306 2.22408515042616 0.750024251643903 1.10414021913764 0.509168630828091 0.142060788539415 0.228618433718472 2.21744700703698 1.87614793394072 -1.21839631899752 1.12537911375036 -0.586225071357953 3.42833864647302 -0.205455967765649 -0.00711476282934586
"PTZYGO" 0.684345427560765 0.38342870037331 1.29586163285349 1.01731265574922 1.81449389287752 0.764331008304707 0.138391799562433 1.89419398781146 2.28714244014661 1.98216229640281 2.05729930609271 1.0592711301308 -1.93338047403206 0.948483030396038 -0.0139879992141609 4.25017696898799 4.28930310559172 3.98585421074691 6.52738480494602 2.53026810455911 1.36088656661121 2.36442668975003 1.09399748450337 0.317310462313149 0.199260367757667 4.05524564133299 1.11580991977606 0.896296541690479 1.05791223109222 0.232302495601846 1.61103587377575 1.65523343660477 3.91790068803778 -0.542565956812737 2.31973962067046 -0.371492084798419 1.82306862965322 0.555938184424821 0.544454726899033
"PTTSP" 0.0144626494401002 -0.58120121232523 -0.37158025494166 0.977808791559755 1.37044506075852 0.657065570900619 -0.0763064923488039 0.800757800775104 0.947638154508299 1.49674466306641 0.686230915933412 -0.285706755264679 -1.62278041033303 0.429766335580683 -0.328483626819404 2.5318962971464 1.97258323870187 1.7533388839446 2.53026810455911 5.12771401249289 0.422049362549102 0.529572112462596 0.318021109046961 0.0114437202186755 -1.10771391067189 0.119461437175952 0.0658490948114755 0.718059027928535 0.467280897768721 -1.03982213039971 0.187917067016641 0.724661943519875 -1.35562645945651 -0.490720273431524 0.761892293741012 -1.00602021325428 -0.0913361183808913 0.290558909142946 0.290483564901668
"FMZS" 0.217619631169373 0.734141759299395 1.04303354743652 0.205787593447003 0.847956729975486 -0.0356534487167007 0.095090727303707 0.0930279090558492 0.811179761386406 -0.150082775822319 1.44315135133982 0.378382295868858 -1.2795903617423 -0.0655430809746361 0.439690124273334 0.976980344875867 1.17304405143864 0.177325185560702 1.36088656661121 0.422049362549102 2.2169055917645 1.20217915315002 0.384869880715381 -0.0557860147189678 0.828324562334254 1.08509252623134 0.810641326800757 0.223744547248289 0.867191965024554 0.441190757141481 1.36095794196363 0.287023432520821 1.11513372547987 0.0341579700780501 0.232947170425318 0.275472168620903 0.15643838653634 0.240869503842481 0.520903469331384
"FMMT" 0.423878231331852 0.734406459027053 1.96495061343148 0.993724672862499 1.74181380227342 0.761852844897342 0.544434064333695 0.873686510844785 2.16912966236127 1.35538434895376 1.48993822035628 2.13879126759008 -0.572218999366505 0.327235086976913 2.22225554527089 1.3267432170886 1.63243407564961 1.25140231035998 2.36442668975003 0.529572112462596 1.20217915315002 3.63032637703266 1.56212437512022 0.762408174542237 0.8429356174769 2.0949721511099 1.60373399179738 0.702477929135662 0.608887123998017 0.94851476949069 1.6166316187235 1.09652743854086 1.75194335377986 -0.674026911681267 1.26556269723473 -0.870556479999381 0.551591621001013 0.555897323499597 -0.127966918617465
"ZSZI" 0.271587117644304 -0.245590937239682 1.56316362764964 0.0483748929204882 2.7884202592786 1.45891504261316 0.984382608073989 -0.864554197785793 3.6873103083746 2.05054450192635 0.490850431255424 1.13139572170381 0.279932218673561 0.43650889950487 2.20211162500774 -0.36060209014778 0.307828625549237 -0.435417070477891 1.09399748450337 0.318021109046961 0.384869880715381 1.56212437512022 4.60798875127598 -0.22520972638411 -1.17215510545638 0.485378598050823 0.630312271974945 -0.173848612367268 1.30247894820216 0.948568888920875 1.57208394793414 0.164546555039644 0.943783845358267 -0.169321324351022 -0.263471690909582 -0.654689674513958 0.072210587960276 2.12789718659082 -0.0307762128928396
"ZIMT" 0.00751004705891865 0.33246442198147 0.0699485834078702 0.408241987427087 0.00733964760776017 0.160192677523618 0.445657581421198 0.242816594170021 -0.0212000918488089 -0.42432106609392 0.332435164898333 0.580171684875911 -0.294295715277761 -0.268975854217674 0.256171611665408 -0.0129979277561213 0.114415999868262 0.268697849483963 0.317310462313149 0.0114437202186755 -0.0557860147189678 0.762408174542237 -0.22520972638411 1.5327639375414 0.0971657949754692 0.472884294009237 -0.33874792737753 0.061512128574895 -0.0317754453119447 0.195404367670792 0.0487574788184425 0.514661819101159 0.187639923259491 -0.599088467710987 0.213555320548419 -0.713140690603236 -0.0578373775291019 0.0413739715050707 0.151508722856318
"ZIZYGO" 0.18024304393262 0.846821053671163 0.92216034007545 -0.226803083534554 -1.46841857114329 -0.508790075345665 -0.308808663664904 0.256467543691653 -0.524634530705944 0.513993496903436 1.24468643210181 0.752331041941547 0.526224889669908 0.103880734397393 0.250598297114517 -0.740023033411392 -0.202604109390406 0.286328583585306 0.199260367757667 -1.10771391067189 0.828324562334254 0.8429356174769 -1.17215510545638 0.0971657949754692 6.21389205538396 0.839506730508577 1.45549357021686 -0.105196686036102 0.328790650693816 1.5596153328084 1.16243122427496 -3.57287958404752 1.01642568067386 -0.857885277732014 2.72831685971393 -0.412221142773017 1.19193655849806 0.360143904326149 0.193059965197257
"ZITSP" 0.652602960088086 0.478207838710423 1.77631885390028 1.37436176391167 1.28041579826103 0.791662542265242 0.364334033060782 1.90810958286549 1.68261644374144 2.0171860468395 1.89365228724917 1.22266861653818 -1.0564299580167 1.49398609191889 0.4689656814418 3.30763557239466 3.17772055157921 2.22408515042616 4.05524564133299 0.119461437175952 1.08509252623134 2.0949721511099 0.485378598050823 0.472884294009237 0.839506730508577 6.71729308244751 0.709771992184063 0.476913927612522 0.779014726614085 0.371170982192863 1.76653052605932 1.05753301579952 3.68323243632934 0.0568251396858531 0.986052671534877 0.47130896135971 0.41204189743902 0.440318170037642 -0.0647097988600814
"MTPNS" 0.371160378288814 0.38525294549356 1.52739898485733 0.178577301561604 0.763440021766409 -0.170363717950454 -0.00997096492355835 0.245967107812158 1.10069993898903 0.790933811138305 1.05097871953207 1.02181150028577 -0.181987817781501 0.0744358487961961 1.04617363718905 0.568235774433746 1.10557651738122 0.750024251643903 1.11580991977606 0.0658490948114755 0.810641326800757 1.60373399179738 0.630312271974945 -0.33874792737753 1.45549357021686 0.709771992184063 2.27404366597378 0.292693324986418 0.662035136643638 0.693311001642245 1.30383119794567 -0.0848788556888973 1.16323811180933 0.0151699187954671 0.740811808985472 0.188427779789561 1.09410216200182 0.401273911900534 -0.264186642741699
"PNSAPET" 0.283539066435336 -0.0537635593441079 0.13128423134063 0.419892706932409 0.288451584201687 0.228946999841801 0.291882168308757 0.61983950050953 0.297438821606704 1.17176745256501 0.515215453073455 0.340908221780421 0.271024747991893 0.315246785048883 0.298810271009031 0.767224990655683 0.74120428342403 1.10414021913764 0.896296541690479 0.718059027928535 0.223744547248289 0.702477929135662 -0.173848612367268 0.061512128574895 -0.105196686036102 0.476913927612522 0.292693324986418 1.30344164032928 -0.214125664197525 -0.088782002112729 0.0779801870809138 1.1743003251956 0.306951132153889 -0.18373259920737 -0.180932419610712 0.0551563765116269 0.72510358705832 -0.261181867768753 0.0359563006739061
"APETBA" 0.283292024353077 0.198812132512661 1.0062226797183 0.583435214755899 1.08097325763318 0.567809892598334 0.451982159086413 -0.150147592692169 1.25297335849905 1.71872949349335 1.37377265721219 0.536650893553714 0.0846467828034548 0.755580755996575 0.631097727632625 0.17148129857845 1.64991524436045 0.509168630828091 1.05791223109222 0.467280897768721 0.867191965024554 0.608887123998017 1.30247894820216 -0.0317754453119447 0.328790650693816 0.779014726614085 0.662035136643638 -0.214125664197525 2.4587586201709 0.868034363775836 1.48240374233794 0.727972108943695 0.894531346208767 -0.384291827151551 0.290159620054142 -0.143250372302357 1.19008684492945 1.24722476996777 0.235739014498362
"APETTS" 0.260771221574802 0.264068261715377 1.13007002741464 0.280629460365759 0.289590991861692 0.317791486711416 0.821422532740588 -0.209490289009989 0.805556170628611 0.520278341134392 0.703764245410394 0.959389253511942 0.300581061852671 -0.0666629904977457 0.878964437647409 -0.883208393739772 -0.033516629265306 0.142060788539415 0.232302495601846 -1.03982213039971 0.441190757141481 0.94851476949069 0.948568888920875 0.195404367670792 1.5596153328084 0.371170982192863 0.693311001642245 -0.088782002112729 0.868034363775836 2.37765841959341 1.08806793253824 -0.271808536219132 1.20757860266489 -0.44363491356724 0.479449638226505 0.171582300928566 1.02524740249485 1.44425069106694 0.045437795709862
"BAEAM" 0.420828626028033 0.383388323251356 1.73549789778627 0.447129229471044 1.45371960293777 0.585031974504939 0.309303132249107 -0.0744536617601647 1.62471699025485 2.10340707299494 1.5969508350112 1.16892889052406 0.232744688876258 1.0368405996953 1.47534457206502 0.972662555635964 1.72404571699387 0.228618433718472 1.61103587377575 0.187917067016641 1.36095794196363 1.6166316187235 1.57208394793414 0.0487574788184425 1.16243122427496 1.76653052605932 1.30383119794567 0.0779801870809138 1.48240374233794 1.08806793253824 3.00963392555731 -0.161593686762146 1.59950486660707 -0.035631140585081 0.389887694293236 0.326932200495679 0.833843239735882 0.99829969657993 0.572876540293524
"EAMZYGO" 0.574624313145316 1.12437678923133 1.70604201040664 1.42243451252737 1.08978469621 1.37468065833764 0.542201529969244 1.33661871128968 0.777623882610927 -0.356221437422617 0.83400933690058 1.87546512036648 -0.312048815519369 0.273431568471462 0.221575993089756 1.77628687381621 2.4701592855506 2.21744700703698 1.65523343660477 0.724661943519875 0.287023432520821 1.09652743854086 0.164546555039644 0.514661819101159 -3.57287958404752 1.05753301579952 -0.0848788556888973 1.1743003251956 0.727972108943695 -0.271808536219132 -0.161593686762146 6.76425582015237 1.02749307376743 -0.466998830723676 -0.467106423751375 -0.0876397110570293 1.9192488731314 -0.409291231230506 0.368129004963345
"ZYGOTSP" 0.548060253819738 0.514166103763775 1.23479515113921 0.123072142108271 0.565535442340864 0.308584555000377 0.190857315445923 0.712632879857634 1.27240940954738 0.853256961523426 1.54465373799068 0.840118368239479 -0.727927801073373 0.636029751690907 0.610592373313723 2.0982621772407 2.52590259928081 1.87614793394072 3.91790068803778 -1.35562645945651 1.11513372547987 1.75194335377986 0.943783845358267 0.187639923259491 1.01642568067386 3.68323243632934 1.16323811180933 0.306951132153889 0.894531346208767 1.20757860266489 1.59950486660707 1.02749307376743 5.27501457227441 0.185528543733773 1.62058722615618 0.687998165291143 1.31747252376524 0.837562742784409 0.336124402828667
"LDAS" -0.140729940666787 -0.29062055076887 -0.421649343053189 -0.478736576824818 -0.158193540436413 -0.21130903787617 -0.474535532447763 -0.124639739273351 -0.218205621233102 1.05179654258689 -0.0991018951693916 -1.10481557907196 1.18847465537819 1.03327861565622 -0.267721160365913 0.0659922574953182 -0.271679331621877 -1.21839631899752 -0.542565956812737 -0.490720273431524 0.0341579700780501 -0.674026911681267 -0.169321324351022 -0.599088467710987 -0.857885277732014 0.0568251396858531 0.0151699187954671 -0.18373259920737 -0.384291827151551 -0.44363491356724 -0.035631140585081 -0.466998830723676 0.185528543733773 3.89305088085259 -2.20465083828213 2.84611274734645 -1.69363664372028 0.559432534882422 0.48939767297559
"BRLD" -0.0464751750011333 -2.56256569714527 -0.415676175721818 -0.828725323591269 -1.285552456821 0.152015559382845 -0.0107828175724956 -0.595027676833999 -0.611167606869191 -4.82403838240506 0.33606121626099 1.00658723422429 -3.40823346667593 0.439560367537077 0.88348122353407 1.32440730064723 1.66550436940985 1.12537911375036 2.31973962067046 0.761892293741012 0.232947170425318 1.26556269723473 -0.263471690909582 0.213555320548419 2.72831685971393 0.986052671534877 0.740811808985472 -0.180932419610712 0.290159620054142 0.479449638226505 0.389887694293236 -0.467106423751375 1.62058722615618 -2.20465083828213 16.6653893589074 -3.38271142567377 0.93380625059037 0.735544095781199 0.192844224837345
"OPILD" 0.398384635476255 -0.443430162795154 0.189722466743678 -0.890565831693598 -0.457738420896445 -0.402454852894846 -0.130438444667354 -0.224852688680335 -0.433663802524861 -1.97579226970721 0.0842712142848134 -0.102924408939408 -0.811483442977007 0.819831116861174 -0.503340143183376 0.796031094507559 0.383504801078388 -0.586225071357953 -0.371492084798419 -1.00602021325428 0.275472168620903 -0.870556479999381 -0.654689674513958 -0.713140690603236 -0.412221142773017 0.47130896135971 0.188427779789561 0.0551563765116269 -0.143250372302357 0.171582300928566 0.326932200495679 -0.0876397110570293 0.687998165291143 2.84611274734645 -3.38271142567377 6.47789070239503 -0.344337252169185 -0.483184879490886 -0.356630550295615
"PTAS" 0.851671856163355 0.692089391516339 2.08002600117196 0.357380399981308 0.368328783184429 1.10658086415856 0.811746403251413 0.971568404898207 0.952359470102132 2.88357376311495 1.15154440285161 2.05736906159217 3.11890790483001 0.784300377364359 -1.34461610621854 0.322557365664976 2.08980467580743 3.42833864647302 1.82306862965322 -0.0913361183808913 0.15643838653634 0.551591621001013 0.072210587960276 -0.0578373775291019 1.19193655849806 0.41204189743902 1.09410216200182 0.72510358705832 1.19008684492945 1.02524740249485 0.833843239735882 1.9192488731314 1.31747252376524 -1.69363664372028 0.93380625059037 -0.344337252169185 6.81896879166738 0.400036183856684 0.0938475901974832
"JPAS" -0.200308354198383 -0.77327991739084 -0.284317837112356 -0.0943820750929084 0.79992928544735 0.970079942270869 0.44368484891451 -0.205416606233314 1.71808341729971 1.84820642328441 0.219799162663148 0.149587284072605 1.35941221282649 0.425727670439286 0.383248644476695 -0.253977299495356 0.649887535598332 -0.205455967765649 0.555938184424821 0.290558909142946 0.240869503842481 0.555897323499597 2.12789718659082 0.0413739715050707 0.360143904326149 0.440318170037642 0.401273911900534 -0.261181867768753 1.24722476996777 1.44425069106694 0.99829969657993 -0.409291231230506 0.837562742784409 0.559432534882422 0.735544095781199 -0.483184879490886 0.400036183856684 6.61655750366605 0.433819297345979
"BAOPI" -0.0311128978449419 0.261901648782004 -0.0582239727364912 0.159486769275037 0.0907621453282594 0.245690178298541 -0.359060223510158 0.445015004790532 0.211505382824147 0.938910413552155 0.73264807395605 -0.0152826215987358 0.617071281675785 0.777358389679817 -0.219661938033189 0.474196054894881 0.532578351594778 -0.00711476282934586 0.544454726899033 0.290483564901668 0.520903469331384 -0.127966918617465 -0.0307762128928396 0.151508722856318 0.193059965197257 -0.0647097988600814 -0.264186642741699 0.0359563006739061 0.235739014498362 0.045437795709862 0.572876540293524 0.368129004963345 0.336124402828667 0.48939767297559 0.192844224837345 -0.356630550295615 0.0938475901974832 0.433819297345979 1.66706334122293
