"" "ISPM" "ISNSL" "ISPNS" "PMZS" "PMZI" "PMMT" "NSLNA" "NSLZS" "NSLZI" "NABR" "NAFM" "NAPNS" "BRPT" "BRAPET" "PTFM" "PTAPET" "PTBA" "PTEAM" "PTZYGO" "PTTSP" "FMZS" "FMMT" "ZSZI" "ZIMT" "ZIZYGO" "ZITSP" "MTPNS" "PNSAPET" "APETBA" "APETTS" "BAEAM" "EAMZYGO" "ZYGOTSP" "LDAS" "BRLD" "OPILD" "PTAS" "JPAS" "BAOPI"
"ISPM" 2.78662019097343 1.51296376749092 2.66465038561095 -0.285895003650539 0.1396962614052 0.274526159489345 0.651140706874248 1.37416244777798 1.03572987812382 0.580458178712467 0.752912221804916 0.769889037834787 -0.354642188950381 0.215832139116048 0.828277917824369 0.728588033911111 0.750328452589183 0.775774817649211 1.06080377821278 0.455690195757439 -0.737295918724299 0.504481074542484 0.12744415156105 0.608046040991269 1.034192579063 0.603152795490993 0.804610688368023 0.342621580976558 0.229741823492043 0.366538678548702 0.703126201682129 0.680719231942368 0.675001884235066 -0.284821172360596 0.229470997666691 -0.308706009799318 0.680643062106784 0.327380885138177 0.426802196177897
"ISNSL" 1.51296376749092 4.03585824148654 4.6383280765028 2.96030962464219 1.8717896960954 0.710356000976401 0.983405852864611 0.761002628299742 0.817124442438659 0.98252221318631 0.866320665505752 1.44384533441986 0.123799634468698 0.602794172437736 1.06902766099074 0.547722240486204 0.780567531658256 0.984608611771803 1.11926032499792 0.0136727558521876 -0.012077232327796 1.69359537336703 0.543601115407521 0.400588215864982 1.61465756976277 1.75719405057215 1.78072381826279 0.479131914818942 0.33629815929097 0.198821978182529 0.646211257248698 1.03439218751408 0.994266384162509 0.0308315185137937 0.834074410558529 -0.209318872160407 0.558887685945411 0.000697968880923382 0.44461899397443
"ISPNS" 2.66465038561095 4.6383280765028 10.1237199822611 5.28901994093272 4.02833826113895 2.60223618978362 2.34408421271361 2.91928286410904 2.81877858414606 1.5541451092961 2.00615728974759 3.1347850258059 0.0577410777533978 1.19953791361752 2.31379626351173 1.23583848340321 2.25627154599006 1.77710946171903 2.29946904418266 0.405592074215512 -0.476126721330473 2.93016778386285 1.32167582872946 1.13888675686488 3.4127873830244 3.26220127910434 3.81913186407938 0.145291605527818 1.57345427343555 0.503302892020187 2.02494076775749 2.09373606991241 1.91902750288161 0.715386791847631 1.90890884035192 0.493743725987926 1.51633628209721 0.993979822020098 0.568408932749164
"PMZS" -0.285895003650539 2.96030962464219 5.28901994093272 6.41924977261643 3.711736039289 1.57599383657558 2.6170653843902 1.77934882155426 1.42626400916763 1.23519110422124 0.887055757984198 1.58250557206777 0.234362632798087 0.92015197923745 1.24594828114633 0.473401600241248 1.1139221690311 0.710046267341516 1.11197775217576 0.167429895508501 0.0635730875199503 2.12325577075569 1.17438085992005 0.545257372750975 1.95677793033092 2.5015135266231 2.36096330676771 0.760672250417699 1.07301386391477 0.225702535890582 1.35300501755844 1.20847098589422 1.23230942032455 0.949832181058489 0.867432819885761 0.3777685868338 0.402166747106323 0.364629605458183 0.408940139198595
"PMZI" 0.1396962614052 1.8717896960954 4.02833826113895 3.711736039289 4.24163797939614 1.64818731847558 1.06620789633632 1.40265826084291 2.36062289789714 1.10904301746693 1.16692477159326 1.49581245878056 0.690678882152959 1.20378778531822 0.0561606983376566 0.549331789951653 1.45464543510037 1.39321648049657 0.659319921936289 -0.517582670509319 0.223809363081161 1.44538927951613 1.11466255816558 0.0223818468255508 0.809757085484514 1.10301234192891 1.68937085963504 0.645091834984537 0.95923856777916 0.26960215692084 1.2948487263032 0.316888828759204 0.719237206816026 0.778361786566488 0.613213697142737 1.09976539617483 1.49773940531502 0.761294993652521 0.257148412471245
"PMMT" 0.274526159489345 0.710356000976401 2.60223618978362 1.57599383657558 1.64818731847558 2.43014707822487 0.293995417443402 0.730927431907779 1.23196241753477 0.961029220662835 0.769595313932765 0.979411042864896 0.593951938548584 0.709633572148314 0.335431975378044 0.630019153259253 1.09910580285546 0.754397080983988 0.478442908445766 0.0683618858872235 0.000461702778111159 0.642449262787995 0.822791579915364 0.465726709880343 1.07977118408119 0.882649214196569 0.593188269495205 0.350674574476144 0.655311764464346 0.156897177533649 0.701116752121459 0.379242759696934 0.252355005613144 0.710622272704105 0.836700867274713 0.476377485543818 1.22596009289972 0.499884324126642 0.269172476262232
"NSLNA" 0.651140706874248 0.983405852864611 2.34408421271361 2.6170653843902 1.06620789633632 0.293995417443402 5.80834503375738 2.06584187712348 1.45000772660922 -0.942493972689885 0.575662274491211 1.24996197032381 -0.81675240782606 -0.459036254587209 0.51598740044708 0.55422448585464 0.460204073058489 0.705703646891904 1.18065257886315 0.785801746972506 0.605032279974322 1.18698684877458 0.910671964521874 0.33843111247884 1.05353634040719 1.33189812141302 0.952922668058409 0.522143140131716 0.184823843003844 0.100742366335467 0.75130406557882 0.80468537856351 0.873086335836022 0.194728303016407 -0.245934213411723 -0.574810572294168 0.44437474851712 0.341294690229528 0.422281007234489
"NSLZS" 1.37416244777798 0.761002628299742 2.91928286410904 1.77934882155426 1.40265826084291 0.730927431907779 2.06584187712348 3.19012819609012 2.09703668055498 0.800340786285347 0.985510740107607 0.822746539716333 -0.399545719142707 0.32800925111893 0.688831757319459 0.456469196323492 0.742375992899319 0.663098485771824 1.0895287646299 0.493470972521106 -0.887234093675944 0.70258245621557 -0.112446746264294 0.500068738804797 1.37960695272956 0.932386939300286 1.10810952764082 0.597311062959793 0.57571848459898 0.244475119434985 1.13404607278186 0.528172288851106 0.707905136229505 0.207861857506918 -0.172834070045413 0.24357269087324 0.704883975037177 0.409199592990104 0.22323377983986
"NSLZI" 1.03572987812382 0.817124442438659 2.81877858414606 1.42626400916763 2.36062289789714 1.23196241753477 1.45000772660922 2.09703668055498 3.19543866649281 1.19069805850923 1.4159176573647 1.2874237984354 0.427148132199881 0.959529921688949 0.0799700901815813 0.996289005813933 1.65741038269149 1.84105068622774 1.4421892629968 -0.0219814450518643 0.0424230140686583 0.967754422633766 1.4292707564489 0.340432946197686 0.983773194655704 1.28972335020573 1.1662253456895 0.871863395551485 0.667015903567923 0.300322784200829 1.37274777775593 0.723881496561631 1.02988451594331 0.6067744175141 0.588545461367388 0.904488506332072 2.08552090515146 0.79130852013157 0.354289961875316
"NABR" 0.580458178712467 0.98252221318631 1.5541451092961 1.23519110422124 1.10904301746693 0.961029220662835 -0.942493972689885 0.800340786285347 1.19069805850923 6.39182947170287 0.556396490743982 0.371974393704411 2.9112839314547 2.18728709824743 0.264739118681489 0.406787025115562 0.917118285846167 1.18316038630343 1.21589610544966 0.056367176734833 0.12893239189982 0.926889112708902 0.720866246477735 0.368642610711538 0.775836528733143 1.24016197290651 0.733110404386489 1.04894859235419 0.44490890581946 0.324593866179191 0.752530347317603 1.23785481636377 1.28661165708354 1.16691327354931 -1.23219245703998 1.23994919106266 1.92373919759354 0.451126013917713 0.609959709059687
"NAFM" 0.752912221804916 0.866320665505752 2.00615728974759 0.887055757984198 1.16692477159326 0.769595313932765 0.575662274491211 0.985510740107607 1.4159176573647 0.556396490743982 1.49341846339967 1.1832763351432 0.0922425926458689 0.474811287650087 0.174297029731057 0.692016207288947 0.978093561798645 1.10057323485989 1.29061327367217 0.173037622101797 0.0617653301478893 0.474463050773035 0.637525285091318 0.260084911939447 0.785794099902362 0.995916209319247 0.815159038817661 0.295536851442378 0.277343856267903 0.233055637498798 0.742602363569079 0.611995840664539 0.938826777568973 0.097787343436107 0.887050228237412 0.176669128335382 1.06540021558431 0.453780248434022 0.0790664364764658
"NAPNS" 0.769889037834787 1.44384533441986 3.1347850258059 1.58250557206777 1.49581245878056 0.979411042864896 1.24996197032381 0.822746539716333 1.2874237984354 0.371974393704411 1.1832763351432 2.72457780009002 0.220049472788168 0.687063637508598 0.554640426382733 0.968049915197658 1.33044346039133 1.43531191210868 1.3736386971728 0.30134923975933 0.0869082463886225 1.34184304354672 0.821220905643602 0.388076111621429 1.36692055587829 0.991610513706643 1.06827366251526 -0.104960230351672 0.445686069534654 0.313951402393414 0.953506102109565 0.723539487887235 1.0783659081586 0.18695773212305 1.00194851550811 0.18600977370919 1.29857773340183 0.615681170162419 0.329358695319593
"BRPT" -0.354642188950381 0.123799634468698 0.0577410777533978 0.234362632798087 0.690678882152959 0.593951938548584 -0.81675240782606 -0.399545719142707 0.427148132199881 2.9112839314547 0.0922425926458689 0.220049472788168 3.65788106438214 2.11842337939799 -0.83026172147312 -0.207789824273093 0.40877201781966 0.33994279657984 -0.81588347014914 -1.55108645601255 0.315159198430486 0.255811116267359 0.518957360992653 -0.175943313341032 0.108461191124593 0.376452749814227 0.103706064185045 0.767047048286409 0.098587123209758 0.085067823150538 0.310925762845102 0.121075984871802 0.0383635301830155 1.04276510039961 -0.197911538646556 1.38570755122488 1.26578561630218 -0.0281450929200456 -0.032552567754896
"BRAPET" 0.215832139116048 0.602794172437736 1.19953791361752 0.92015197923745 1.20378778531822 0.709633572148314 -0.459036254587209 0.32800925111893 0.959529921688949 2.18728709824743 0.474811287650087 0.687063637508598 2.11842337939799 3.07440233919549 0.143078626323955 1.04244687397908 1.39442798657901 0.929384464199673 0.659303867240626 -0.673563637382552 -0.0935840727482192 0.448418781008377 0.517451927407047 0.353465401168913 0.671522321336022 1.39174075950811 0.577515176309289 0.647713541518291 0.396053814931219 0.11049553023961 0.944377466679088 0.306851274343263 0.696342523928174 0.808124944176942 1.16339984835782 1.21658730315215 0.999748976082602 0.352331945069927 0.135491548257279
"PTFM" 0.828277917824369 1.06902766099074 2.31379626351173 1.24594828114633 0.0561606983376566 0.335431975378044 0.51598740044708 0.688831757319459 0.0799700901815813 0.264739118681489 0.174297029731057 0.554640426382733 -0.83026172147312 0.143078626323955 4.10372009689871 0.497441242035101 -0.410578606768101 -1.82085459907544 1.19805000748793 2.55520087979485 -0.824344723431638 0.791892780871499 0.224868301246251 0.940665636013611 0.836738529890849 1.06527986699434 0.910405156973075 -0.165867134634783 0.277080114168769 -0.0430243659294628 0.207956728752997 1.36830368919563 0.55839830410697 -0.146653205315839 0.768098983779894 -0.40461202217979 -2.45844913943644 0.287211552178697 0.34739520785017
"PTAPET" 0.728588033911111 0.547722240486204 1.23583848340321 0.473401600241248 0.549331789951653 0.630019153259253 0.55422448585464 0.456469196323492 0.996289005813933 0.406787025115562 0.692016207288947 0.968049915197658 -0.207789824273093 1.04244687397908 0.497441242035101 2.23264013868339 2.18782267872704 1.77216581051896 2.04789995495438 0.846396443983107 0.063746059466686 0.732412339086179 0.78339254299118 0.671462863997006 0.50102375426471 1.16273146430451 0.52738978841304 0.303443178905737 0.189538992557025 0.277935819207583 0.925862799438046 0.882729544381248 0.972497852820103 0.0913904070894295 1.55574802623651 0.0618249988361148 1.51080407611742 0.672544154495627 0.340546673888541
"PTBA" 0.750328452589183 0.780567531658256 2.25627154599006 1.1139221690311 1.45464543510037 1.09910580285546 0.460204073058489 0.742375992899319 1.65741038269149 0.917118285846167 0.978093561798645 1.33044346039133 0.40877201781966 1.39442798657901 -0.410578606768101 2.18782267872704 3.69612250669884 3.01234389163539 1.96476807561541 -0.171128795751273 0.170787613045366 1.01872638958702 1.16903276111319 0.540601182749992 0.792950742466682 1.39693333600656 0.925895290126476 0.80830733100506 1.33464493580594 0.405330735297756 1.76929476279043 1.19900912871591 1.02514815717365 0.395467819159351 2.36805785274769 0.445823225848702 3.32285201046254 0.875436855080204 0.171256097093394
"PTEAM" 0.775774817649211 0.984608611771803 1.77710946171903 0.710046267341516 1.39321648049657 0.754397080983988 0.705703646891904 0.663098485771824 1.84105068622774 1.18316038630343 1.10057323485989 1.43531191210868 0.33994279657984 0.929384464199673 -1.82085459907544 1.77216581051896 3.01234389163539 4.86566095758557 2.22154690827262 -0.8015740690385 0.5402541024303 1.08112778105206 1.32630515969957 0.00762163548390702 1.21843420930841 1.21845175556671 0.909215574565973 0.823253081255058 0.533370562973268 0.615009732569092 1.42164460418381 1.07656647350737 1.558574722487 0.281987072242698 2.16145443963628 0.610245977395492 4.80873472646071 0.981149964673485 0.428641905816928
"PTZYGO" 1.06080377821278 1.11926032499792 2.29946904418266 1.11197775217576 0.659319921936289 0.478442908445766 1.18065257886315 1.0895287646299 1.4421892629968 1.21589610544966 1.29061327367217 1.3736386971728 -0.81588347014914 0.659303867240626 1.19805000748793 2.04789995495438 1.96476807561541 2.22154690827262 4.02887138477615 1.82714145045601 0.0837753302617548 1.05835193313088 1.0519760136508 0.743328947992433 0.513868110501626 2.0272606088235 1.2378503632115 0.173288565830534 0.290088768249557 0.237271038059572 0.931038885259472 2.18227562365682 2.45003648589798 0.0365057308107047 1.24884329717833 -0.0756726750576067 1.34247330857074 0.843690854294548 0.455796730635019
"PTTSP" 0.455690195757439 0.0136727558521876 0.405592074215512 0.167429895508501 -0.517582670509319 0.0683618858872235 0.785801746972506 0.493470972521106 -0.0219814450518643 0.056367176734833 0.173037622101797 0.30134923975933 -1.55108645601255 -0.673563637382552 2.55520087979485 0.846396443983107 -0.171128795751273 -0.8015740690385 1.82714145045601 4.70003052426145 -0.261912903403035 0.207358509407514 0.165479365106313 0.563348524423677 0.000700112646736342 -0.813383794595141 0.0229830095157069 -0.591306152890389 -0.0386642297491617 -0.0904671817859417 0.0509593369265268 0.957143521914692 1.13693361352238 -0.297452745598522 0.32720422692748 -0.714251696799527 -1.53317788782701 0.416753169446696 0.213213142590611
"FMZS" -0.737295918724299 -0.012077232327796 -0.476126721330473 0.0635730875199503 0.223809363081161 0.000461702778111159 0.605032279974322 -0.887234093675944 0.0424230140686583 0.12893239189982 0.0617653301478893 0.0869082463886225 0.315159198430486 -0.0935840727482192 -0.824344723431638 0.063746059466686 0.170787613045366 0.5402541024303 0.0837753302617548 -0.261912903403035 2.17121125482897 1.24924386373679 0.454756532341505 0.00950906117890023 -0.344812881875894 0.0852985671644815 0.0302913324655922 0.0539791418674567 -0.0532820489691404 -0.0702550544504137 -0.0956968723481119 0.177644297887284 0.0646665890799971 -0.0053222087896747 0.479271569068041 -0.14624999943515 0.644196371922379 0.130373285778395 -0.0732298771617708
"FMMT" 0.504481074542484 1.69359537336703 2.93016778386285 2.12325577075569 1.44538927951613 0.642449262787995 1.18698684877458 0.70258245621557 0.967754422633766 0.926889112708902 0.474463050773035 1.34184304354672 0.255811116267359 0.448418781008377 0.791892780871499 0.732412339086179 1.01872638958702 1.08112778105206 1.05835193313088 0.207358509407514 1.24924386373679 3.7897871948257 0.779997721628597 1.22857559581251 1.18766357359342 1.22917527350812 1.91912484371185 0.1669343674242 0.415193165881492 0.209796413239483 0.849197006509205 1.11586612215788 0.90213897553261 0.131889604285837 0.067633383594928 0.32060494213913 0.937865851862097 0.272251313147793 0.179223065465411
"ZSZI" 0.12744415156105 0.543601115407521 1.32167582872946 1.17438085992005 1.11466255816558 0.822791579915364 0.910671964521874 -0.112446746264294 1.4292707564489 0.720866246477735 0.637525285091318 0.821220905643602 0.518957360992653 0.517451927407047 0.224868301246251 0.78339254299118 1.16903276111319 1.32630515969957 1.0519760136508 0.165479365106313 0.454756532341505 0.779997721628597 2.18984708250047 0.15476330537596 0.526044116184542 1.31090211342789 0.694424621624778 0.577655107121026 0.364512489700842 0.222878864585944 0.721180164426448 0.905330052312303 0.957512694860758 0.608276938054852 0.756582892155881 0.493640140202967 1.41030742372206 0.522708713496951 0.305307455360444
"ZIMT" 0.608046040991269 0.400588215864982 1.13888675686488 0.545257372750975 0.0223818468255508 0.465726709880343 0.33843111247884 0.500068738804797 0.340432946197686 0.368642610711538 0.260084911939447 0.388076111621429 -0.175943313341032 0.353465401168913 0.940665636013611 0.671462863997006 0.540601182749992 0.00762163548390702 0.743328947992433 0.563348524423677 0.00950906117890023 1.22857559581251 0.15476330537596 1.86254139318853 0.698455587472487 0.657431807742796 0.443355654379566 -0.0942172597223956 0.0965685975433188 0.0848585707819575 0.53726280739844 0.616090126625536 0.48224760596093 0.409786161969957 -0.152963842973191 0.512137232375106 -0.175025683438417 0.113327330055914 0.240151490963367
"ZIZYGO" 1.034192579063 1.61465756976277 3.4127873830244 1.95677793033092 0.809757085484514 1.07977118408119 1.05353634040719 1.37960695272956 0.983773194655704 0.775836528733143 0.785794099902362 1.36692055587829 0.108461191124593 0.671522321336022 0.836738529890849 0.50102375426471 0.792950742466682 1.21843420930841 0.513868110501626 0.000700112646736342 -0.344812881875894 1.18766357359342 0.526044116184542 0.698455587472487 4.41223533651224 1.6601622445315 1.21354412066956 0.819153359007547 0.376528605803431 0.384489348294209 1.1499571458699 -0.558137834895156 0.704362326693018 0.387252412529985 0.879382293582523 0.4863143064597 1.15275369815898 0.450766202615029 0.46922059445803
"ZITSP" 0.603152795490993 1.75719405057215 3.26220127910434 2.5015135266231 1.10301234192891 0.882649214196569 1.33189812141302 0.932386939300286 1.28972335020573 1.24016197290651 0.995916209319247 0.991610513706643 0.376452749814227 1.39174075950811 1.06527986699434 1.16273146430451 1.39693333600656 1.21845175556671 2.0272606088235 -0.813383794595141 0.0852985671644815 1.22917527350812 1.31090211342789 0.657431807742796 1.6601622445315 4.34793426323369 1.84124070327851 0.621429073301492 0.476855983252653 0.28065987721124 0.872733470935138 1.7029276033101 1.52517707587184 0.403189757625176 1.32298043658223 0.508038712528843 0.758512545637796 0.563735315276246 0.387396013001377
"MTPNS" 0.804610688368023 1.78072381826279 3.81913186407938 2.36096330676771 1.68937085963504 0.593188269495205 0.952922668058409 1.10810952764082 1.1662253456895 0.733110404386489 0.815159038817661 1.06827366251526 0.103706064185045 0.577515176309289 0.910405156973075 0.52738978841304 0.925895290126476 0.909215574565973 1.2378503632115 0.0229830095157069 0.0302913324655922 1.91912484371185 0.694424621624778 0.443355654379566 1.21354412066956 1.84124070327851 2.44222075876802 0.171121171522887 0.553660705102737 0.135941544212991 0.865429103537542 1.37252078952017 1.14574115191166 0.0506753821365589 0.575374037277756 0.190395687344119 0.691623313782917 0.407623595235359 0.110990776322753
"PNSAPET" 0.342621580976558 0.479131914818942 0.145291605527818 0.760672250417699 0.645091834984537 0.350674574476144 0.522143140131716 0.597311062959793 0.871863395551485 1.04894859235419 0.295536851442378 -0.104960230351672 0.767047048286409 0.647713541518291 -0.165867134634783 0.303443178905737 0.80830733100506 0.823253081255058 0.173288565830534 -0.591306152890389 0.0539791418674567 0.1669343674242 0.577655107121026 -0.0942172597223956 0.819153359007547 0.621429073301492 0.171121171522887 2.34064560668427 0.176795181534747 -0.177548400839594 0.69179553413277 0.576518796356948 -0.0549881681771977 0.405798160980641 0.454721304646489 0.50589384066116 1.36539203073903 0.263734981003013 0.177076608339666
"APETBA" 0.229741823492043 0.33629815929097 1.57345427343555 1.07301386391477 0.95923856777916 0.655311764464346 0.184823843003844 0.57571848459898 0.667015903567923 0.44490890581946 0.277343856267903 0.445686069534654 0.098587123209758 0.396053814931219 0.277080114168769 0.189538992557025 1.33464493580594 0.533370562973268 0.290088768249557 -0.0386642297491617 -0.0532820489691404 0.415193165881492 0.364512489700842 0.0965685975433188 0.376528605803431 0.476855983252653 0.553660705102737 0.176795181534747 1.52019470875024 0.286545799037843 0.878376675975403 0.657955380071536 0.14570548940256 0.125912226073575 1.03455707286151 -0.0858581056119671 0.933315753217205 0.351539760653678 0.0187483491176836
"APETTS" 0.366538678548702 0.198821978182529 0.503302892020187 0.225702535890582 0.26960215692084 0.156897177533649 0.100742366335467 0.244475119434985 0.300322784200829 0.324593866179191 0.233055637498798 0.313951402393414 0.085067823150538 0.11049553023961 -0.0430243659294628 0.277935819207583 0.405330735297756 0.615009732569092 0.237271038059572 -0.0904671817859417 -0.0702550544504137 0.209796413239483 0.222878864585944 0.0848585707819575 0.384489348294209 0.28065987721124 0.135941544212991 -0.177548400839594 0.286545799037843 0.934015887709006 0.464654100272475 0.0905603187233676 0.189239692175243 0.18966669438116 0.387208631457325 0.247490447886544 0.805532537944272 0.413350618982088 0.257048904050348
"BAEAM" 0.703126201682129 0.646211257248698 2.02494076775749 1.35300501755844 1.2948487263032 0.701116752121459 0.75130406557882 1.13404607278186 1.37274777775593 0.752530347317603 0.742602363569079 0.953506102109565 0.310925762845102 0.944377466679088 0.207956728752997 0.925862799438046 1.76929476279043 1.42164460418381 0.931038885259472 0.0509593369265268 -0.0956968723481119 0.849197006509205 0.721180164426448 0.53726280739844 1.1499571458699 0.872733470935138 0.865429103537542 0.69179553413277 0.878376675975403 0.464654100272475 1.92749176758174 0.683279452782175 0.696647214829723 0.530564946980444 1.26457729885855 0.64200519890891 1.64579464075071 0.712071556299345 0.202531527586026
"EAMZYGO" 0.680719231942368 1.03439218751408 2.09373606991241 1.20847098589422 0.316888828759204 0.379242759696934 0.80468537856351 0.528172288851106 0.723881496561631 1.23785481636377 0.611995840664539 0.723539487887235 0.121075984871802 0.306851274343263 1.36830368919563 0.882729544381248 1.19900912871591 1.07656647350737 2.18227562365682 0.957143521914692 0.177644297887284 1.11586612215788 0.905330052312303 0.616090126625536 -0.558137834895156 1.7029276033101 1.37252078952017 0.576518796356948 0.657955380071536 0.0905603187233676 0.683279452782175 4.12566077975322 1.27848821919115 -0.114611052111394 1.51124479067166 -0.215667576185719 0.817898491233738 0.60219162559412 0.342866807563844
"ZYGOTSP" 0.675001884235066 0.994266384162509 1.91902750288161 1.23230942032455 0.719237206816026 0.252355005613144 0.873086335836022 0.707905136229505 1.02988451594331 1.28661165708354 0.938826777568973 1.0783659081586 0.0383635301830155 0.696342523928174 0.55839830410697 0.972497852820103 1.02514815717365 1.558574722487 2.45003648589798 1.13693361352238 0.0646665890799971 0.90213897553261 0.957512694860758 0.48224760596093 0.704362326693018 1.52517707587184 1.14574115191166 -0.0549881681771977 0.14570548940256 0.189239692175243 0.696647214829723 1.27848821919115 2.64554321060343 0.184730422591549 0.154650513242548 0.391045247644845 1.00109923575698 0.682289382369603 0.314377402581582
"LDAS" -0.284821172360596 0.0308315185137937 0.715386791847631 0.949832181058489 0.778361786566488 0.710622272704105 0.194728303016407 0.207861857506918 0.6067744175141 1.16691327354931 0.097787343436107 0.18695773212305 1.04276510039961 0.808124944176942 -0.146653205315839 0.0913904070894295 0.395467819159351 0.281987072242698 0.0365057308107047 -0.297452745598522 -0.0053222087896747 0.131889604285837 0.608276938054852 0.409786161969957 0.387252412529985 0.403189757625176 0.0506753821365589 0.405798160980641 0.125912226073575 0.18966669438116 0.530564946980444 -0.114611052111394 0.184730422591549 3.01392908237918 -1.55011310776216 2.92308442484452 0.313173237492319 -0.122641272935755 0.221240223563126
"BRLD" 0.229470997666691 0.834074410558529 1.90890884035192 0.867432819885761 0.613213697142737 0.836700867274713 -0.245934213411723 -0.172834070045413 0.588545461367388 -1.23219245703998 0.887050228237412 1.00194851550811 -0.197911538646556 1.16339984835782 0.768098983779894 1.55574802623651 2.36805785274769 2.16145443963628 1.24884329717833 0.32720422692748 0.479271569068041 0.067633383594928 0.756582892155881 -0.152963842973191 0.879382293582523 1.32298043658223 0.575374037277756 0.454721304646489 1.03455707286151 0.387208631457325 1.26457729885855 1.51124479067166 0.154650513242548 -1.55011310776216 11.6444644293265 -2.98220989105171 2.42930041970042 1.29913717293996 0.443738938762272
"OPILD" -0.308706009799318 -0.209318872160407 0.493743725987926 0.3777685868338 1.09976539617483 0.476377485543818 -0.574810572294168 0.24357269087324 0.904488506332072 1.23994919106266 0.176669128335382 0.18600977370919 1.38570755122488 1.21658730315215 -0.40461202217979 0.0618249988361148 0.445823225848702 0.610245977395492 -0.0756726750576067 -0.714251696799527 -0.14624999943515 0.32060494213913 0.493640140202967 0.512137232375106 0.4863143064597 0.508038712528843 0.190395687344119 0.50589384066116 -0.0858581056119671 0.247490447886544 0.64200519890891 -0.215667576185719 0.391045247644845 2.92308442484452 -2.98220989105171 5.31368628134108 0.500993629685605 0.400823108444294 -0.414561782224461
"PTAS" 0.680643062106784 0.558887685945411 1.51633628209721 0.402166747106323 1.49773940531502 1.22596009289972 0.44437474851712 0.704883975037177 2.08552090515146 1.92373919759354 1.06540021558431 1.29857773340183 1.26578561630218 0.999748976082602 -2.45844913943644 1.51080407611742 3.32285201046254 4.80873472646071 1.34247330857074 -1.53317788782701 0.644196371922379 0.937865851862097 1.41030742372206 -0.175025683438417 1.15275369815898 0.758512545637796 0.691623313782917 1.36539203073903 0.933315753217205 0.805532537944272 1.64579464075071 0.817898491233738 1.00109923575698 0.313173237492319 2.42930041970042 0.500993629685605 6.87190697069254 1.48276217001996 0.670562532769672
"JPAS" 0.327380885138177 0.000697968880923382 0.993979822020098 0.364629605458183 0.761294993652521 0.499884324126642 0.341294690229528 0.409199592990104 0.79130852013157 0.451126013917713 0.453780248434022 0.615681170162419 -0.0281450929200456 0.352331945069927 0.287211552178697 0.672544154495627 0.875436855080204 0.981149964673485 0.843690854294548 0.416753169446696 0.130373285778395 0.272251313147793 0.522708713496951 0.113327330055914 0.450766202615029 0.563735315276246 0.407623595235359 0.263734981003013 0.351539760653678 0.413350618982088 0.712071556299345 0.60219162559412 0.682289382369603 -0.122641272935755 1.29913717293996 0.400823108444294 1.48276217001996 1.91002037839402 0.448701567372403
"BAOPI" 0.426802196177897 0.44461899397443 0.568408932749164 0.408940139198595 0.257148412471245 0.269172476262232 0.422281007234489 0.22323377983986 0.354289961875316 0.609959709059687 0.0790664364764658 0.329358695319593 -0.032552567754896 0.135491548257279 0.34739520785017 0.340546673888541 0.171256097093394 0.428641905816928 0.455796730635019 0.213213142590611 -0.0732298771617708 0.179223065465411 0.305307455360444 0.240151490963367 0.46922059445803 0.387396013001377 0.110990776322753 0.177076608339666 0.0187483491176836 0.257048904050348 0.202531527586026 0.342866807563844 0.314377402581582 0.221240223563126 0.443738938762272 -0.414561782224461 0.670562532769672 0.448701567372403 1.3656563542807
