"" "ISPM" "ISNSL" "ISPNS" "PMZS" "PMZI" "PMMT" "NSLNA" "NSLZS" "NSLZI" "NABR" "NAFM" "NAPNS" "BRPT" "BRAPET" "PTFM" "PTAPET" "PTBA" "PTEAM" "PTZYGO" "PTTSP" "FMZS" "FMMT" "ZSZI" "ZIMT" "ZIZYGO" "ZITSP" "MTPNS" "PNSAPET" "APETBA" "APETTS" "BAEAM" "EAMZYGO" "ZYGOTSP" "LDAS" "BRLD" "OPILD" "PTAS" "JPAS" "BAOPI"
"ISPM" 1.64072356894865 2.80790665039973 4.04392541865704 2.95464493923929 1.3430575434163 0.0469370199354458 1.86095450891216 1.63237170136062 1.13606332895545 0.98747272236186 0.37853319100296 1.53909146585208 0.512169159044973 0.972476603378315 0.62068590060858 0.347982802461028 0.774911415312641 0.53200271132768 0.217973498306322 0.27203780869873 0.129090883795593 1.71111009897568 0.794380301630362 0.758592929364911 1.86993077808872 1.23029191971985 1.6998503073611 0.348028601169846 0.493911559036255 0.32802283042567 0.778455558936407 -0.53639171760993 0.329172695127319 0.313423729575466 1.87167833057554 0.503156581440032 1.68264521041805 0.218482933717816 0.176495183405707
"ISNSL" 2.80790665039973 9.41335499340265 11.8568932088108 10.8920873871814 6.24431225168183 1.62312686778542 4.43727498109824 3.64153940384361 3.59850407763105 4.39794315701133 1.64976055041842 5.26209502191232 2.23236719548412 4.25225989404672 2.31824310488077 1.4671205538299 2.50856358836632 1.80817994149353 2.35756327812423 2.50240467324826 1.58537955305612 6.8676291615757 3.31544434304023 2.3806390735869 5.19363494452247 4.36976594621295 5.78770392574169 1.999539955364 1.40067245930004 0.455002217275649 2.17314461114555 0.834633223224376 1.96495733781302 1.64244338024567 6.32233090409979 2.44539543681044 5.74858380628177 1.42026921535048 0.901029463412391
"ISPNS" 4.04392541865704 11.8568932088108 19.9302407516877 15.4283484823434 9.14629288322626 2.37974145965694 8.0270399875589 6.64815689817124 5.34042486980206 4.67197616176412 2.47655251371011 7.10210212059544 2.51046446097542 5.62863139886303 4.30668926330329 0.90053447923665 2.16617493023687 0.344448281574743 1.30240726034516 2.2380895187799 1.66689016306655 8.90757915101053 3.96569391079523 3.23313457000316 6.72948332281514 5.97541351168485 9.47373312683023 0.251813377424426 2.12814934668994 0.199075456333733 2.95705898970408 1.60403950363724 1.54144404266837 1.47541482274431 5.783527904613 3.88655203437856 5.01986863659184 1.53612462019597 1.0826770487205
"PMZS" 2.95464493923929 10.8920873871814 15.4283484823434 17.8772219448916 10.4348934231673 3.6068222986942 11.0242136930906 6.34547775090955 5.4894332544634 5.03214538391565 1.86402177526549 6.53427245398003 3.11966446338396 5.65251071887011 2.84041902507834 0.816465890556795 2.17217049088735 1.19884794438506 2.38174125216281 4.23315180483653 3.12329623269566 9.13837152496425 6.48652637208248 2.12758449362107 5.54123990244467 4.23439065394553 7.40594184233003 3.01247238716236 2.06556761924074 0.441794082955044 3.05005514199073 3.61219032610404 2.34091810890154 2.44128194697583 3.43244375102961 5.42928484909279 5.55132350458858 2.51094606525873 1.05917809890975
"PMZI" 1.3430575434163 6.24431225168183 9.14629288322626 10.4348934231673 8.22582639664536 3.22738934523219 5.62445214506256 3.42842792723536 4.88901636181204 3.48292358366563 1.68881963047508 3.7789324249102 1.89167105137639 3.6256648980047 1.88556227391789 0.661142746544765 1.18217004350668 0.785457495326844 2.24520713391995 2.59649214824066 2.01674216458393 5.32159795381665 4.64020487404508 1.48334572054708 2.39348083207187 2.45883440284173 4.78573684334916 2.06889237317918 1.11773743070569 0.118183580872198 1.72325667709742 3.05207127567614 1.76895666832077 1.72931737776038 1.96619487599789 3.70515152434105 3.89809926820475 1.87906508702424 0.693490544700627
"PMMT" 0.0469370199354458 1.62312686778542 2.37974145965694 3.6068222986942 3.22738934523219 4.42795679364435 1.9445432331661 1.00062488283738 2.10553718996329 2.35467998399468 0.942210003550457 0.967068508512129 1.06259734240702 1.49183170952998 0.435546083977084 0.966041083355458 1.03196363865448 0.628391333908008 1.30952284526766 1.24034422386109 1.05318929805764 1.07277384637894 2.15916947284155 1.22848937714114 0.781808757133456 1.44334121046055 -0.0755552738802233 1.07475767692802 0.788997264312825 0.177415783378197 1.37237309580437 3.23518158834103 1.13049276328216 0.939689846225685 -2.03929186988876 1.66280586308656 1.1384906116342 0.856313955983553 0.262798670822217
"NSLNA" 1.86095450891216 4.43727498109824 8.0270399875589 11.0242136930906 5.62445214506256 1.9445432331661 15.4623606352129 6.38829634598165 3.2358832622946 -2.28481949338305 0.64575633114057 3.73635320986584 1.02546504391234 0.678192852464117 -0.483611505936657 -1.6393254175906 -0.286622378307978 -1.68231148652368 -1.97604599506154 2.29413285786657 2.02050751064269 3.00839973761794 3.63951859120917 -0.855045789403583 1.0072687143198 0.337993996482 2.82835265623497 1.11082202420388 1.96722213875133 0.489548119558243 1.69567913261579 1.94900920683051 -0.256076631080725 -1.07940981302291 -3.87678993910726 3.08074562341341 -0.488689601421845 0.279456032337827 -0.432141030379924
"NSLZS" 1.63237170136062 3.64153940384361 6.64815689817124 6.34547775090955 3.42842792723536 1.00062488283738 6.38829634598165 5.11931664669301 3.01981775797187 0.241910830460674 0.82911167588861 2.16699309700503 1.09374364165699 1.46091159813364 0.152277675381115 -0.174426487138164 0.683741219244151 -0.131684106932723 -0.180990407722102 1.07513710264239 0.0869148046513406 3.41681734248853 1.00759408992724 0.78006368440026 1.83197851330397 0.910009913823795 3.24703258892215 0.577324848519332 0.997543651525113 0.195863977408827 1.39822415868328 0.966074511009326 0.493286688170908 0.36862635584044 0.812562830183461 2.4201407394521 2.23554136597911 1.2508899000583 0.264241147471802
"NSLZI" 1.13606332895545 3.59850407763105 5.34042486980206 5.4894332544634 4.88901636181204 2.10553718996329 3.2358832622946 3.01981775797187 4.55546933560982 2.85193989288206 1.37540770767129 2.46365880094736 2.19071760925436 2.76079152332791 0.417998649562554 0.573218130538162 1.08731207741851 1.06575921720118 1.60479242196503 0.9357415892104 0.401543645474375 3.25930513807556 3.04841498821274 1.52893391885358 1.03824652155853 1.38996801630995 3.21116186462129 0.984269851408175 0.725801756410874 0.148004862438254 1.36920111702449 1.64865149343443 1.76351980988789 1.12150418529095 1.41307825048617 2.58757796874608 3.68832747723889 1.57943806574139 0.25886240372679
"NABR" 0.98747272236186 4.39794315701133 4.67197616176412 5.03214538391565 3.48292358366563 2.35467998399468 -2.28481949338305 0.241910830460674 2.85193989288206 10.8809077290978 1.1411860656985 2.30737365667072 3.65860624353272 5.43609178939315 2.90859438204847 3.5148443653576 3.63343698375801 5.18262660003431 5.15215584541614 3.23442243991709 0.835795187051438 5.07805320762045 3.7424051712493 2.42197910636025 3.4928230002138 2.95408418404268 3.90556567094351 1.37937900577067 0.343729609802508 0.187466556969313 1.68904333122143 1.87699481424992 3.66785295014598 2.80556558363252 3.19180356516904 2.87450594230779 6.35305596824602 2.51753173135289 1.09112710785378
"NAFM" 0.37853319100296 1.64976055041842 2.47655251371011 1.86402177526549 1.68881963047508 0.942210003550457 0.64575633114057 0.82911167588861 1.37540770767129 1.1411860656985 1.61600398943214 1.88736236469636 0.73417128149896 1.25031257271978 0.671621131831685 0.260530281840024 0.383164283376097 0.329127218464601 0.849304454277742 0.355889653841771 0.303216393857208 1.75345305789184 0.740785895153813 0.837112380515943 0.945246062236064 1.15572897897294 2.02600509166248 0.306178512390564 0.370862868381164 -0.000981815648006295 0.9761974562095 0.751649540280634 1.02317934057606 0.209900000673616 1.1736066481284 0.517281741166221 1.1760755606533 0.338180093057787 0.0770412103817624
"NAPNS" 1.53909146585208 5.26209502191232 7.10210212059544 6.53427245398003 3.7789324249102 0.967068508512129 3.73635320986584 2.16699309700503 2.46365880094736 2.30737365667072 1.88736236469636 5.99995496439306 2.35930576313871 3.18576587089211 0.654860061151594 0.546067550563082 1.62796535532283 1.05868574934236 0.928843373432226 0.690524174975161 1.05163292460893 5.11711365556261 2.61376599284867 1.66359219315632 2.81187874462877 2.30610847653106 3.9273993447432 0.737807328494856 1.2296436256058 0.0567078807137741 1.93724298739321 1.18281758146237 1.73426476997177 0.300360759252571 1.43453587796521 1.3138240366449 2.94128298042907 0.0382804331395063 0.157476477745849
"BRPT" 0.512169159044973 2.23236719548412 2.51046446097542 3.11966446338396 1.89167105137639 1.06259734240702 1.02546504391234 1.09374364165699 2.19071760925436 3.65860624353272 0.73417128149896 2.35930576313871 5.48063894780351 3.48784273070012 -0.859336396084339 -1.13095918227881 -0.470624817109255 -0.303795251240295 -1.9134444338679 -1.85296237365103 0.521971613399119 3.05976613465869 2.40277174186814 1.31746175726396 -0.139662750103563 0.833457009394465 1.91055123161433 -0.329335508123021 0.361079363510666 -0.123421710240764 1.17735435876202 0.672539636507484 0.458732020903836 0.789728400433222 0.186697759920473 1.66370200323958 1.36429989565113 1.35080416319113 0.129122677464706
"BRAPET" 0.972476603378315 4.25225989404672 5.62863139886303 5.65251071887011 3.6256648980047 1.49183170952998 0.678192852464117 1.46091159813364 2.76079152332791 5.43609178939315 1.25031257271978 3.18576587089211 3.48784273070012 5.86279209258263 2.28962228991482 1.36275138120818 1.7828902731846 1.85929270963566 2.49976613899987 0.79328304958649 0.622538867527505 4.76155449695756 3.07342567139015 2.34001003050643 3.16278127977584 2.59791943482322 3.90033591046409 0.369350616047268 0.942894939799302 0.0900430184911492 1.66033200787349 0.131236022606826 2.57835429652149 2.33292483605294 3.44273749400551 3.51888520403035 3.93958249252066 2.1570649156929 -0.0795573461134432
"PTFM" 0.62068590060858 2.31824310488077 4.30668926330329 2.84041902507834 1.88556227391789 0.435546083977084 -0.483611505936657 0.152277675381115 0.417998649562554 2.90859438204847 0.671621131831685 0.654860061151594 -0.859336396084339 2.28962228991482 5.21486807250357 1.5604502381691 0.908258621595398 -0.10742814818809 2.4949625503516 2.22283871196824 0.605819924834606 2.76810831332834 0.974651864756073 1.0853614794504 3.65782474300224 2.18398577834418 3.05665165434742 0.0589203817075326 0.584369281588164 0.586220225738646 0.889951027659647 -0.186460863220906 1.83400832777342 1.32491892500825 3.0039724770004 0.460001119460673 0.383885473448693 0.328699322068069 0.679092928169954
"PTAPET" 0.347982802461028 1.4671205538299 0.90053447923665 0.816465890556795 0.661142746544765 0.966041083355458 -1.6393254175906 -0.174426487138164 0.573218130538162 3.5148443653576 0.260530281840024 0.546067550563082 -1.13095918227881 1.36275138120818 1.5604502381691 4.631604316186 4.51298514278804 4.87461465230898 5.59080356188119 3.99752436510031 -0.324315950294308 1.09717620435221 0.21849833578984 1.01659862325874 2.27985359172933 0.912840025181665 0.679166411570079 1.32252019951271 0.284929851974871 0.526865949418732 0.665846660030216 0.633241714208465 2.66644566612539 1.84105179808136 2.81583791783487 0.457671414943558 4.05842270163644 0.540033830618483 0.0877989568321641
"PTBA" 0.774911415312641 2.50856358836632 2.16617493023687 2.17217049088735 1.18217004350668 1.03196363865448 -0.286622378307978 0.683741219244151 1.08731207741851 3.63343698375801 0.383164283376097 1.62796535532283 -0.470624817109255 1.7828902731846 0.908258621595398 4.51298514278804 5.57048536068437 5.81437865869014 5.4665700275317 3.72589003084293 -0.265953755439711 2.1558122406497 0.582656717392874 1.28685048155858 2.8425606657138 1.28585041797621 1.36849488151333 1.47177809125335 1.19251570072726 0.547545263604074 1.23277721208008 0.909946444821931 2.68151719996599 1.66815697993448 2.80332529795248 1.22640707599817 5.68053861401688 0.838000441063614 -0.141232927061005
"PTEAM" 0.53200271132768 1.80817994149353 0.344448281574743 1.19884794438506 0.785457495326844 0.628391333908008 -1.68231148652368 -0.131684106932723 1.06575921720118 5.18262660003431 0.329127218464601 1.05868574934236 -0.303795251240295 1.85929270963566 -0.10742814818809 4.87461465230898 5.81437865869014 8.50315701161225 6.89167826068429 4.3153807716172 -0.537618045364568 1.50988679106915 0.893922684990811 1.33870701968283 2.54702111167431 0.55933345560897 1.13642676476979 2.3620695568549 0.361310194753615 0.231633151637614 0.797628783205564 0.516338736043908 2.81068318036241 1.96511430257969 3.71710938996901 1.89111362837733 7.80144542851615 1.22681464742852 -0.262001630001645
"PTZYGO" 0.217973498306322 2.35756327812423 1.30240726034516 2.38174125216281 2.24520713391995 1.30952284526766 -1.97604599506154 -0.180990407722102 1.60479242196503 5.15215584541614 0.849304454277742 0.928843373432226 -1.9134444338679 2.49976613899987 2.4949625503516 5.59080356188119 5.4665700275317 6.89167826068429 9.41605952090072 5.96328226210594 -0.206437301486595 2.1126596113971 1.27263034290604 0.948654456839625 3.42898429918571 1.63965879201706 1.93380440589911 2.14064189123638 0.389983034636693 0.452970831827575 1.03936941173053 0.598762472167685 4.80223541339063 2.4899056167296 3.81484831790195 1.58047633088496 5.84758767396555 1.56159425486596 0.10423357060031
"PTTSP" 0.27203780869873 2.50240467324826 2.2380895187799 4.23315180483653 2.59649214824066 1.24034422386109 2.29413285786657 1.07513710264239 0.9357415892104 3.23442243991709 0.355889653841771 0.690524174975161 -1.85296237365103 0.79328304958649 2.22283871196824 3.99752436510031 3.72589003084293 4.3153807716172 5.96328226210594 7.93074981974664 0.563295621594764 2.20221433410355 1.12544687045272 0.397608470364081 2.56302440996695 -0.86705008035501 1.63779697294506 2.43107838646865 0.345038324070077 0.505189182379424 0.931849026610271 1.80079856041792 2.64659733094969 0.957231413077162 1.02227056545335 1.38917339036736 2.74011200605497 0.909955155420664 0.381777213788635
"FMZS" 0.129090883795593 1.58537955305612 1.66689016306655 3.12329623269566 2.01674216458393 1.05318929805764 2.02050751064269 0.0869148046513406 0.401543645474375 0.835795187051438 0.303216393857208 1.05163292460893 0.521971613399119 0.622538867527505 0.605819924834606 -0.324315950294308 -0.265953755439711 -0.537618045364568 -0.206437301486595 0.563295621594764 2.18352883664671 1.94095797703966 1.55386253754589 0.0747398054476825 1.17543131057418 0.960940889067691 0.693266644911265 1.22521968111888 0.258174067316302 0.0810261519704003 0.530395123273675 1.44862226426419 -0.136084934772596 0.48227050794006 0.348124228958079 0.998378200947108 -0.494269319570328 -0.181761500444295 0.158730201795033
"FMMT" 1.71111009897568 6.8676291615757 8.90757915101053 9.13837152496425 5.32159795381665 1.07277384637894 3.00839973761794 3.41681734248853 3.25930513807556 5.07805320762045 1.75345305789184 5.11711365556261 3.05976613465869 4.76155449695756 2.76810831332834 1.09717620435221 2.1558122406497 1.50988679106915 2.1126596113971 2.20221433410355 1.94095797703966 9.84024001033213 3.13402828797058 2.92206918400619 5.89277537394205 3.01835795826769 6.40516696855298 1.99140841463576 1.46555843694203 0.74762347623317 2.64318767561977 1.80735631769589 2.71256360279328 2.71157848770596 3.56658841006564 3.53831696995274 4.28198045630957 1.26730193320177 1.14496962030346
"ZSZI" 0.794380301630362 3.31544434304023 3.96569391079523 6.48652637208248 4.64020487404508 2.15916947284155 3.63951859120917 1.00759408992724 3.04841498821274 3.7424051712493 0.740785895153813 2.61376599284867 2.40277174186814 3.07342567139015 0.974651864756073 0.21849833578984 0.582656717392874 0.893922684990811 1.27263034290604 1.12544687045272 1.55386253754589 3.13402828797058 5.09299361566495 1.08182215146896 1.32686423238294 1.46686321030444 2.26303121001752 1.53457473287681 0.706411598039913 0.340761502988048 1.25865300498385 1.91491652063731 1.62943394194939 1.26001206716873 -0.547007435173134 2.58034569431512 2.10248803090735 0.895213513067931 0.32119173142697
"ZIMT" 0.758592929364911 2.3806390735869 3.23313457000316 2.12758449362107 1.48334572054708 1.22848937714114 -0.855045789403583 0.78006368440026 1.52893391885358 2.42197910636025 0.837112380515943 1.66359219315632 1.31746175726396 2.34001003050643 1.0853614794504 1.01659862325874 1.28685048155858 1.33870701968283 0.948654456839625 0.397608470364081 0.0747398054476825 2.92206918400619 1.08182215146896 3.40436158184104 2.2756572112785 0.881954182731954 1.50561229480088 -0.0728017777020293 0.576976032689745 0.595981180312206 1.03662269369885 0.236107442285355 1.31372579261048 1.12821014547853 1.90503779908526 1.26200800073661 2.32799236559327 0.169922331182541 0.09811795974131
"ZIZYGO" 1.86993077808872 5.19363494452247 6.72948332281514 5.54123990244467 2.39348083207187 0.781808757133456 1.0072687143198 1.83197851330397 1.03824652155853 3.4928230002138 0.945246062236064 2.81187874462877 -0.139662750103563 3.16278127977584 3.65782474300224 2.27985359172933 2.8425606657138 2.54702111167431 3.42898429918571 2.56302440996695 1.17543131057418 5.89277537394205 1.32686423238294 2.2756572112785 8.10611386237909 3.41237494071625 4.33428370428516 3.0010133063369 0.985747543902923 0.67139830995424 2.30004538126201 0.0948290082562097 2.00088984675266 2.353511383376 5.3154586472301 2.63561402335401 3.60035950297656 0.621829264733398 1.04342063272768
"ZITSP" 1.23029191971985 4.36976594621295 5.97541351168485 4.23439065394553 2.45883440284173 1.44334121046055 0.337993996482 0.910009913823795 1.38996801630995 2.95408418404268 1.15572897897294 2.30610847653106 0.833457009394465 2.59791943482322 2.18398577834418 0.912840025181665 1.28585041797621 0.55933345560897 1.63965879201706 -0.86705008035501 0.960940889067691 3.01835795826769 1.46686321030444 0.881954182731954 3.41237494071625 5.80559124800198 3.0700817245464 0.631421907769618 0.83798868960959 0.357612542777046 0.914968868150189 0.483203231512818 1.07320362454439 1.53438408625162 4.91543249126532 0.77595321690645 3.4112918702507 0.949903166039278 0.363969776810738
"MTPNS" 1.6998503073611 5.78770392574169 9.47373312683023 7.40594184233003 4.78573684334916 -0.0755552738802233 2.82835265623497 3.24703258892215 3.21116186462129 3.90556567094351 2.02600509166248 3.9273993447432 1.91055123161433 3.90033591046409 3.05665165434742 0.679166411570079 1.36849488151333 1.13642676476979 1.93380440589911 1.63779697294506 0.693266644911265 6.40516696855298 2.26303121001752 1.50561229480088 4.33428370428516 3.0700817245464 7.31232229519867 0.75767456590939 1.00924142636308 0.100581399211413 1.89776775451866 0.606109238272897 1.79807543532551 1.16018494057058 4.32760514342136 2.64432526168466 3.69395099079178 1.60308429768117 0.8623201851692
"PNSAPET" 0.348028601169846 1.999539955364 0.251813377424426 3.01247238716236 2.06889237317918 1.07475767692802 1.11082202420388 0.577324848519332 0.984269851408175 1.37937900577067 0.306178512390564 0.737807328494856 -0.329335508123021 0.369350616047268 0.0589203817075326 1.32252019951271 1.47177809125335 2.3620695568549 2.14064189123638 2.43107838646865 1.22521968111888 1.99140841463576 1.53457473287681 -0.0728017777020293 3.0010133063369 0.631421907769618 0.75767456590939 6.01895473094981 -0.630910283346989 -0.114574976057003 1.27834960440655 2.3851919529263 0.0455656756498843 2.10456280631877 3.88727830329749 1.88007865736194 4.19365581571351 1.22085304490496 1.19538096882707
"APETBA" 0.493911559036255 1.40067245930004 2.12814934668994 2.06556761924074 1.11773743070569 0.788997264312825 1.96722213875133 0.997543651525113 0.725801756410874 0.343729609802508 0.370862868381164 1.2296436256058 0.361079363510666 0.942894939799302 0.584369281588164 0.284929851974871 1.19251570072726 0.361310194753615 0.389983034636693 0.345038324070077 0.258174067316302 1.46555843694203 0.706411598039913 0.576976032689745 0.985747543902923 0.83798868960959 1.00924142636308 -0.630910283346989 1.59956534076085 0.700301684879731 0.87794916150019 0.379617532545691 0.889046760879361 -0.31732585933776 -1.12079380589828 0.485177611989093 0.593304253888541 0.176571704396553 -0.234996634484919
"APETTS" 0.32802283042567 0.455002217275649 0.199075456333733 0.441794082955044 0.118183580872198 0.177415783378197 0.489548119558243 0.195863977408827 0.148004862438254 0.187466556969313 -0.000981815648006295 0.0567078807137741 -0.123421710240764 0.0900430184911492 0.586220225738646 0.526865949418732 0.547545263604074 0.231633151637614 0.452970831827575 0.505189182379424 0.0810261519704003 0.74762347623317 0.340761502988048 0.595981180312206 0.67139830995424 0.357612542777046 0.100581399211413 -0.114574976057003 0.700301684879731 1.43888039676492 0.560660237004998 -0.212384565190708 0.831981701356125 0.235501716092443 -0.281944563488982 -0.627547008891584 -0.210244668803041 -0.284161663324829 0.172576917559442
"BAEAM" 0.778455558936407 2.17314461114555 2.95705898970408 3.05005514199073 1.72325667709742 1.37237309580437 1.69567913261579 1.39822415868328 1.36920111702449 1.68904333122143 0.9761974562095 1.93724298739321 1.17735435876202 1.66033200787349 0.889951027659647 0.665846660030216 1.23277721208008 0.797628783205564 1.03936941173053 0.931849026610271 0.530395123273675 2.64318767561977 1.25865300498385 1.03662269369885 2.30004538126201 0.914968868150189 1.89776775451866 1.27834960440655 0.87794916150019 0.560660237004998 2.44749865370324 1.19730226538271 1.325370246191 0.623601496716605 -0.211394287300498 1.22067757606282 0.85649894324898 0.404151129706488 0.597229340834882
"EAMZYGO" -0.53639171760993 0.834633223224376 1.60403950363724 3.61219032610404 3.05207127567614 3.23518158834103 1.94900920683051 0.966074511009326 1.64865149343443 1.87699481424992 0.751649540280634 1.18281758146237 0.672539636507484 0.131236022606826 -0.186460863220906 0.633241714208465 0.909946444821931 0.516338736043908 0.598762472167685 1.80079856041792 1.44862226426419 1.80735631769589 1.91491652063731 0.236107442285355 0.0948290082562097 0.483203231512818 0.606109238272897 2.3851919529263 0.379617532545691 -0.212384565190708 1.19730226538271 6.15860614140226 0.169149397069285 0.384453743669465 -2.01748439564011 1.16236589009505 1.46400099564906 1.09529977471907 0.686075184310382
"ZYGOTSP" 0.329172695127319 1.96495733781302 1.54144404266837 2.34091810890154 1.76895666832077 1.13049276328216 -0.256076631080725 0.493286688170908 1.76351980988789 3.66785295014598 1.02317934057606 1.73426476997177 0.458732020903836 2.57835429652149 1.83400832777342 2.66644566612539 2.68151719996599 2.81068318036241 4.80223541339063 2.64659733094969 -0.136084934772596 2.71256360279328 1.62943394194939 1.31372579261048 2.00088984675266 1.07320362454439 1.79807543532551 0.0455656756498843 0.889046760879361 0.831981701356125 1.325370246191 0.169149397069285 4.37591436362724 1.6064155114062 0.0482045702647363 1.06549658521337 2.29784249211355 0.686085459982227 0.281478067422218
"LDAS" 0.313423729575466 1.64244338024567 1.47541482274431 2.44128194697583 1.72931737776038 0.939689846225685 -1.07940981302291 0.36862635584044 1.12150418529095 2.80556558363252 0.209900000673616 0.300360759252571 0.789728400433222 2.33292483605294 1.32491892500825 1.84105179808136 1.66815697993448 1.96511430257969 2.4899056167296 0.957231413077162 0.48227050794006 2.71157848770596 1.26001206716873 1.12821014547853 2.353511383376 1.53438408625162 1.16018494057058 2.10456280631877 -0.31732585933776 0.235501716092443 0.623601496716605 0.384453743669465 1.6064155114062 4.84215147037667 3.83241454618546 3.27081194843703 3.65451924499685 1.15079178338356 0.403066355455363
"BRLD" 1.87167833057554 6.32233090409979 5.783527904613 3.43244375102961 1.96619487599789 -2.03929186988876 -3.87678993910726 0.812562830183461 1.41307825048617 3.19180356516904 1.1736066481284 1.43453587796521 0.186697759920473 3.44273749400551 3.0039724770004 2.81583791783487 2.80332529795248 3.71710938996901 3.81484831790195 1.02227056545335 0.348124228958079 3.56658841006564 -0.547007435173134 1.90503779908526 5.3154586472301 4.91543249126532 4.32760514342136 3.88727830329749 -1.12079380589828 -0.281944563488982 -0.211394287300498 -2.01748439564011 0.0482045702647363 3.83241454618546 23.578855760921 1.32776032940027 11.341791886916 2.57835185691933 -0.212811453373018
"OPILD" 0.503156581440032 2.44539543681044 3.88655203437856 5.42928484909279 3.70515152434105 1.66280586308656 3.08074562341341 2.4201407394521 2.58757796874608 2.87450594230779 0.517281741166221 1.3138240366449 1.66370200323958 3.51888520403035 0.460001119460673 0.457671414943558 1.22640707599817 1.89111362837733 1.58047633088496 1.38917339036736 0.998378200947108 3.53831696995274 2.58034569431512 1.26200800073661 2.63561402335401 0.77595321690645 2.64432526168466 1.88007865736194 0.485177611989093 -0.627547008891584 1.22067757606282 1.16236589009505 1.06549658521337 3.27081194843703 1.32776032940027 7.23114958714646 4.42098194183364 2.37317465213518 -0.269879511228927
"PTAS" 1.68264521041805 5.74858380628177 5.01986863659184 5.55132350458858 3.89809926820475 1.1384906116342 -0.488689601421845 2.23554136597911 3.68832747723889 6.35305596824602 1.1760755606533 2.94128298042907 1.36429989565113 3.93958249252066 0.383885473448693 4.05842270163644 5.68053861401688 7.80144542851615 5.84758767396555 2.74011200605497 -0.494269319570328 4.28198045630957 2.10248803090735 2.32799236559327 3.60035950297656 3.4112918702507 3.69395099079178 4.19365581571351 0.593304253888541 -0.210244668803041 0.85649894324898 1.46400099564906 2.29784249211355 3.65451924499685 11.341791886916 4.42098194183364 15.7710279641507 4.14489890745597 0.0690956655848452
"JPAS" 0.218482933717816 1.42026921535048 1.53612462019597 2.51094606525873 1.87906508702424 0.856313955983553 0.279456032337827 1.2508899000583 1.57943806574139 2.51753173135289 0.338180093057787 0.0382804331395063 1.35080416319113 2.1570649156929 0.328699322068069 0.540033830618483 0.838000441063614 1.22681464742852 1.56159425486596 0.909955155420664 -0.181761500444295 1.26730193320177 0.895213513067931 0.169922331182541 0.621829264733398 0.949903166039278 1.60308429768117 1.22085304490496 0.176571704396553 -0.284161663324829 0.404151129706488 1.09529977471907 0.686085459982227 1.15079178338356 2.57835185691933 2.37317465213518 4.14489890745597 3.77568471309226 0.0966648481271702
"BAOPI" 0.176495183405707 0.901029463412391 1.0826770487205 1.05917809890975 0.693490544700627 0.262798670822217 -0.432141030379924 0.264241147471802 0.25886240372679 1.09112710785378 0.0770412103817624 0.157476477745849 0.129122677464706 -0.0795573461134432 0.679092928169954 0.0877989568321641 -0.141232927061005 -0.262001630001645 0.10423357060031 0.381777213788635 0.158730201795033 1.14496962030346 0.32119173142697 0.09811795974131 1.04342063272768 0.363969776810738 0.8623201851692 1.19538096882707 -0.234996634484919 0.172576917559442 0.597229340834882 0.686075184310382 0.281478067422218 0.403066355455363 -0.212811453373018 -0.269879511228927 0.0690956655848452 0.0966648481271702 1.55470561264611
