"" "ISPM" "ISNSL" "ISPNS" "PMZS" "PMZI" "PMMT" "NSLNA" "NSLZS" "NSLZI" "NABR" "NAFM" "NAPNS" "BRPT" "BRAPET" "PTFM" "PTAPET" "PTBA" "PTEAM" "PTZYGO" "PTTSP" "FMZS" "FMMT" "ZSZI" "ZIMT" "ZIZYGO" "ZITSP" "MTPNS" "PNSAPET" "APETBA" "APETTS" "BAEAM" "EAMZYGO" "ZYGOTSP" "LDAS" "BRLD" "OPILD" "PTAS" "JPAS" "BAOPI"
"ISPM" 2.25188848041188 3.2639867541989 5.43433768828938 1.44105557021352 1.07911677317357 0.839915873798946 0.359365964332863 0.516939290649195 0.922847843101114 -0.892916339070897 0.841002369665576 1.58297265862392 0.061528800741245 1.17496532366278 0.882249518703975 0.863025856290111 1.16410966779484 0.348473612600474 0.752592771487467 0.566822498360723 -0.0349127453423966 0.631711625394389 0.427123419914645 0.582542044692123 1.60337612549254 1.11013116536712 1.05291631377307 0.164458698791658 0.685049436048807 0.2561313104236 1.18096667848839 0.474590613390277 0.909216292756762 1.86966333720555 0.811041456824778 1.95782139973761 0.255236179945742 0.0764414224435366 0.0118053117834624
"ISNSL" 3.2639867541989 16.7124147542028 15.6111586875771 10.8966002596617 7.44638133632147 4.65992602809936 4.15347275227432 1.65785963624112 4.25615785883954 0.618177770606742 3.45479799039128 3.73958420799755 -1.8650693923848 3.45050587033542 2.80366832170293 6.51404301351144 8.95078099985371 7.80838531325979 9.42283249545103 2.65415563633788 1.25656386631832 5.79818913405369 3.52931752899174 5.33793462066483 5.45232667614042 11.0621067139006 6.86323155900803 4.24124850876526 3.46536820472528 1.40696900022608 6.08698945270435 7.65199541126756 6.64104965492253 0.379302384908959 1.12463866241163 2.98025464673149 6.87395941479338 1.55575245368151 0.693625063727627
"ISPNS" 5.43433768828938 15.6111586875771 22.7443861987066 10.8525957244662 9.10269062965815 6.87149853159778 6.19797751730084 2.1715188725443 6.18964435832733 0.678610774832069 5.08830805165472 8.74562429347903 -0.284968465534135 5.99227453497061 6.06114120820643 7.47970091167131 10.9911659694542 7.15286562216294 8.66900766803858 3.25745292103215 2.82901648508474 8.56700432802228 4.96720412001004 5.84066068577686 8.20560035286104 10.3426692813632 8.0123416136717 3.83956187747288 5.10329209364121 2.94639662934096 7.89043338440698 8.92000289146831 6.76412887360354 3.01185456863072 3.13827382192463 5.72075066648271 7.60055210217664 3.08784948354543 0.744865681714998
"PMZS" 1.44105557021352 10.8966002596617 10.8525957244662 14.2656744847384 10.1545828625758 5.02682268062272 11.2943964395238 4.12825149737579 6.10219834846093 1.60903324629118 1.98966552831782 6.22844275555344 -1.70962321334807 2.85686736714639 4.38288844228382 5.4366455343933 8.05063363014447 7.83623452670407 8.52182204916084 1.01759002119783 1.97899055219582 9.57105592381977 5.13227915744341 5.29315375267868 4.76538753014785 9.70094032669359 6.4173453435146 6.24215994908082 3.42736765207467 2.64374755858075 6.13823340013396 7.80880318111391 6.31227033843066 -1.58485861004818 2.33681207233042 0.609348948412528 7.63885016864059 2.57529018435927 0.631342091175519
"PMZI" 1.07911677317357 7.44638133632147 9.10269062965815 10.1545828625758 10.5806759687446 4.85294504837329 7.74381844404576 3.81979416832383 7.89751602926999 1.72359450971494 2.62706133556932 6.3291464473483 -0.552700723823085 3.55722584958428 4.80987518378128 3.82434085967879 7.3115227009725 5.78194808215243 5.48678633840563 -0.916459074764478 1.60274540686457 9.13155141660583 5.08373421832418 5.58614042616912 1.51304849430398 6.83627673601235 5.39747519920116 4.80819024236599 3.99478879807622 2.63843560944552 5.44436387617844 7.054855002314 4.22627697703623 -1.64891738528298 3.74356164560325 1.25220233506105 6.50987741908576 3.27285355273558 0.218764536366997
"PMMT" 0.839915873798946 4.65992602809936 6.87149853159778 5.02682268062272 4.85294504837329 4.99882607876836 4.09831169698411 1.34991463003895 3.39452125306107 1.63112654918916 2.06270389950592 4.30279061756031 0.602367370111944 2.73280246773574 2.76877503907853 3.12234432350837 4.98799839939958 3.4284649553088 2.63000297260288 0.871163497078966 1.60887837734425 4.65427216001667 2.77052701513253 3.66844952284767 2.93652427849498 3.74157472962116 1.90562251058314 2.12225116296688 2.55302406169872 1.307563433728 3.89249272930973 4.70040068425217 1.91248856287353 -0.0365886247191993 2.37353814582438 1.45187089919765 4.88776118149151 2.43958582600852 0.609016629777456
"NSLNA" 0.359365964332863 4.15347275227432 6.19797751730084 11.2943964395238 7.74381844404576 4.09831169698411 18.088996568922 4.65919723715009 5.62026802781743 -1.61542909616624 0.0252859386099737 7.63590434958253 -1.81613031528811 -0.270626435581961 3.24525284343237 3.28841830497447 5.09411288719528 6.40764130867724 5.43600405591721 -1.45040195394256 2.76990558072201 9.60024238655906 4.46038660280885 4.18194461413202 2.71713636029131 7.42787975473086 4.21486381995044 4.48358375834117 2.0007684799429 3.12629675421737 3.89393487395371 6.45871856756065 5.007315916435 -1.5678334278306 1.33493703339341 -1.02479450962018 6.5116548785844 2.21043843613786 0.59689554889983
"NSLZS" 0.516939290649195 1.65785963624112 2.1715188725443 4.12825149737579 3.81979416832383 1.34991463003895 4.65919723715009 4.61534851467405 4.26008287093428 0.0299638827487272 1.21323672502571 3.28346969363259 -0.628451700395727 0.95331307775687 0.832944244222608 1.76683694062624 3.28945394764817 2.86264249867349 2.47853827064863 -1.19844585983402 -0.845264494291402 4.09071281906241 0.393697787954538 1.96917608973396 0.353257083834142 2.53894030092724 1.44675004051824 1.87330239654339 1.50979454401526 0.952872881666023 2.40200834299532 0.606449612797487 1.49146392193928 -0.644847078735345 0.96676918760321 -0.10267759733751 2.85075756414224 1.68375761553736 0.171322055739971
"NSLZI" 0.922847843101114 4.25615785883954 6.18964435832733 6.10219834846093 7.89751602926999 3.39452125306107 5.62026802781743 4.26008287093428 8.63210818141848 1.67556657525255 2.46083856492365 5.42549890936321 -0.797490262843727 2.61822794378106 3.86018433846469 3.77406449287996 7.27982959422089 5.83524741198666 5.49391601458047 -1.28805594378111 0.342138233422746 7.10567626639852 4.66927381533928 4.30566742228689 -0.397519183847768 6.32467221216628 4.4461720035082 3.27879756786422 3.34521442438731 2.08763595715653 4.42296425853869 5.30060012776042 3.84385887324547 -1.35333879780861 4.02906963747794 1.3881970769833 6.26586932810284 3.04237140248064 0.316267894057534
"NABR" -0.892916339070897 0.618177770606742 0.678610774832069 1.60903324629118 1.72359450971494 1.63112654918916 -1.61542909616624 0.0299638827487272 1.67556657525255 13.2182854273409 3.43086291258637 2.53162042639099 5.7227435187573 7.02488801817282 2.39100829638642 3.8772211061208 5.90931233588105 4.21402269403044 4.21298725029391 3.03456287912247 3.15616855609895 4.95800071129891 1.3663913884097 1.29558300675981 2.29911741036675 1.40326531443714 2.7159657016357 1.69661395523066 2.3169578234203 0.655153211639033 4.04810466147538 3.65731686143369 1.51395024035484 -0.0162276604251434 1.26455342232747 1.2941704565152 6.38988739915283 3.0218411050653 0.105412540223625
"NAFM" 0.841002369665576 3.45479799039128 5.08830805165472 1.98966552831782 2.62706133556932 2.06270389950592 0.0252859386099737 1.21323672502571 2.46083856492365 3.43086291258637 4.60771380603433 4.26435482775322 3.01805923314943 4.11085249027552 1.60300545547966 2.75907576093408 4.81903938755862 2.50725807002906 2.37041690923382 0.164197707588715 1.02032299287081 2.97718902897881 0.76042185728246 1.380990890777 2.4646089005496 2.42384997323484 2.48072975760366 1.72713222583755 2.39134199247741 1.17939378870921 3.59006052494301 2.42832416222098 2.22719128063843 1.93781880280426 2.29600271068409 1.77813301937258 4.09829127462405 1.85105699165696 0.503927921049018
"NAPNS" 1.58297265862392 3.73958420799755 8.74562429347903 6.22844275555344 6.3291464473483 4.30279061756031 7.63590434958253 3.28346969363259 5.42549890936321 2.53162042639099 4.26435482775322 9.84246352837491 3.1492774495328 5.04362069942023 4.77134156136702 4.45626105033232 7.25407665901974 4.15984919790287 2.75818315672081 -0.626123237480214 2.08941373223125 8.89829516922476 2.91223900403413 3.57662855008205 4.44508231332653 4.55674965471389 4.17775875241492 3.96970533318457 3.39505481255798 3.08998992615667 5.38719908867784 4.9085944580587 3.03554411698777 1.43933550796904 3.32209166528391 2.73898401795237 6.66554127177746 3.19791603734021 0.603845831148798
"BRPT" 0.061528800741245 -1.8650693923848 -0.284968465534135 -1.70962321334807 -0.552700723823085 0.602367370111944 -1.81613031528811 -0.628451700395727 -0.797490262843727 5.7227435187573 3.01805923314943 3.1492774495328 10.6655653760091 7.87324049007161 -1.40021494113447 -2.46567922248525 -1.64740261892178 -3.74632069239189 -5.63706520033841 -3.64638832186735 1.25316770045108 1.21127532417036 -1.12723755179597 -0.534015576229415 -0.0707858478550938 -3.17967215389823 -0.854634235684697 -0.96146737892832 0.515672739618731 -0.362737474613671 1.76707569044843 -1.10553172440601 -0.694491520669763 5.22532411782756 2.14954877575228 4.47139951812803 1.04973937444608 2.03180339846815 0.500241810387443
"BRAPET" 1.17496532366278 3.45050587033542 5.99227453497061 2.85686736714639 3.55722584958428 2.73280246773574 -0.270626435581961 0.95331307775687 2.61822794378106 7.02488801817282 4.11085249027552 5.04362069942023 7.87324049007161 10.479250811507 1.34142765435639 2.40754298286309 4.76515456456915 2.07187367529149 1.23432659419333 -0.852908885806069 1.99175568379484 5.30529445233562 1.10076847467298 1.88891547789517 2.30978661739441 1.83931882994426 2.88998300486623 0.654741661870033 2.72122620886617 0.721084258270765 4.91976006363326 2.55522787100333 2.32955044592971 4.61090506144214 4.42445186318007 6.41511298138497 5.7751256022405 3.94703113172281 0.663212484774257
"PTFM" 0.882249518703975 2.80366832170293 6.06114120820643 4.38288844228382 4.80987518378128 2.76877503907853 3.24525284343237 0.832944244222608 3.86018433846469 2.39100829638642 1.60300545547966 4.77134156136702 -1.40021494113447 1.34142765435639 6.49325498374608 3.94157936685072 5.35655725131124 3.22205472609497 4.05678708914395 2.72499735201969 1.71779792438656 5.9265660912089 3.59367444817041 2.56218146847662 3.6667917268551 3.26089413755782 3.48807611922218 3.2159100858034 2.46530027397336 2.45805457682696 2.94790359708466 4.30039518534746 1.93350470537286 -1.09353513336955 0.775455272171884 0.973796101224158 2.93511787062747 1.5400434964816 -0.120126288423896
"PTAPET" 0.863025856290111 6.51404301351144 7.47970091167131 5.4366455343933 3.82434085967879 3.12234432350837 3.28841830497447 1.76683694062624 3.77406449287996 3.8772211061208 2.75907576093408 4.45626105033232 -2.46567922248525 2.40754298286309 3.94157936685072 8.61931971093972 10.8520530156321 9.35422622559931 10.3406719664619 4.2265932565101 1.52614162867487 6.38302595678419 2.84174454861853 3.50960481608985 5.13845311023629 8.26680487136339 5.30318223920539 3.79922773753354 2.94859542754287 2.06044007544555 4.63780891303528 6.61360887728048 4.78323440830449 -2.30746356955568 1.20589390832237 0.539981433404442 8.46065247350481 2.26099588113691 0.63477121219355
"PTBA" 1.16410966779484 8.95078099985371 10.9911659694542 8.05063363014447 7.3115227009725 4.98799839939958 5.09411288719528 3.28945394764817 7.27982959422089 5.90931233588105 4.81903938755862 7.25407665901974 -1.64740261892178 4.76515456456915 5.35655725131124 10.8520530156321 15.6818218175879 12.7438736536067 13.1616463306067 3.11067476411995 2.32954664003806 9.95326686582279 4.71267587892816 5.75409097699284 5.90286852185564 11.8840307621511 7.7499564300862 5.57904753837748 5.23729927117333 2.99387276312971 7.18499013517359 9.55530049821454 7.31360001357341 -2.84693680262211 3.39434075735249 1.64866162912596 12.5100416835075 4.03140736803732 1.0385337507892
"PTEAM" 0.348473612600474 7.80838531325979 7.15286562216294 7.83623452670407 5.78194808215243 3.4284649553088 6.40764130867724 2.86264249867349 5.83524741198666 4.21402269403044 2.50725807002906 4.15984919790287 -3.74632069239189 2.07187367529149 3.22205472609497 9.35422622559931 12.7438736536067 13.8140534585534 14.2134014691231 2.86622527144499 1.92262533053396 7.53941610812419 4.23540064862338 4.71614030132587 4.12632021936554 11.6289218407892 6.51328972125482 4.4146968383703 3.40088098258797 2.12982423764454 5.33712552301823 8.58262960457102 7.98365524235844 -3.37540253265988 3.43476526902279 0.135793585015033 12.0819301599505 2.65000636050925 1.05655445907027
"PTZYGO" 0.752592771487467 9.42283249545103 8.66900766803858 8.52182204916084 5.48678633840563 2.63000297260288 5.43600405591721 2.47853827064863 5.49391601458047 4.21298725029391 2.37041690923382 2.75818315672081 -5.63706520033841 1.23432659419333 4.05678708914395 10.3406719664619 13.1616463306067 14.2134014691231 18.2442978137597 5.50667467798278 2.26553462230261 7.17224416614533 4.69939198787297 3.51458380637309 5.91148171518086 13.0834095404731 8.10348371502291 4.86404037549834 3.30450362460194 2.17998494000777 5.16499334104778 8.74161699478297 9.86135647542467 -3.24021706027184 2.01954170987621 -0.349901387375495 10.712835712435 1.75850232640054 0.456594580157734
"PTTSP" 0.566822498360723 2.65415563633788 3.25745292103215 1.01759002119783 -0.916459074764478 0.871163497078966 -1.45040195394256 -1.19844585983402 -1.28805594378111 3.03456287912247 0.164197707588715 -0.626123237480214 -3.64638832186735 -0.852908885806069 2.72499735201969 4.2265932565101 3.11067476411995 2.86622527144499 5.50667467798278 9.14874462523286 0.793874077309154 -0.366917458021835 0.56205720937162 -0.659784342576448 3.6496787938022 -0.14580218486711 1.38273024237103 0.29549203247102 0.472680265567092 0.409673471756496 1.08621081385047 1.67437323795612 -0.553950818505653 -0.690085137703225 -1.97317213503033 -0.952884948299553 0.714458869898025 1.08757606668059e-05 -0.483955562034712
"FMZS" -0.0349127453423966 1.25656386631832 2.82901648508474 1.97899055219582 1.60274540686457 1.60887837734425 2.76990558072201 -0.845264494291402 0.342138233422746 3.15616855609895 1.02032299287081 2.08941373223125 1.25316770045108 1.99175568379484 1.71779792438656 1.52614162867487 2.32954664003806 1.92262533053396 2.26553462230261 0.793874077309154 3.66357271172627 4.0040540285607 1.39983431895971 1.00319714122933 2.59143308182193 2.08360168341548 2.05832837278967 0.921040970038965 1.23883428260406 0.973849924122358 1.62547581366729 3.3507693959476 1.82274534300947 0.165213643727522 0.859177701774228 0.441773853583714 2.73406490589452 0.95812977447374 -0.010529878522863
"FMMT" 0.631711625394389 5.79818913405369 8.56700432802228 9.57105592381977 9.13155141660583 4.65427216001667 9.60024238655906 4.09071281906241 7.10567626639852 4.95800071129891 2.97718902897881 8.89829516922476 1.21127532417036 5.30529445233562 5.9265660912089 6.38302595678419 9.95326686582279 7.53941610812419 7.17224416614533 -0.366917458021835 4.0040540285607 14.7900349755835 3.99529219516089 6.08897614290557 5.74936064679267 8.5303538007983 7.3765743929313 5.86218891011235 4.37831008076754 3.8040719167899 6.27572114797857 7.93813708462891 4.80289022555416 -2.48513151214259 1.59310521586313 1.1704786016951 8.44411146282654 4.15896082061495 0.166372890101953
"ZSZI" 0.427123419914645 3.52931752899174 4.96720412001004 5.13227915744341 5.08373421832418 2.77052701513253 4.46038660280885 0.393697787954538 4.66927381533928 1.3663913884097 0.76042185728246 2.91223900403413 -1.12723755179597 1.10076847467298 3.59367444817041 2.84174454861853 4.71267587892816 4.23540064862338 4.69939198787297 0.56205720937162 1.39983431895971 3.99529219516089 5.8366388949269 2.37924739680099 0.539962954934266 5.81731794837425 3.54233117478056 2.73843652878667 2.04334878313882 1.66646046379352 2.66889383596589 5.87171254942235 3.75462089012954 -1.21697449054871 2.96829147859963 0.580922330012612 4.23909501716182 1.38413130681786 0.652536857320484
"ZIMT" 0.582542044692123 5.33793462066483 5.84066068577686 5.29315375267868 5.58614042616912 3.66844952284767 4.18194461413202 1.96917608973396 4.30566742228689 1.29558300675981 1.380990890777 3.57662855008205 -0.534015576229415 1.88891547789517 2.56218146847662 3.50960481608985 5.75409097699284 4.71614030132587 3.51458380637309 -0.659784342576448 1.00319714122933 6.08897614290557 2.37924739680099 5.66474982656039 1.45265721270312 5.31737958976633 2.91361095454941 2.82289812398064 2.33788830568484 1.62006030218435 3.56915025895585 5.88162965187699 2.11609686944524 -2.47964344101773 0.595734510604007 0.386609206090453 4.93968305786155 2.25944254296852 0.679694318891331
"ZIZYGO" 1.60337612549254 5.45232667614042 8.20560035286104 4.76538753014785 1.51304849430398 2.93652427849498 2.71713636029131 0.353257083834142 -0.397519183847768 2.29911741036675 2.4646089005496 4.44508231332653 -0.0707858478550938 2.30978661739441 3.6667917268551 5.13845311023629 5.90286852185564 4.12632021936554 5.91148171518086 3.6496787938022 2.59143308182193 5.74936064679267 0.539962954934266 1.45265721270312 11.0591044979938 4.70679872873273 4.05117596909219 3.6782738351072 1.937645982619 1.59944636620947 3.66742136211652 1.38609579675837 3.83843715687431 0.439894132248862 -0.83941846638685 0.758319477518127 3.64109244163711 0.847273750094901 0.101918241797306
"ZITSP" 1.11013116536712 11.0621067139006 10.3426692813632 9.70094032669359 6.83627673601235 3.74157472962116 7.42787975473086 2.53894030092724 6.32467221216628 1.40326531443714 2.42384997323484 4.55674965471389 -3.17967215389823 1.83931882994426 3.26089413755782 8.26680487136339 11.8840307621511 11.6289218407892 13.0834095404731 -0.14580218486711 2.08360168341548 8.5303538007983 5.81731794837425 5.31737958976633 4.70679872873273 16.0606873395112 8.11929471038439 5.68088264749003 3.45359730071008 2.37843661688415 5.32229672613452 10.1486773561921 9.84395593836998 -2.96643702615476 2.04857121201441 1.0259235043755 9.7687283695939 1.63304536495044 1.15220811649375
"MTPNS" 1.05291631377307 6.86323155900803 8.0123416136717 6.4173453435146 5.39747519920116 1.90562251058314 4.21486381995044 1.44675004051824 4.4461720035082 2.7159657016357 2.48072975760366 4.17775875241492 -0.854634235684697 2.88998300486623 3.48807611922218 5.30318223920539 7.7499564300862 6.51328972125482 8.10348371502291 1.38273024237103 2.05832837278967 7.3765743929313 3.54233117478056 2.91361095454941 4.05117596909219 8.11929471038439 7.384584643562 3.82635221204618 2.59780075242235 2.17703051212232 3.88030959386574 6.00318452364965 5.42872830175522 -1.17949934288282 1.40046155309035 1.38467580486479 5.71202327924952 1.56710771227204 -0.0906877725591979
"PNSAPET" 0.164458698791658 4.24124850876526 3.83956187747288 6.24215994908082 4.80819024236599 2.12225116296688 4.48358375834117 1.87330239654339 3.27879756786422 1.69661395523066 1.72713222583755 3.96970533318457 -0.96146737892832 0.654741661870033 3.2159100858034 3.79922773753354 5.57904753837748 4.4146968383703 4.86404037549834 0.29549203247102 0.921040970038965 5.86218891011235 2.73843652878667 2.82289812398064 3.6782738351072 5.68088264749003 3.82635221204618 5.98581566940586 1.76602674287453 1.74989376795399 2.91342382986144 4.8377365409099 2.89741035076777 -3.0653657767688 0.460992458808217 -1.52847329065994 4.31199407428353 0.604649098168851 0.285371679251089
"APETBA" 0.685049436048807 3.46536820472528 5.10329209364121 3.42736765207467 3.99478879807622 2.55302406169872 2.0007684799429 1.50979454401526 3.34521442438731 2.3169578234203 2.39134199247741 3.39505481255798 0.515672739618731 2.72122620886617 2.46530027397336 2.94859542754287 5.23729927117333 3.40088098258797 3.30450362460194 0.472680265567092 1.23883428260406 4.37831008076754 2.04334878313882 2.33788830568484 1.937645982619 3.45359730071008 2.59780075242235 1.76602674287453 3.13850211232952 1.32970312290948 3.02967584545308 3.49662927412168 2.48874187339711 -0.326974646842296 1.06622462528283 1.0638390625102 3.53514532211306 2.00072602552633 0.278323410856367
"APETTS" 0.2561313104236 1.40696900022608 2.94639662934096 2.64374755858075 2.63843560944552 1.307563433728 3.12629675421737 0.952872881666023 2.08763595715653 0.655153211639033 1.17939378870921 3.08998992615667 -0.362737474613671 0.721084258270765 2.45805457682696 2.06044007544555 2.99387276312971 2.12982423764454 2.17998494000777 0.409673471756496 0.973849924122358 3.8040719167899 1.66646046379352 1.62006030218435 1.59944636620947 2.37843661688415 2.17703051212232 1.74989376795399 1.32970312290948 1.87893716837947 1.65841635255404 2.75813171104129 1.47028740273922 -0.456328449602113 0.362376912981884 0.0562560519912539 1.97018044026434 0.938433832467852 0.261437920034085
"BAEAM" 1.18096667848839 6.08698945270435 7.89043338440698 6.13823340013396 5.44436387617844 3.89249272930973 3.89393487395371 2.40200834299532 4.42296425853869 4.04810466147538 3.59006052494301 5.38719908867784 1.76707569044843 4.91976006363326 2.94790359708466 4.63780891303528 7.18499013517359 5.33712552301823 5.16499334104778 1.08621081385047 1.62547581366729 6.27572114797857 2.66889383596589 3.56915025895585 3.66742136211652 5.32229672613452 3.88030959386574 2.91342382986144 3.02967584545308 1.65841635255404 5.80854908930297 5.06823551193495 3.77751992074441 0.939465642649622 2.88002032658942 2.22841304257338 6.63018312603887 3.0078920922903 0.578772271340714
"EAMZYGO" 0.474590613390277 7.65199541126756 8.92000289146831 7.80880318111391 7.054855002314 4.70040068425217 6.45871856756065 0.606449612797487 5.30060012776042 3.65731686143369 2.42832416222098 4.9085944580587 -1.10553172440601 2.55522787100333 4.30039518534746 6.61360887728048 9.55530049821454 8.58262960457102 8.74161699478297 1.67437323795612 3.3507693959476 7.93813708462891 5.87171254942235 5.88162965187699 1.38609579675837 10.1486773561921 6.00318452364965 4.8377365409099 3.49662927412168 2.75813171104129 5.06823551193495 13.9710464582464 5.53316489667824 -3.24178345991766 1.83413616397691 0.0855336195754879 8.39074732501265 1.90615573131274 0.77081799832304
"ZYGOTSP" 0.909216292756762 6.64104965492253 6.76412887360354 6.31227033843066 4.22627697703623 1.91248856287353 5.007315916435 1.49146392193928 3.84385887324547 1.51395024035484 2.22719128063843 3.03554411698777 -0.694491520669763 2.32955044592971 1.93350470537286 4.78323440830449 7.31360001357341 7.98365524235844 9.86135647542467 -0.553950818505653 1.82274534300947 4.80289022555416 3.75462089012954 2.11609686944524 3.83843715687431 9.84395593836998 5.42872830175522 2.89741035076777 2.48874187339711 1.47028740273922 3.77751992074441 5.53316489667824 9.24289039412539 0.422409644629387 2.8599435370927 2.02778941975616 6.88810229390291 1.14874902715691 0.774884511857147
"LDAS" 1.86966333720555 0.379302384908959 3.01185456863072 -1.58485861004818 -1.64891738528298 -0.0365886247191993 -1.5678334278306 -0.644847078735345 -1.35333879780861 -0.0162276604251434 1.93781880280426 1.43933550796904 5.22532411782756 4.61090506144214 -1.09353513336955 -2.30746356955568 -2.84693680262211 -3.37540253265988 -3.24021706027184 -0.690085137703225 0.165213643727522 -2.48513151214259 -1.21697449054871 -2.47964344101773 0.439894132248862 -2.96643702615476 -1.17949934288282 -3.0653657767688 -0.326974646842296 -0.456328449602113 0.939465642649622 -3.24178345991766 0.422409644629387 8.62072433405694 3.07334840036962 6.34432357776652 -1.32082951133352 0.502418392829313 0.450982228018076
"BRLD" 0.811041456824778 1.12463866241163 3.13827382192463 2.33681207233042 3.74356164560325 2.37353814582438 1.33493703339341 0.96676918760321 4.02906963747794 1.26455342232747 2.29600271068409 3.32209166528391 2.14954877575228 4.42445186318007 0.775455272171884 1.20589390832237 3.39434075735249 3.43476526902279 2.01954170987621 -1.97317213503033 0.859177701774228 1.59310521586313 2.96829147859963 0.595734510604007 -0.83941846638685 2.04857121201441 1.40046155309035 0.460992458808217 1.06622462528283 0.362376912981884 2.88002032658942 1.83413616397691 2.8599435370927 3.07334840036962 10.2363639532925 3.86532883845062 6.5502313292268 2.04356490396885 0.791862384439977
"OPILD" 1.95782139973761 2.98025464673149 5.72075066648271 0.609348948412528 1.25220233506105 1.45187089919765 -1.02479450962018 -0.10267759733751 1.3881970769833 1.2941704565152 1.77813301937258 2.73898401795237 4.47139951812803 6.41511298138497 0.973796101224158 0.539981433404442 1.64866162912596 0.135793585015033 -0.349901387375495 -0.952884948299553 0.441773853583714 1.1704786016951 0.580922330012612 0.386609206090453 0.758319477518127 1.0259235043755 1.38467580486479 -1.52847329065994 1.0638390625102 0.0562560519912539 2.22841304257338 0.0855336195754879 2.02778941975616 6.34432357776652 3.86532883845062 8.67075965805787 2.40451279971203 2.19789186724537 0.488069027172826
"PTAS" 0.255236179945742 6.87395941479338 7.60055210217664 7.63885016864059 6.50987741908576 4.88776118149151 6.5116548785844 2.85075756414224 6.26586932810284 6.38988739915283 4.09829127462405 6.66554127177746 1.04973937444608 5.7751256022405 2.93511787062747 8.46065247350481 12.5100416835075 12.0819301599505 10.712835712435 0.714458869898025 2.73406490589452 8.44411146282654 4.23909501716182 4.93968305786155 3.64109244163711 9.7687283695939 5.71202327924952 4.31199407428353 3.53514532211306 1.97018044026434 6.63018312603887 8.39074732501265 6.88810229390291 -1.32082951133352 6.5502313292268 2.40451279971203 14.3944487538059 4.39231812479024 1.58965639165504
"JPAS" 0.0764414224435366 1.55575245368151 3.08784948354543 2.57529018435927 3.27285355273558 2.43958582600852 2.21043843613786 1.68375761553736 3.04237140248064 3.0218411050653 1.85105699165696 3.19791603734021 2.03180339846815 3.94703113172281 1.5400434964816 2.26099588113691 4.03140736803732 2.65000636050925 1.75850232640054 1.08757606668059e-05 0.95812977447374 4.15896082061495 1.38413130681786 2.25944254296852 0.847273750094901 1.63304536495044 1.56710771227204 0.604649098168851 2.00072602552633 0.938433832467852 3.0078920922903 1.90615573131274 1.14874902715691 0.502418392829313 2.04356490396885 2.19789186724537 4.39231812479024 3.89898555673084 0.783651445440381
"BAOPI" 0.0118053117834624 0.693625063727627 0.744865681714998 0.631342091175519 0.218764536366997 0.609016629777456 0.59689554889983 0.171322055739971 0.316267894057534 0.105412540223625 0.503927921049018 0.603845831148798 0.500241810387443 0.663212484774257 -0.120126288423896 0.63477121219355 1.0385337507892 1.05655445907027 0.456594580157734 -0.483955562034712 -0.010529878522863 0.166372890101953 0.652536857320484 0.679694318891331 0.101918241797306 1.15220811649375 -0.0906877725591979 0.285371679251089 0.278323410856367 0.261437920034085 0.578772271340714 0.77081799832304 0.774884511857147 0.450982228018076 0.791862384439977 0.488069027172826 1.58965639165504 0.783651445440381 1.50822083629076
