"" "ISPM" "ISNSL" "ISPNS" "PMZS" "PMZI" "PMMT" "NSLNA" "NSLZS" "NSLZI" "NABR" "NAFM" "NAPNS" "BRPT" "BRAPET" "PTFM" "PTAPET" "PTBA" "PTEAM" "PTZYGO" "PTTSP" "FMZS" "FMMT" "ZSZI" "ZIMT" "ZIZYGO" "ZITSP" "MTPNS" "PNSAPET" "APETBA" "APETTS" "BAEAM" "EAMZYGO" "ZYGOTSP" "LDAS" "BRLD" "OPILD" "PTAS" "JPAS" "BAOPI"
"ISPM" 1.78868720053219 2.94091075378897 4.33520599681524 3.11446843221698 1.59524103390525 0.20678016381962 1.98675562866376 1.80641668249653 1.31983320553187 1.0569245097599 0.505400339607086 1.60905706304788 0.406171279622926 1.09905897345701 1.04189512489048 0.322865785967311 0.88549456146937 0.682134399206824 0.539622857713879 0.231686286625769 0.0365870497398264 1.90250363610707 0.816777545093531 0.752322428688967 1.74161484939397 1.50137206338381 1.82470908423606 0.675183271952956 0.71703789357352 0.297745767489061 0.75112979383243 -0.00308211328493899 0.558245064749692 0.600174148115581 2.06977690743328 0.672837719177 1.62674819020753 0.139516771056439 0.177336731884967
"ISNSL" 2.94091075378897 9.59398515557196 12.1760916623984 11.045126666546 6.46932129503811 2.13021088384144 4.97130387685426 3.70653161854019 3.68949269371211 4.51716489004184 1.6873647675191 5.42651396657333 2.01623121178674 4.30089503378277 3.03895637686252 1.54518909047198 2.77913522935186 2.24409840033299 3.1206259627857 2.96798413663965 1.45505518391253 6.97940474559621 3.37408473798961 2.39387336757521 5.4548293099131 4.53453687179142 5.76535431020082 2.66453021395144 1.62174763242381 0.346653119962951 2.04333200361916 1.59207130758056 2.4422766025267 1.83399890364144 6.2365595159621 2.58099704719862 5.95202708122101 1.45706206476865 1.00227245862374
"ISPNS" 4.33520599681524 12.1760916623984 20.3337401097424 15.6549804750863 9.53838609358353 3.00575833815642 8.59620700112285 6.81405587080889 5.57811355696369 4.88861311733833 2.6149403461438 7.3160333836466 2.2024062979818 5.77834438902608 5.36657635146522 0.995661811908276 2.5927720925575 1.01528094175389 2.43158546752941 2.68656711322784 1.44935580398039 9.18466649834752 4.05054342418528 3.2342279998198 6.87700373347778 6.38142788661877 9.47609159952367 1.32682143675907 2.55216216442157 0.088490653023238 2.79950487780784 2.81387277568838 2.27231199033638 1.96501841287316 5.99771708965935 4.14077974203017 5.27673459428555 1.50051402198039 1.18358591770493
"PMZS" 3.11446843221698 11.045126666546 15.6549804750863 17.7516144715763 10.5129688591511 4.04803532212898 11.2863429411374 6.32188764072752 5.52786121821404 5.14017979976171 1.91303793687159 6.66204760110798 2.84984765111298 5.6620290457045 3.60595754874555 0.924292407806582 2.48152832695096 1.69101548493372 3.19602216778676 4.61734809343823 2.90870479230316 9.18578183297505 6.40733900728531 2.15741952399665 5.78300017907556 4.4546128369713 7.33895443827204 3.6837424881042 2.29261940544073 0.331435888457666 2.88057976156349 4.31775881803176 2.83891010478083 2.64042637382835 3.52318704821725 5.45518528607828 5.76966357439873 2.48766638732815 1.15512858444145
"PMZI" 1.59524103390525 6.46932129503811 9.53838609358353 10.5129688591511 8.35337617347812 3.48960988928928 5.89235123789641 3.59162093362424 4.98426173354633 3.57157929687374 1.78678920434709 3.91631173082652 1.6809801327528 3.71906010694945 2.57062856746054 0.691842782828234 1.43429277213291 1.14264263134911 2.83402930430072 2.72680362649574 1.82285457921914 5.50743051004972 4.57515407900366 1.49745418882751 2.48428631833375 2.79664177516243 4.85261952292447 2.62159011799411 1.40958717237702 0.0588080529246442 1.63708247384563 3.71709950391746 2.16234219959104 2.03095710518979 2.21494693247105 3.81427614336369 3.95790424485609 1.7818182997448 0.73645392561529
"PMMT" 0.20678016381962 2.13021088384144 3.00575833815642 4.04803532212898 3.48960988928928 4.83730275798421 2.6311367122719 1.05915342849645 2.15346072267942 2.56759198627585 0.932280516597997 1.33283959460817 0.933834898862217 1.60307488631866 1.12102652336416 1.11388843060751 1.36295524449416 1.12506973774518 2.10167966275557 1.94344476763276 0.998993009204001 1.3618410746061 2.28342984440751 1.3064858685447 1.41611075950397 1.59069989028523 0.084384505898325 1.72315978203971 0.926240390872794 0.0699668825241582 1.265183342515 3.70449949553389 1.61210013363387 1.00412658732153 -1.89962764418639 1.75341701442128 1.66650638533974 1.00021012588248 0.425482550180407
"NSLNA" 1.98675562866376 4.97130387685426 8.59620700112285 11.2863429411374 5.89235123789641 2.6311367122719 15.7248038845847 6.23332861853376 3.2780198399568 -1.77006208043955 0.664301810853255 4.0827152014393 0.87496238175728 0.880056369793945 0.441395391624697 -1.32216749328368 0.20731748861731 -0.938365646702322 -0.802264922133352 3.13848639312176 1.91632196667285 3.304284040675 3.7539953355972 -0.644898442403252 1.79808972662483 0.604730784562059 2.90128098074169 1.94792378198062 2.10392319953923 0.341979177758141 1.56291960097931 2.65578009664475 0.434861716076599 -0.881005977193499 -3.62823098320726 3.15589849645884 0.262158253643347 0.493483322734075 -0.192734703517317
"NSLZS" 1.80641668249653 3.70653161854019 6.81405587080889 6.32188764072752 3.59162093362424 1.05915342849645 6.23332861853376 5.17126072328436 3.14687851250895 0.323021085723611 0.962254921655245 2.17721238430379 0.954308928272025 1.57589437412577 0.589148899429785 -0.206466185354087 0.773974221127406 0.00878786846669348 0.104256635099426 0.875913085940872 -0.0222185906674588 3.53821457624326 0.99931550549701 0.758812686603653 1.59451209057739 1.23703587177111 3.32191050989209 0.864888572540093 1.22602181911603 0.183403694413478 1.35063375172576 1.44946329137473 0.688515221738051 0.70393332438239 1.11702146014061 2.51846572386343 2.07088213964088 1.08064148985302 0.23651873915716
"NSLZI" 1.31983320553187 3.68949269371211 5.57811355696369 5.52786121821404 4.98426173354633 2.15346072267942 3.2780198399568 3.14687851250895 4.59447157674788 2.82898254948264 1.46740150709817 2.48287658097398 2.00313395753642 2.81080061489612 0.854228199060869 0.527104698956916 1.17768268823903 1.18056809865459 1.84930824738194 0.823692045279178 0.288727273143307 3.38638326826393 2.96008466156573 1.48268162765888 0.911075852278123 1.67281791801097 3.27648307349326 1.2780433389051 0.9518701331163 0.12972196846841 1.31739285212167 2.09557541205427 1.92131465116612 1.3927550416854 1.65630286353376 2.66949494558918 3.51194078556546 1.42163716610758 0.247895121920162
"NABR" 1.0569245097599 4.51716489004184 4.88861311733833 5.14017979976171 3.57157929687374 2.56759198627585 -1.77006208043955 0.323021085723611 2.82898254948264 10.5488955842551 1.1286144985056 2.42090090583645 3.43657903889374 5.29875481037464 3.18747605130924 3.44236749630342 3.67089814792953 5.22326891852806 5.37752918745437 3.44439315982087 0.779905765523174 5.04998387750188 3.68611155531524 2.37904061864206 3.64523978939969 2.9746962063299 3.83318918576395 1.70795063463113 0.452501836703113 0.128628193417511 1.59116845861243 2.17239724830397 3.79458758319735 2.77752931941588 3.11270046042121 2.85379742515571 6.34008928087271 2.47704988994734 1.12582290208611
"NAFM" 0.505400339607086 1.6873647675191 2.6149403461438 1.91303793687159 1.78678920434709 0.932280516597997 0.664301810853255 0.962254921655245 1.46740150709817 1.1286144985056 1.64387685107999 1.84712456693868 0.649913120803825 1.29484377704378 0.876476825720409 0.214476527195995 0.421169253330369 0.36994875448809 0.936767267324631 0.21104538918971 0.22528980860001 1.82619988351839 0.718840959334991 0.800715596418004 0.775555331852723 1.31666832702291 2.06184572346846 0.449406282995381 0.512689128492451 0.00188519448376343 0.943555053984973 1.00844108816027 1.08242540976841 0.40974171085529 1.325510704116 0.613576224539762 1.05588620953621 0.245108691816249 0.0554714736224733
"NAPNS" 1.60905706304788 5.42651396657333 7.3160333836466 6.66204760110798 3.91631173082652 1.33283959460817 4.0827152014393 2.17721238430379 2.48287658097398 2.42090090583645 1.84712456693868 6.00122855126435 2.18533974104861 3.18101595117478 1.14410634881738 0.638386977325346 1.81385520300241 1.36721090621244 1.47481664199275 1.12436045579942 0.98359095075337 5.13879720672979 2.64222135098278 1.67521926250653 3.08873738341291 2.39200729642066 3.87907104210882 1.19902334507129 1.32539097904114 -0.0101092042817832 1.82192597276411 1.60500845236845 2.02927429809066 0.408745564496335 1.44798383826573 1.39220086378284 3.16829947021581 0.137604306592451 0.26011013257887
"BRPT" 0.406171279622926 2.01623121178674 2.2024062979818 2.84984765111298 1.6809801327528 0.933834898862217 0.87496238175728 0.954308928272025 2.00313395753642 3.43657903889374 0.649913120803825 2.18533974104861 5.25663583247759 3.26039896068869 -0.999534029845833 -1.08306998026824 -0.513405322071304 -0.369757399560096 -1.97060258694164 -1.78792750498706 0.527091718596172 2.81242286006902 2.26198255562465 1.24097727711707 -0.146099501851686 0.675309045930175 1.74660547377506 -0.457872041311489 0.254267367083842 -0.108636356344731 1.12133468908853 0.444869799963461 0.333516687492901 0.646979792075123 0.0799938130319219 1.51443279238073 1.27000884183757 1.30382919683086 0.113051739362033
"BRAPET" 1.09905897345701 4.30089503378277 5.77834438902608 5.6620290457045 3.71906010694945 1.60307488631866 0.880056369793945 1.57589437412577 2.81080061489612 5.29875481037464 1.29484377704378 3.18101595117478 3.26039896068869 5.72813564787709 2.57108643991206 1.3151199418487 1.8432599460219 1.95209797589275 2.70723587098455 0.823717047789438 0.533813969791464 4.7639193641944 2.99655820613858 2.26634714979683 3.06345054613624 2.72601957205008 3.87617790158075 0.666272876688013 1.08713433314436 0.0643290440542334 1.58426625945459 0.543217194219371 2.68620713999933 2.44283472125116 3.48277995229685 3.50636149200939 3.83753481307636 2.03050010115884 -0.0498289132062143
"PTFM" 1.04189512489048 3.03895637686252 5.36657635146522 3.60595754874555 2.57062856746054 1.12102652336416 0.441395391624697 0.589148899429785 0.854228199060869 3.18747605130924 0.876476825720409 1.14410634881738 -0.999534029845833 2.57108643991206 6.16624373948771 1.62213061297926 1.36884108726198 0.553720989189546 3.51327211560071 2.66028156198899 0.447808079687799 3.29254358355579 1.18729174499521 1.18031576366507 3.93983010134018 2.72391372354787 3.33066656526994 1.08919750705418 1.04811963482423 0.461328550182907 0.828360781742215 1.03528821648753 2.51231459944476 1.78432238261888 3.31337196702901 0.847825506120907 0.842345252221141 0.353641672894045 0.794278562929822
"PTAPET" 0.322865785967311 1.54518909047198 0.995661811908276 0.924292407806582 0.691842782828234 1.11388843060751 -1.32216749328368 -0.206466185354087 0.527104698956916 3.44236749630342 0.214476527195995 0.638386977325346 -1.08306998026824 1.3151199418487 1.62213061297926 4.49620339811853 4.40642853113393 4.80069915281239 5.56281989427529 4.12491469325134 -0.282882116658502 1.0926130236201 0.278673864651675 1.0138147952239 2.45558185810869 0.8482353063175 0.64309671321166 1.4274139382523 0.260336504819574 0.467631949737975 0.614619937328891 0.684522583301127 2.67570031168043 1.69961607970671 2.60905645304224 0.440074914466042 4.09461877317959 0.610998241539857 0.150680259949581
"PTBA" 0.88549456146937 2.77913522935186 2.5927720925575 2.48152832695096 1.43429277213291 1.36295524449416 0.20731748861731 0.773974221127406 1.17768268823903 3.67089814792953 0.421169253330369 1.81385520300241 -0.513405322071304 1.8432599460219 1.36884108726198 4.40642853113393 5.55690389037027 5.87725456681488 5.76538020136545 3.96240187323924 -0.27874252497584 2.31117987719387 0.693997339170257 1.30853853606519 3.06724633925894 1.42824424984771 1.44315179245011 1.87460274849504 1.29583179453022 0.463840420505134 1.15396616732223 1.33837484988258 2.91256836662371 1.72753026664299 2.77102169847548 1.31119478497993 5.74049368587296 0.881973457266849 -0.0364726797062398
"PTEAM" 0.682134399206824 2.24409840033299 1.01528094175389 1.69101548493372 1.14264263134911 1.12506973774518 -0.938365646702322 0.00878786846669348 1.18056809865459 5.22326891852806 0.36994875448809 1.36721090621244 -0.369757399560096 1.95209797589275 0.553720989189546 4.80069915281239 5.87725456681488 8.56445398384501 7.32173480181738 4.71923532924936 -0.534123266990506 1.76578932652833 1.04442456938978 1.39062747097134 2.9581143568065 0.771111987566303 1.24987572614826 2.88107916314275 0.533308487277734 0.138298414558945 0.72753784011542 1.09122804939046 3.15731565403952 2.02081679729213 3.63729514231639 1.97653213291901 7.90897958182013 1.30330611548346 -0.107734479217958
"PTZYGO" 0.539622857713879 3.1206259627857 2.43158546752941 3.19602216778676 2.83402930430072 2.10167966275557 -0.802264922133352 0.104256635099426 1.84930824738194 5.37752918745437 0.936767267324631 1.47481664199275 -1.97060258694164 2.70723587098455 3.51327211560071 5.56281989427529 5.76538020136545 7.32173480181738 10.2240339302323 6.6061587756676 -0.254285183544109 2.59156017526889 1.52505535738665 1.08800882372353 4.07073488226456 2.02114623998157 2.15674355187706 3.10341164289775 0.731174694828751 0.30092285220232 0.942889800442038 1.63384834578272 5.38068069262055 2.68501111563089 3.8608224720687 1.82764347044564 6.3040110676092 1.67454390970246 0.320046791127651
"PTTSP" 0.231686286625769 2.96798413663965 2.68656711322784 4.61734809343823 2.72680362649574 1.94344476763276 3.13848639312176 0.875913085940872 0.823692045279178 3.44439315982087 0.21104538918971 1.12436045579942 -1.78792750498706 0.823717047789438 2.66028156198899 4.12491469325134 3.96240187323924 4.71923532924936 6.6061587756676 8.78890006834874 0.637542824507869 2.2907242061274 1.35069294476615 0.5544573306473 3.54673112940357 -0.902823615904173 1.55070326021634 2.9813441229002 0.292561167275036 0.345099471623665 0.809407806435302 2.05000041553191 3.05377356535143 0.703819991375285 0.686899243387526 1.34531353892424 3.49502348468546 1.24194202130981 0.626754287441442
"FMZS" 0.0365870497398264 1.45505518391253 1.44935580398039 2.90870479230316 1.82285457921914 0.998993009204001 1.91632196667285 -0.0222185906674588 0.288727273143307 0.779905765523174 0.22528980860001 0.98359095075337 0.527091718596172 0.533813969791464 0.447808079687799 -0.282882116658502 -0.27874252497584 -0.534123266990506 -0.254285183544109 0.637542824507869 2.12191594270111 1.76263091145494 1.4796034533759 0.0731998261148554 1.21724122773277 0.787016666262981 0.583419252594639 1.0875851713957 0.150807011742363 0.0728939328393854 0.496577838930147 1.21421014405916 -0.182894352663578 0.331027962025033 0.203422172628233 0.880744669955765 -0.414973091956117 -0.119934624251872 0.167213058022747
"FMMT" 1.90250363610707 6.97940474559621 9.18466649834752 9.18578183297505 5.50743051004972 1.3618410746061 3.304284040675 3.53821457624326 3.38638326826393 5.04998387750188 1.82619988351839 5.13879720672979 2.81242286006902 4.7639193641944 3.29254358355579 1.0926130236201 2.31117987719387 1.76578932652833 2.59156017526889 2.2907242061274 1.76263091145494 9.75111908970195 3.11221666687149 2.85402799313601 5.7700766621439 3.26811788367898 6.35625543560672 2.44305615662157 1.6936331445297 0.669311382988443 2.51667423468358 2.41009464984944 2.98445722886327 2.91805135464257 3.69890742106069 3.61521530787743 4.27217020121839 1.19231464343107 1.15104026050091
"ZSZI" 0.816777545093531 3.37408473798961 4.05054342418528 6.40733900728531 4.57515407900366 2.28342984440751 3.7539953355972 0.99931550549701 2.96008466156573 3.68611155531524 0.718840959334991 2.64222135098278 2.26198255562465 2.99655820613858 1.18729174499521 0.278673864651675 0.693997339170257 1.04442456938978 1.52505535738665 1.35069294476615 1.4796034533759 3.11221666687149 4.93815878920037 1.08084554155406 1.50984093021371 1.47722916008019 2.21505537637535 1.71838565811019 0.737269522633331 0.288699475671351 1.18429783100366 2.0525175802154 1.7488166391847 1.24116529086466 -0.504932309960588 2.5218061191893 2.21672074296235 0.920550942901995 0.370086675791089
"ZIMT" 0.752322428688967 2.39387336757521 3.2342279998198 2.15741952399665 1.49745418882751 1.3064858685447 -0.644898442403252 0.758812686603653 1.48268162765888 2.37904061864206 0.800715596418004 1.67521926250653 1.24097727711707 2.26634714979683 1.18031576366507 1.0138147952239 1.30853853606519 1.39062747097134 1.08800882372353 0.5544573306473 0.0731998261148554 2.85402799313601 1.08084554155406 3.27593635532925 2.32499585806706 0.878203868297665 1.46404990320689 0.0781995419137179 0.581093343942808 0.546073098625351 0.978150418158064 0.348757436046705 1.36619074918387 1.08961206766779 1.81638115053992 1.23480936520599 2.35203680011708 0.2066105837176 0.133307818294318
"ZIZYGO" 1.74161484939397 5.4548293099131 6.87700373347778 5.78300017907556 2.48428631833375 1.41611075950397 1.79808972662483 1.59451209057739 0.911075852278123 3.64523978939969 0.775555331852723 3.08873738341291 -0.146099501851686 3.06345054613624 3.93983010134018 2.45558185810869 3.06724633925894 2.9581143568065 4.07073488226456 3.54673112940357 1.21724122773277 5.7700766621439 1.50984093021371 2.32499585806706 8.72165895269355 3.16124134175034 4.1078997197049 3.43133066643008 0.889119011539269 0.518724551898919 2.1214457323223 0.351768514912702 2.36561536198128 2.03447414996101 4.78902571652944 2.51744904566743 4.22290557533922 0.933796264906781 1.229948164752
"ZITSP" 1.50137206338381 4.53453687179142 6.38142788661877 4.4546128369713 2.79664177516243 1.59069989028523 0.604730784562059 1.23703587177111 1.67281791801097 2.9746962063299 1.31666832702291 2.39200729642066 0.675309045930175 2.72601957205008 2.72391372354787 0.8482353063175 1.42824424984771 0.771111987566303 2.02114623998157 -0.902823615904173 0.787016666262981 3.26811788367898 1.47722916008019 0.878203868297665 3.16124134175034 6.01717755612438 3.22537968142296 1.08414127923016 1.15943550885828 0.323015363286721 0.887679753882638 1.19338475884682 1.3647368797618 1.90910000349742 5.11156475273442 1.02120871274902 3.25964676666075 0.794374080091186 0.352622559545763
"MTPNS" 1.82470908423606 5.76535431020082 9.47609159952367 7.33895443827204 4.85261952292447 0.084384505898325 2.90128098074169 3.32191050989209 3.27648307349326 3.83318918576395 2.06184572346846 3.87907104210882 1.74660547377506 3.87617790158075 3.33066656526994 0.64309671321166 1.44315179245011 1.24987572614826 2.15674355187706 1.55070326021634 0.583419252594639 6.35625543560672 2.21505537637535 1.46404990320689 4.1078997197049 3.22537968142296 7.1577948047586 1.04284426401091 1.18599321759747 0.0806318545074469 1.81666535900718 1.04475616049816 1.94318228196241 1.37820151498263 4.38264925575037 2.69741338926064 3.55279584865645 1.47022807966499 0.833518092052776
"PNSAPET" 0.675183271952956 2.66453021395144 1.32682143675907 3.6837424881042 2.62159011799411 1.72315978203971 1.94792378198062 0.864888572540093 1.2780433389051 1.70795063463113 0.449406282995381 1.19902334507129 -0.457872041311489 0.666272876688013 1.08919750705418 1.4274139382523 1.87460274849504 2.88107916314275 3.10341164289775 2.9813441229002 1.0875851713957 2.44305615662157 1.71838565811019 0.0781995419137179 3.43133066643008 1.08414127923016 1.04284426401091 6.67167628433504 -0.228296501899514 -0.212093213902183 1.18749812476311 3.2807518973385 0.740825692578525 2.36895862237352 3.99731537192525 2.11394647035751 4.54335662560399 1.26972938530193 1.30582051618152
"APETBA" 0.71703789357352 1.62174763242381 2.55216216442157 2.29261940544073 1.40958717237702 0.926240390872794 2.10392319953923 1.22602181911603 0.9518701331163 0.452501836703113 0.512689128492451 1.32539097904114 0.254267367083842 1.08713433314436 1.04811963482423 0.260336504819574 1.29583179453022 0.533308487277734 0.731174694828751 0.292561167275036 0.150807011742363 1.6936331445297 0.737269522633331 0.581093343942808 0.889119011539269 1.15943550885828 1.18599321759747 -0.228296501899514 1.79524168479745 0.65193068708731 0.847244703550315 0.917834863071618 1.11309316836359 0.0289284314355953 -0.754518470007534 0.67426250481118 0.585884826691939 0.0910558110900119 -0.215436671678012
"APETTS" 0.297745767489061 0.346653119962951 0.088490653023238 0.331435888457666 0.0588080529246442 0.0699668825241582 0.341979177758141 0.183403694413478 0.12972196846841 0.128628193417511 0.00188519448376343 -0.0101092042817832 -0.108636356344731 0.0643290440542334 0.461328550182907 0.467631949737975 0.463840420505134 0.138298414558945 0.30092285220232 0.345099471623665 0.0728939328393854 0.669311382988443 0.288699475671351 0.546073098625351 0.518724551898919 0.323015363286721 0.0806318545074469 -0.212093213902183 0.65193068708731 1.38862666445643 0.542814006712962 -0.281329500779831 0.713503933354592 0.223792197312011 -0.259346240154039 -0.616336222481173 -0.302112988792102 -0.307727753585038 0.134089737423232
"BAEAM" 0.75112979383243 2.04333200361916 2.79950487780784 2.88057976156349 1.63708247384563 1.265183342515 1.56291960097931 1.35063375172576 1.31739285212167 1.59116845861243 0.943555053984973 1.82192597276411 1.12133468908853 1.58426625945459 0.828360781742215 0.614619937328891 1.15396616732223 0.72753784011542 0.942889800442038 0.809407806435302 0.496577838930147 2.51667423468358 1.18429783100366 0.978150418158064 2.1214457323223 0.887679753882638 1.81666535900718 1.18749812476311 0.847244703550315 0.542814006712962 2.33898574719809 1.13651719171381 1.23767471855048 0.617473494988915 -0.174166503248771 1.16870498291329 0.761122522083428 0.359308765500557 0.552989528201315
"EAMZYGO" -0.00308211328493899 1.59207130758056 2.81387277568838 4.31775881803176 3.71709950391746 3.70449949553389 2.65578009664475 1.44946329137473 2.09557541205427 2.17239724830397 1.00844108816027 1.60500845236845 0.444869799963461 0.543217194219371 1.03528821648753 0.684522583301127 1.33837484988258 1.09122804939046 1.63384834578272 2.05000041553191 1.21421014405916 2.41009464984944 2.0525175802154 0.348757436046705 0.351768514912702 1.19338475884682 1.04475616049816 3.2807518973385 0.917834863071618 -0.281329500779831 1.13651719171381 7.15244128927349 0.896483175479031 0.99406099093176 -1.35899786467397 1.56038459974795 1.73287368854311 1.00671217927415 0.760015891390733
"ZYGOTSP" 0.558245064749692 2.4422766025267 2.27231199033638 2.83891010478083 2.16234219959104 1.61210013363387 0.434861716076599 0.688515221738051 1.92131465116612 3.79458758319735 1.08242540976841 2.02927429809066 0.333516687492901 2.68620713999933 2.51231459944476 2.67570031168043 2.91256836662371 3.15731565403952 5.38068069262055 3.05377356535143 -0.182894352663578 2.98445722886327 1.7488166391847 1.36619074918387 2.36561536198128 1.3647368797618 1.94318228196241 0.740825692578525 1.11309316836359 0.713503933354592 1.23767471855048 0.896483175479031 4.69538485251544 1.78140753131206 0.240976443698535 1.24676040517214 2.62075534708966 0.746758135419799 0.399102197319777
"LDAS" 0.600174148115581 1.83399890364144 1.96501841287316 2.64042637382835 2.03095710518979 1.00412658732153 -0.881005977193499 0.70393332438239 1.3927550416854 2.77752931941588 0.40974171085529 0.408745564496335 0.646979792075123 2.44283472125116 1.78432238261888 1.69961607970671 1.72753026664299 2.02081679729213 2.68501111563089 0.703819991375285 0.331027962025033 2.91805135464257 1.24116529086466 1.08961206766779 2.03447414996101 1.90910000349742 1.37820151498263 2.36895862237352 0.0289284314355953 0.223792197312011 0.617473494988915 0.99406099093176 1.78140753131206 5.0458734341801 4.07272415217295 3.37184301361489 3.39040635535105 0.953499737574186 0.35946003773864
"BRLD" 2.06977690743328 6.2365595159621 5.99771708965935 3.52318704821725 2.21494693247105 -1.89962764418639 -3.62823098320726 1.11702146014061 1.65630286353376 3.11270046042121 1.325510704116 1.44798383826573 0.0799938130319219 3.48277995229685 3.31337196702901 2.60905645304224 2.77102169847548 3.63729514231639 3.8608224720687 0.686899243387526 0.203422172628233 3.69890742106069 -0.504932309960588 1.81638115053992 4.78902571652944 5.11156475273442 4.38264925575037 3.99731537192525 -0.754518470007534 -0.259346240154039 -0.174166503248771 -1.35899786467397 0.240976443698535 4.07272415217295 22.8968690135366 1.50229071310543 10.659974038732 2.29542794934629 -0.245876936534007
"OPILD" 0.672837719177 2.58099704719862 4.14077974203017 5.45518528607828 3.81427614336369 1.75341701442128 3.15589849645884 2.51846572386343 2.66949494558918 2.85379742515571 0.613576224539762 1.39220086378284 1.51443279238073 3.50636149200939 0.847825506120907 0.440074914466042 1.31119478497993 1.97653213291901 1.82764347044564 1.34531353892424 0.880744669955765 3.61521530787743 2.5218061191893 1.23480936520599 2.51744904566743 1.02120871274902 2.69741338926064 2.11394647035751 0.67426250481118 -0.616336222481173 1.16870498291329 1.56038459974795 1.24676040517214 3.37184301361489 1.50229071310543 7.06267212383729 4.26687161145291 2.21689315786225 -0.239917966870371
"PTAS" 1.62674819020753 5.95202708122101 5.27673459428555 5.76966357439873 3.95790424485609 1.66650638533974 0.262158253643347 2.07088213964088 3.51194078556546 6.34008928087271 1.05588620953621 3.16829947021581 1.27000884183757 3.83753481307636 0.842345252221141 4.09461877317959 5.74049368587296 7.90897958182013 6.3040110676092 3.49502348468546 -0.414973091956117 4.27217020121839 2.21672074296235 2.35203680011708 4.22290557533922 3.25964676666075 3.55279584865645 4.54335662560399 0.585884826691939 -0.302112988792102 0.761122522083428 1.73287368854311 2.62075534708966 3.39040635535105 10.659974038732 4.26687161145291 15.6799949172826 4.20987085532236 0.257647927199888
"JPAS" 0.139516771056439 1.45706206476865 1.50051402198039 2.48766638732815 1.7818182997448 1.00021012588248 0.493483322734075 1.08064148985302 1.42163716610758 2.47704988994734 0.245108691816249 0.137604306592451 1.30382919683086 2.03050010115884 0.353641672894045 0.610998241539857 0.881973457266849 1.30330611548346 1.67454390970246 1.24194202130981 -0.119934624251872 1.19231464343107 0.920550942901995 0.2066105837176 0.933796264906781 0.794374080091186 1.47022807966499 1.26972938530193 0.0910558110900119 -0.307727753585038 0.359308765500557 1.00671217927415 0.746758135419799 0.953499737574186 2.29542794934629 2.21689315786225 4.20987085532236 3.73054433651379 0.168274479889114
"BAOPI" 0.177336731884967 1.00227245862374 1.18358591770493 1.15512858444145 0.73645392561529 0.425482550180407 -0.192734703517317 0.23651873915716 0.247895121920162 1.12582290208611 0.0554714736224733 0.26011013257887 0.113051739362033 -0.0498289132062143 0.794278562929822 0.150680259949581 -0.0364726797062398 -0.107734479217958 0.320046791127651 0.626754287441442 0.167213058022747 1.15104026050091 0.370086675791089 0.133307818294318 1.229948164752 0.352622559545763 0.833518092052776 1.30582051618152 -0.215436671678012 0.134089737423232 0.552989528201315 0.760015891390733 0.399102197319777 0.35946003773864 -0.245876936534007 -0.239917966870371 0.257647927199888 0.168274479889114 1.53965480247053
