"" "ISPM" "ISNSL" "ISPNS" "PMZS" "PMZI" "PMMT" "NSLNA" "NSLZS" "NSLZI" "NABR" "NAFM" "NAPNS" "BRPT" "BRAPET" "PTFM" "PTAPET" "PTBA" "PTEAM" "PTZYGO" "PTTSP" "FMZS" "FMMT" "ZSZI" "ZIMT" "ZIZYGO" "ZITSP" "MTPNS" "PNSAPET" "APETBA" "APETTS" "BAEAM" "EAMZYGO" "ZYGOTSP" "LDAS" "BRLD" "OPILD" "PTAS" "JPAS" "BAOPI"
"ISPM" 1.39999583949223 1.36418811032868 2.4990726681386 2.06855319826146 1.10034963404127 0.623661536931913 2.68772877744313 1.46848859925098 1.32755181560509 1.04519526456665 0.246695769254548 1.1092898079235 -0.216841528240426 -0.354486744687904 0.396107391793434 -0.100563677841496 0.180757219827341 0.541833192381068 1.22344935481888 -0.0723064165293984 0.575529172910852 2.05930405832576 0.866216097008209 0.96063691487592 0.757278514126273 1.60896555742501 0.914806698146519 0.37705679561079 0.517878608211913 0.319281328288794 0.708131497143735 -0.065991785957436 1.66485675678188 0.331846797551586 -0.556298644020446 -0.0812986861242193 0.225189875570903 0.432213239871262 -0.240754001615785
"ISNSL" 1.36418811032868 5.33000964734536 4.32834564710427 3.60249888632042 1.97313733881392 0.968232725046051 2.04192967205449 0.139408859596356 0.473552267887163 -0.0217252153642982 0.566043312882068 2.23955609434884 -0.739941194416353 -0.442614066970476 0.863777161195316 0.379272571831726 1.04051167952426 1.64472529169724 1.7466099345326 0.0268532099633118 1.55380152062861 4.27579863668519 0.61326842123066 2.28992175240732 2.04516565886366 2.25944988083018 1.92418273409645 1.5577239686897 0.303533146999916 0.248393145697459 1.14291481817662 0.892721542993979 1.72878114876025 0.517868994193369 1.07605860835331 0.276219638394594 1.34034005544492 -0.127247863239814 0.143414104935601
"ISPNS" 2.4990726681386 4.32834564710427 12.2094441996808 10.9023327121159 7.05670861258475 4.40246249463179 12.2273764472389 6.68794508622402 5.97446673797064 2.92181624784212 3.17047631206299 7.41394235675074 1.8796016281749 2.77565697185295 1.21107519256576 0.741313641828846 2.81493722687175 3.8478152953938 4.07370878947539 -1.33254909819999 4.24646313926128 9.71557325948725 4.81411943828224 4.04969420501805 4.85057191002004 6.56148564033193 5.24548463870439 1.69652707592204 2.7648390410281 1.65393982663761 3.69045639539634 3.48655104589625 4.90086685749837 3.2943053603986 3.40763714319945 2.31101289361573 4.28485988247582 2.31848013111574 0.16984606299801
"PMZS" 2.06855319826146 3.60249888632042 10.9023327121159 17.8269176543462 10.2785954098856 4.83403863864771 19.6461096398798 11.3211553873469 7.63366258569702 5.22804785103229 3.10175669685861 6.43508357852936 2.37585054750883 3.47976443157264 1.21918196583014 0.362819744542437 2.85692763930212 4.35366762410673 6.4020591995279 -0.439223420702039 5.09565305661343 12.0487308988466 6.10658166233904 4.34872388013095 5.50806199290839 8.16286298375967 5.53860553312965 2.58499356342331 3.49139803857175 2.92582673581488 4.5660990388905 2.8595656728343 6.98594655658335 4.34875667178794 3.4642664285865 2.3977264992255 3.98995443422123 2.46006040574646 0.852109752482518
"PMZI" 1.10034963404127 1.97313733881392 7.05670861258475 10.2785954098856 8.61648747950629 3.52856736559969 10.8014984996129 7.05809406929145 7.07819240145768 3.29610647824929 2.39245475255837 3.84862260087559 1.01388792881847 2.06521855990831 1.44846211448752 0.757748527876698 2.2548643660266 3.46179861107793 4.46480454852935 0.316505766720568 2.61078767758793 6.77009461648461 4.46992111289145 3.12509764476559 2.67873087963483 4.95794175816165 3.89071832479195 2.66152208113917 2.21959049385946 1.95961829144366 2.89081015402839 2.25296448058038 5.20048805221554 2.23751036723309 4.27910145529014 0.479327933246548 3.76077962419512 2.300011505504 0.80130650140522
"PMMT" 0.623661536931913 0.968232725046051 4.40246249463179 4.83403863864771 3.52856736559969 3.80603161884327 5.08338909537632 3.57733281525129 3.29125729130491 1.31130943692391 2.48993578245373 4.31196418517606 1.59406266260114 2.87576683628749 1.10421175129853 0.718031031918863 1.75782827121796 1.87550978111163 1.77784532281851 -0.98308928335387 1.57871108549434 4.7167731417095 2.37470758875501 1.73603241033231 3.04461722577671 3.4552566273696 1.55768107730691 1.59548537725228 1.46134721016322 1.07209361507704 1.97204473864839 1.78821037048695 2.3695328858711 2.1803981824357 4.01755002717309 2.18634144473919 3.12887127528786 2.34933124855081 0.645153184058025
"NSLNA" 2.68772877744313 2.04192967205449 12.2273764472389 19.6461096398798 10.8014984996129 5.08338909537632 29.6433168012604 14.8672513310945 10.1081420730669 4.39990347037519 3.3715947874741 8.72958123854556 1.03035654116181 3.65883382737736 0.685044866559926 0.516925008696189 2.74387946354176 5.8602473367408 8.30514238183612 -1.89228088703831 6.32608426083801 12.316720567785 8.14298615473588 4.10017014802164 4.73243095397476 10.6455814360324 5.43547887555788 1.73490456333824 3.7891218976571 3.05859245353608 4.70710853699438 3.02581807891268 7.69637478371546 5.82226662179377 0.161542374778956 4.85900587401049 3.81747471071095 3.50974980818078 0.542896255075496
"NSLZS" 1.46848859925098 0.139408859596356 6.68794508622402 11.3211553873469 7.05809406929145 3.57733281525129 14.8672513310945 10.2340866785431 7.46588110934832 4.03454838563921 2.54062322570383 4.45833407224018 1.95598058264405 2.87761972513161 0.846148654207568 0.0363068602240028 1.18568713101788 2.51835193669687 3.9914144718611 -0.610647205730809 1.68429825991771 6.8632125602922 4.42820997673508 2.30216737975973 2.77973964844099 5.59212321045135 3.12978082905113 1.34774533702214 2.13553346203941 2.27370273229414 2.91925186838808 1.82205749130434 4.69980309416209 2.75352587346855 2.79801826852244 1.53666629142265 2.89480250658245 2.38825535830661 0.67518861616461
"NSLZI" 1.32755181560509 0.473552267887163 5.97446673797064 7.63366258569702 7.07819240145768 3.29125729130491 10.1081420730669 7.46588110934832 8.65109880254252 3.56623112169256 2.57215763625906 3.68898115373832 1.78980490009944 2.1619644090481 1.14533525695072 -0.0227168738940537 0.896219479209776 2.00912721923372 2.9766168496284 -0.237943704007882 1.27824253976644 5.22032997847339 5.27304135257257 2.43281921374234 1.42219995059982 4.39331487153038 2.97417699360815 1.42647153098458 1.63357025836466 1.65583372820144 2.58311762706661 1.35235820795878 4.1860033718926 2.45873137897281 3.41239486018535 0.645668010750052 3.07061554739109 2.85864465648424 0.651028330526654
"NABR" 1.04519526456665 -0.0217252153642982 2.92181624784212 5.22804785103229 3.29610647824929 1.31130943692391 4.39990347037519 4.03454838563921 3.56623112169256 11.4130412651791 1.69972176197022 2.15060927143157 4.9327340422724 3.68141126250939 1.07370770661875 0.433136320608765 0.823994189562896 0.249567540162821 2.47250940332933 0.597208886527745 2.08563031473264 5.50950563836362 2.21799959832181 1.91988817842826 1.85987047688563 2.99475689793707 2.52198435969567 0.536801826845135 1.36642464767377 1.4599587393928 2.22387645215195 0.599336900495334 3.96726240030537 1.17709643595384 -1.41131177809366 0.155134525597171 1.41777742977554 2.30275215700936 -0.274629512781573
"NAFM" 0.246695769254548 0.566043312882068 3.17047631206299 3.10175669685861 2.39245475255837 2.48993578245373 3.3715947874741 2.54062322570383 2.57215763625906 1.69972176197022 3.35723475091699 3.97148249286189 1.09064679533133 2.82235691805828 0.880998119324958 1.29301479850876 1.67746970079605 1.6427889095835 2.08057379138888 0.35831582073951 1.98329612248004 3.97326430541954 1.7694692632176 1.3286112994359 2.50041561540234 2.38768147669322 1.6703542343377 1.0728694038114 0.961150298753345 0.833459818313219 1.71269042135945 1.46652504601476 1.93001826371724 2.40286670600594 2.92086171413613 2.95200731868859 2.46955731324805 2.42443910491676 0.485654271809222
"NAPNS" 1.1092898079235 2.23955609434884 7.41394235675074 6.43508357852936 3.84862260087559 4.31196418517606 8.72958123854556 4.45833407224018 3.68898115373832 2.15060927143157 3.97148249286189 8.60816842844853 1.69340912329209 4.25516104065953 1.73724117136292 1.78862332137445 2.59120771508937 3.25633117172625 3.25200717724805 -1.18211836592961 3.1070444468625 8.33642312789454 3.44109777914148 2.67875062228211 3.85995924680819 4.93592309095179 2.78955427880527 1.29835380625934 1.69455611060449 0.653565377895556 3.01987883760032 2.91113463502612 2.23503251695617 4.62098715703283 2.58968443256439 5.56744774964793 3.93695486147333 3.99706594430064 0.799452750451749
"BRPT" -0.216841528240426 -0.739941194416353 1.8796016281749 2.37585054750883 1.01388792881847 1.59406266260114 1.03035654116181 1.95598058264405 1.78980490009944 4.9327340422724 1.09064679533133 1.69340912329209 8.30778422256305 4.22487307709964 -1.72246339883662 -2.25210269962108 -0.842968649932121 -1.36614662985349 -3.31283002875422 -3.44409807981229 0.0948353820203539 3.10828453575653 1.67597969558983 0.82374616358746 1.63847629305455 0.387202708132793 1.26303761542895 -0.72615104700762 0.244458002557642 0.850692390827845 1.75493598087851 0.29908017478686 -0.571540241564772 2.00354833644746 2.5795356802075 1.47869810364004 1.35321224895321 -0.366762138560254 -0.540461634160356
"BRAPET" -0.354486744687904 -0.442614066970476 2.77565697185295 3.47976443157264 2.06521855990831 2.87576683628749 3.65883382737736 2.87761972513161 2.1619644090481 3.68141126250939 2.82235691805828 4.25516104065953 4.22487307709964 6.31976859883879 -0.260958233835727 1.25940952504 1.87047993233408 1.14612102695012 0.559299468301662 -0.423900572424894 1.69903131772284 4.22642226417451 2.04248663367267 0.801741004688915 2.72992324270923 1.56186471730323 1.30032061216834 -0.244175180712705 1.67382422991119 1.19373823576307 1.94692982097539 1.38926137838746 0.0792977074589053 3.17920626566244 2.96426418869006 5.00092541262706 2.29592194140477 3.00324864479241 0.591933729284831
"PTFM" 0.396107391793434 0.863777161195316 1.21107519256576 1.21918196583014 1.44846211448752 1.10421175129853 0.685044866559926 0.846148654207568 1.14533525695072 1.07370770661875 0.880998119324958 1.73724117136292 -1.72246339883662 -0.260958233835727 4.28333617379192 1.16761500762577 0.219287545245764 -0.330391616720363 2.08530323777825 2.52754839918313 0.175854290637738 2.0900611171558 0.401892508185439 1.13347390129415 0.918645039244532 1.69668194072588 0.309345271607163 1.77303037539307 0.12728943795078 0.118764982533413 0.34252355991817 2.08908977927873 1.52838717603069 0.413280015723846 1.14945054114654 -0.184630540559076 0.13593597303312 1.97895253655574 0.79273622960779
"PTAPET" -0.100563677841496 0.379272571831726 0.741313641828846 0.362819744542437 0.757748527876698 0.718031031918863 0.516925008696189 0.0363068602240028 -0.0227168738940537 0.433136320608765 1.29301479850876 1.78862332137445 -2.25210269962108 1.25940952504 1.16761500762577 3.70906975502234 3.05568105208174 3.15857862035393 3.80125389747651 2.07497153365005 1.31203294799892 1.43048771625046 -0.0609445721822272 0.31664171344199 0.643903505033518 1.56955751455052 0.18171797466804 0.996076941967424 0.741251762856781 0.125859368206099 0.104188816820253 1.41574280861947 1.34735732212047 0.0952715832359887 0.868650414631353 0.557117193538281 2.04390300450375 2.33364852435047 1.01568138767206
"PTBA" 0.180757219827341 1.04051167952426 2.81493722687175 2.85692763930212 2.2548643660266 1.75782827121796 2.74387946354176 1.18568713101788 0.896219479209776 0.823994189562896 1.67746970079605 2.59120771508937 -0.842968649932121 1.87047993233408 0.219287545245764 3.05568105208174 4.85633804753852 4.27859408894223 4.04685573306792 0.67902876407096 2.6650727796215 3.2747285436368 0.861151412018438 0.898250173108438 3.05201661070239 2.76378118411455 1.32252446425219 2.20328430857926 2.47949539036122 0.667853968565496 1.45488098798041 1.58752085703969 2.41382815347781 0.0419668660493063 3.24039371776356 0.330558022159817 4.07471237760872 1.59313375085068 0.571490941783734
"PTEAM" 0.541833192381068 1.64472529169724 3.8478152953938 4.35366762410673 3.46179861107793 1.87550978111163 5.8602473367408 2.51835193669687 2.00912721923372 0.249567540162821 1.6427889095835 3.25633117172625 -1.36614662985349 1.14612102695012 -0.330391616720363 3.15857862035393 4.27859408894223 6.68806828404418 5.27960438316732 -1.00076018570542 2.59627497924941 4.62475235775917 1.25929649138913 1.92311729648019 2.20101708918789 4.33302091570516 2.02978121417502 2.33567804768615 1.20540999540096 0.454338703995645 1.73452113505191 1.8505782667364 3.31340827899646 0.801125574856016 2.12956647024216 -0.0388147574888384 5.08827015687213 1.19445614143863 1.0091740535144
"PTZYGO" 1.22344935481888 1.7466099345326 4.07370878947539 6.4020591995279 4.46480454852935 1.77784532281851 8.30514238183612 3.9914144718611 2.9766168496284 2.47250940332933 2.08057379138888 3.25200717724805 -3.31283002875422 0.559299468301662 2.08530323777825 3.80125389747651 4.04685573306792 5.27960438316732 8.31556739133611 2.39711481109849 3.40222341816967 5.68514226012945 1.94889267646452 2.09166718986079 2.63542744097785 5.38091169436735 2.52994215039222 2.32452572248986 1.87878068390258 1.02734794741902 2.06725643241493 1.75812033983068 6.01146030541835 1.42678738438538 0.305497389537283 0.737846807057772 3.23595160562459 2.99616945152782 0.742181640289196
"PTTSP" -0.0723064165293984 0.0268532099633118 -1.33254909819999 -0.439223420702039 0.316505766720568 -0.98308928335387 -1.89228088703831 -0.610647205730809 -0.237943704007882 0.597208886527745 0.35831582073951 -1.18211836592961 -3.44409807981229 -0.423900572424894 2.52754839918313 2.07497153365005 0.67902876407096 -1.00076018570542 2.39711481109849 7.85245048994808 0.189222139648799 -0.748996168228325 -0.421954301015939 -0.600283422917097 0.172993724204546 -2.18972005287372 0.145464218095775 0.288562178587708 0.921683107752979 0.639507958551956 -0.62746049858046 -0.0449222107643911 0.703335897744382 -0.434608218384601 0.266466338176409 -0.0938706034535743 -1.99359877871528 1.85194573050709 0.679894610521421
"FMZS" 0.575529172910852 1.55380152062861 4.24646313926128 5.09565305661343 2.61078767758793 1.57871108549434 6.32608426083801 1.68429825991771 1.27824253976644 2.08563031473264 1.98329612248004 3.1070444468625 0.0948353820203539 1.69903131772284 0.175854290637738 1.31203294799892 2.6650727796215 2.59627497924941 3.40222341816967 0.189222139648799 5.25907585633808 5.33050828357878 2.49291142129219 1.70974278859687 3.09306528892574 3.46977720105255 2.2505411717656 1.0656604354738 2.03275623787114 0.675847364489646 1.61112987223532 1.483115582089 2.91876489236577 1.80002925811329 -0.0292241465787421 1.90499391773832 1.79754155365126 1.41688666439814 -0.125397245076582
"FMMT" 2.05930405832576 4.27579863668519 9.71557325948725 12.0487308988466 6.77009461648461 4.7167731417095 12.316720567785 6.8632125602922 5.22032997847339 5.50950563836362 3.97326430541954 8.33642312789454 3.10828453575653 4.22642226417451 2.0900611171558 1.43048771625046 3.2747285436368 4.62475235775917 5.68514226012945 -0.748996168228325 5.33050828357878 14.6345359117562 4.85020810131291 4.95858942641969 5.90593306996069 7.40646105833166 5.26957948543942 2.56218446176191 2.5498172994247 1.3031311821634 4.7381882165764 3.35976954874351 5.3701526169446 5.5080067672956 2.67858690253771 5.14333839944255 5.24248136487209 4.34980445951908 0.59360048372544
"ZSZI" 0.866216097008209 0.61326842123066 4.81411943828224 6.10658166233904 4.46992111289145 2.37470758875501 8.14298615473588 4.42820997673508 5.27304135257257 2.21799959832181 1.7694692632176 3.44109777914148 1.67597969558983 2.04248663367267 0.401892508185439 -0.0609445721822272 0.861151412018438 1.25929649138913 1.94889267646452 -0.421954301015939 2.49291142129219 4.85020810131291 4.98062837924159 1.58905246418096 1.29643221343605 3.10703965340341 2.05358220056462 0.0789686637021178 1.61128185136728 0.731057154045067 1.90655140606814 0.645091679945036 2.15497333116019 3.31410177217865 1.07707876621748 2.01142109949201 1.4973636997149 2.3237616711157 0.606979837193383
"ZIMT" 0.96063691487592 2.28992175240732 4.04969420501805 4.34872388013095 3.12509764476559 1.73603241033231 4.10017014802164 2.30216737975973 2.43281921374234 1.91988817842826 1.3286112994359 2.67875062228211 0.82374616358746 0.801741004688915 1.13347390129415 0.31664171344199 0.898250173108438 1.92311729648019 2.09166718986079 -0.600283422917097 1.70974278859687 4.95858942641969 1.58905246418096 2.63834195187219 2.07062485305704 3.24098325565534 2.25744685298194 1.53327070252403 0.471541368776721 0.661017210347436 1.77342951628231 1.64151288264177 2.6820070643818 1.19853569624891 1.64666867118493 0.644746677352657 2.24488842249085 1.08730663948125 0.0984495710294187
"ZIZYGO" 0.757278514126273 2.04516565886366 4.85057191002004 5.50806199290839 2.67873087963483 3.04461722577671 4.73243095397476 2.77973964844099 1.42219995059982 1.85987047688563 2.50041561540234 3.85995924680819 1.63847629305455 2.72992324270923 0.918645039244532 0.643903505033518 3.05201661070239 2.20101708918789 2.63542744097785 0.172993724204546 3.09306528892574 5.90593306996069 1.29643221343605 2.07062485305704 7.03105730959055 3.44938989641746 2.37777462200121 2.65229581637068 2.68412148399841 1.3176767403027 2.82170682655135 1.38177060570012 3.30124737415197 1.89660934653922 3.97061595865821 2.61890968680303 3.20585059624426 1.09432863010766 -0.00751588075882596
"ZITSP" 1.60896555742501 2.25944988083018 6.56148564033193 8.16286298375967 4.95794175816165 3.4552566273696 10.6455814360324 5.59212321045135 4.39331487153038 2.99475689793707 2.38768147669322 4.93592309095179 0.387202708132793 1.56186471730323 1.69668194072588 1.56955751455052 2.76378118411455 4.33302091570516 5.38091169436735 -2.18972005287372 3.46977720105255 7.40646105833166 3.10703965340341 3.24098325565534 3.44938989641746 7.84547148439347 2.93162778059373 2.47594084904612 1.53508010204103 1.25216348821625 2.77901262914139 2.73241467444046 5.68865530968398 1.76509293281887 2.51239825818382 0.647429425267829 4.47841095224459 2.37980855816963 0.305121091547828
"MTPNS" 0.914806698146519 1.92418273409645 5.24548463870439 5.53860553312965 3.89071832479195 1.55768107730691 5.43547887555788 3.12978082905113 2.97417699360815 2.52198435969567 1.6703542343377 2.78955427880527 1.26303761542895 1.30032061216834 0.309345271607163 0.18171797466804 1.32252446425219 2.02978121417502 2.52994215039222 0.145464218095775 2.2505411717656 5.26957948543942 2.05358220056462 2.25744685298194 2.37777462200121 2.93162778059373 3.73931255226909 0.945735600108125 1.23226403657167 1.06698908945724 2.48358839236321 1.54928917723725 3.05898404109789 1.73455975744897 1.65003069995443 1.60371766121914 2.39431981603729 1.10723235674147 -0.470418083818248
"PNSAPET" 0.37705679561079 1.5577239686897 1.69652707592204 2.58499356342331 2.66152208113917 1.59548537725228 1.73490456333824 1.34774533702214 1.42647153098458 0.536801826845135 1.0728694038114 1.29835380625934 -0.72615104700762 -0.244175180712705 1.77303037539307 0.996076941967424 2.20328430857926 2.33567804768615 2.32452572248986 0.288562178587708 1.0656604354738 2.56218446176191 0.0789686637021178 1.53327070252403 2.65229581637068 2.47594084904612 0.945735600108125 3.96556794596248 0.83478155711382 0.5574492972879 0.77798248807903 1.590349047274 2.46489922447407 -0.872393340309695 3.76913013649655 -1.54812411596575 2.9248448484256 0.268221928529961 0.233748458732534
"APETBA" 0.517878608211913 0.303533146999916 2.7648390410281 3.49139803857175 2.21959049385946 1.46134721016322 3.7891218976571 2.13553346203941 1.63357025836466 1.36642464767377 0.961150298753345 1.69455611060449 0.244458002557642 1.67382422991119 0.12728943795078 0.741251762856781 2.47949539036122 1.20540999540096 1.87878068390258 0.921683107752979 2.03275623787114 2.5498172994247 1.61128185136728 0.471541368776721 2.68412148399841 1.53508010204103 1.23226403657167 0.83478155711382 2.81254474428945 0.97210145535324 1.4442876483855 0.375922481163965 1.64640982581565 0.814960632171645 1.4778686149964 1.07756185252475 1.44772233232066 1.221514613279 0.0453504845084802
"APETTS" 0.319281328288794 0.248393145697459 1.65393982663761 2.92582673581488 1.95961829144366 1.07209361507704 3.05859245353608 2.27370273229414 1.65583372820144 1.4599587393928 0.833459818313219 0.653565377895556 0.850692390827845 1.19373823576307 0.118764982533413 0.125859368206099 0.667853968565496 0.454338703995645 1.02734794741902 0.639507958551956 0.675847364489646 1.3031311821634 0.731057154045067 0.661017210347436 1.3176767403027 1.25216348821625 1.06698908945724 0.5574492972879 0.97210145535324 1.30360237340011 0.959535906976879 0.657119936654349 1.74098243680767 0.0536356462180179 1.81530586734886 0.158836353070985 0.842172618661141 0.306803381284012 -0.0386075264936793
"BAEAM" 0.708131497143735 1.14291481817662 3.69045639539634 4.5660990388905 2.89081015402839 1.97204473864839 4.70710853699438 2.91925186838808 2.58311762706661 2.22387645215195 1.71269042135945 3.01987883760032 1.75493598087851 1.94692982097539 0.34252355991817 0.104188816820253 1.45488098798041 1.73452113505191 2.06725643241493 -0.62746049858046 1.61112987223532 4.7381882165764 1.90655140606814 1.77342951628231 2.82170682655135 2.77901262914139 2.48358839236321 0.77798248807903 1.4442876483855 0.959535906976879 2.93493840324509 0.964235878709183 2.45447398162195 2.04444279973124 1.74375842987088 1.92658944150256 2.42766718580122 1.39186032289242 -0.00565406305593931
"EAMZYGO" -0.065991785957436 0.892721542993979 3.48655104589625 2.8595656728343 2.25296448058038 1.78821037048695 3.02581807891268 1.82205749130434 1.35235820795878 0.599336900495334 1.46652504601476 2.91113463502612 0.29908017478686 1.38926137838746 2.08908977927873 1.41574280861947 1.58752085703969 1.8505782667364 1.75812033983068 -0.0449222107643911 1.483115582089 3.35976954874351 0.645091679945036 1.64151288264177 1.38177060570012 2.73241467444046 1.54928917723725 1.590349047274 0.375922481163965 0.657119936654349 0.964235878709183 3.98631048171055 1.40111094100249 -0.147603322445697 3.39440025390353 -0.0960017016170549 2.61753864918985 1.02745546206195 0.533614357750644
"ZYGOTSP" 1.66485675678188 1.72878114876025 4.90086685749837 6.98594655658335 5.20048805221554 2.3695328858711 7.69637478371546 4.69980309416209 4.1860033718926 3.96726240030537 1.93001826371724 2.23503251695617 -0.571540241564772 0.0792977074589053 1.52838717603069 1.34735732212047 2.41382815347781 3.31340827899646 6.01146030541835 0.703335897744382 2.91876489236577 5.3701526169446 2.15497333116019 2.6820070643818 3.30124737415197 5.68865530968398 3.05898404109789 2.46489922447407 1.64640982581565 1.74098243680767 2.45447398162195 1.40111094100249 7.52627931835485 0.338106457118357 1.86429673333636 -0.969591047235701 2.99616759940574 1.4736980549936 -0.369266835518813
"LDAS" 0.331846797551586 0.517868994193369 3.2943053603986 4.34875667178794 2.23751036723309 2.1803981824357 5.82226662179377 2.75352587346855 2.45873137897281 1.17709643595384 2.40286670600594 4.62098715703283 2.00354833644746 3.17920626566244 0.413280015723846 0.0952715832359887 0.0419668660493063 0.801125574856016 1.42678738438538 -0.434608218384601 1.80002925811329 5.5080067672956 3.31410177217865 1.19853569624891 1.89660934653922 1.76509293281887 1.73455975744897 -0.872393340309695 0.814960632171645 0.0536356462180179 2.04444279973124 -0.147603322445697 0.338106457118357 6.64294839863608 -0.506797973070202 6.60131338390432 0.269777321223 2.46393554393456 0.643489481438536
"BRLD" -0.556298644020446 1.07605860835331 3.40763714319945 3.4642664285865 4.27910145529014 4.01755002717309 0.161542374778956 2.79801826852244 3.41239486018535 -1.41131177809366 2.92086171413613 2.58968443256439 2.5795356802075 2.96426418869006 1.14945054114654 0.868650414631353 3.24039371776356 2.12956647024216 0.305497389537283 0.266466338176409 -0.0292241465787421 2.67858690253771 1.07707876621748 1.64666867118493 3.97061595865821 2.51239825818382 1.65003069995443 3.76913013649655 1.4778686149964 1.81530586734886 1.74375842987088 3.39440025390353 1.86429673333636 -0.506797973070202 15.6998234235951 -1.69017030667481 6.07737980561701 0.172119210679841 1.07127437561899
"OPILD" -0.0812986861242193 0.276219638394594 2.31101289361573 2.3977264992255 0.479327933246548 2.18634144473919 4.85900587401049 1.53666629142265 0.645668010750052 0.155134525597171 2.95200731868859 5.56744774964793 1.47869810364004 5.00092541262706 -0.184630540559076 0.557117193538281 0.330558022159817 -0.0388147574888384 0.737846807057772 -0.0938706034535743 1.90499391773832 5.14333839944255 2.01142109949201 0.644746677352657 2.61890968680303 0.647429425267829 1.60371766121914 -1.54812411596575 1.07756185252475 0.158836353070985 1.92658944150256 -0.0960017016170549 -0.969591047235701 6.60131338390432 -1.69017030667481 12.1472289935524 -0.0571143791551073 4.30199034196114 -0.464123540676609
"PTAS" 0.225189875570903 1.34034005544492 4.28485988247582 3.98995443422123 3.76077962419512 3.12887127528786 3.81747471071095 2.89480250658245 3.07061554739109 1.41777742977554 2.46955731324805 3.93695486147333 1.35321224895321 2.29592194140477 0.13593597303312 2.04390300450375 4.07471237760872 5.08827015687213 3.23595160562459 -1.99359877871528 1.79754155365126 5.24248136487209 1.4973636997149 2.24488842249085 3.20585059624426 4.47841095224459 2.39431981603729 2.9248448484256 1.44772233232066 0.842172618661141 2.42766718580122 2.61753864918985 2.99616759940574 0.269777321223 6.07737980561701 -0.0571143791551073 7.0479758834085 2.03627735859242 0.816017219620996
"JPAS" 0.432213239871262 -0.127247863239814 2.31848013111574 2.46006040574646 2.300011505504 2.34933124855081 3.50974980818078 2.38825535830661 2.85864465648424 2.30275215700936 2.42443910491676 3.99706594430064 -0.366762138560254 3.00324864479241 1.97895253655574 2.33364852435047 1.59313375085068 1.19445614143863 2.99616945152782 1.85194573050709 1.41688666439814 4.34980445951908 2.3237616711157 1.08730663948125 1.09432863010766 2.37980855816963 1.10723235674147 0.268221928529961 1.221514613279 0.306803381284012 1.39186032289242 1.02745546206195 1.4736980549936 2.46393554393456 0.172119210679841 4.30199034196114 2.03627735859242 6.14470671870605 0.71989252709111
"BAOPI" -0.240754001615785 0.143414104935601 0.16984606299801 0.852109752482518 0.80130650140522 0.645153184058025 0.542896255075496 0.67518861616461 0.651028330526654 -0.274629512781573 0.485654271809222 0.799452750451749 -0.540461634160356 0.591933729284831 0.79273622960779 1.01568138767206 0.571490941783734 1.0091740535144 0.742181640289196 0.679894610521421 -0.125397245076582 0.59360048372544 0.606979837193383 0.0984495710294187 -0.00751588075882596 0.305121091547828 -0.470418083818248 0.233748458732534 0.0453504845084802 -0.0386075264936793 -0.00565406305593931 0.533614357750644 -0.369266835518813 0.643489481438536 1.07127437561899 -0.464123540676609 0.816017219620996 0.71989252709111 1.59526280285442
