"" "ISPM" "ISNSL" "ISPNS" "PMZS" "PMZI" "PMMT" "NSLNA" "NSLZS" "NSLZI" "NABR" "NAFM" "NAPNS" "BRPT" "BRAPET" "PTFM" "PTAPET" "PTBA" "PTEAM" "PTZYGO" "PTTSP" "FMZS" "FMMT" "ZSZI" "ZIMT" "ZIZYGO" "ZITSP" "MTPNS" "PNSAPET" "APETBA" "APETTS" "BAEAM" "EAMZYGO" "ZYGOTSP" "LDAS" "BRLD" "OPILD" "PTAS" "JPAS" "BAOPI"
"ISPM" 1.13155290574269 1.42485919025286 2.2779833593171 0.644205330686798 1.06969058708467 0.697356207811872 -0.574517636317718 0.745727788306291 1.44230661368419 2.19432721861686 0.809095271564389 0.768181130707124 1.03604056522802 1.20513369661378 0.270827020260453 0.424529064918938 0.977312342115974 0.781435476966399 0.883961639225175 -0.418932049278798 0.0658000463828611 0.985594602117994 0.621569918857429 0.401077260086658 0.967740773743458 0.30801454902006 0.87433155847852 0.689692137154198 0.455490668860438 0.0963806737328286 1.30345118935139 0.486865015593706 0.737612312595073 0.501372328109641 -0.0703929978849007 0.812934097077486 1.39048628670238 1.10390590259687 0.101195248351981
"ISNSL" 1.42485919025286 5.15293237145748 5.09502990159052 3.52636396019225 3.46312465224839 1.72556937667329 0.236650861882641 1.42886358783871 2.35776906431385 3.2407461542424 1.29608332107068 1.48755662646286 1.96667664978791 1.5768718676855 1.12981942768037 -0.236113359579425 0.497220745432797 -0.0195303738292787 1.06613834007305 -0.343387100533207 0.329691196040551 2.27123920195601 0.46198700552098 -0.244242278491187 1.08429833443332 1.09208988920807 2.54595469084277 0.705848060961065 0.873885343619673 0.00478077230555674 1.14286877691681 0.440460853885767 0.54473714135674 1.2825892976265 -0.926484343782765 2.1864016739056 0.46982220492149 0.691068023034935 0.342246352848091
"ISPNS" 2.2779833593171 5.09502990159052 9.36078023227928 3.37561553747417 4.95530930822738 3.90423604718484 -3.00628957171619 2.02011780627443 3.50700119107523 4.58681058938502 2.18202325883632 2.46207004884604 2.62131934903634 2.78775886566796 1.60037757349615 0.261294433228363 2.02295113803039 1.02273928536298 1.77581993361043 -0.446112545504153 -0.636561922831108 2.22061391859204 1.16035293725201 0.270965031844532 2.02294064876819 0.191769048145805 3.08315653276826 1.07615403551318 2.01857720360954 0.244108884661742 3.05727008763609 2.88519214564744 1.96700321313153 1.93829169750565 2.53124703583085 1.95950950335696 3.16400983211584 1.39012064154445 0.222963694341927
"PMZS" 0.644205330686798 3.52636396019225 3.37561553747417 5.65705011990488 3.79664659264293 1.28559698833951 4.74120063908896 1.40690496011421 1.59903849506046 1.67051546704658 0.134002073129356 0.805708441765676 1.20842181931548 0.0228695049135702 -0.197001723361949 -1.06935921769678 -0.548580739011176 -0.200701155520413 0.735165326455699 0.273186791084286 1.41504300934752 2.02160238562933 1.27911759996383 -0.532734787778392 -0.126648383801983 0.424978744252164 1.98426575800916 0.0428397806311032 0.541245788266788 -0.368193109075257 -0.25590616985896 -0.0995882963524145 0.578621099299817 0.470048419480364 -1.38408950175534 0.914633944194348 -0.64239123845612 -0.577603298743706 0.598540581421737
"PMZI" 1.06969058708467 3.46312465224839 4.95530930822738 3.79664659264293 4.76945607056833 2.70506657119317 -0.031836158346886 1.71669002601636 3.41971695405014 3.26053659598304 1.75102433561819 1.82095981213774 1.43032141761296 2.2026913173689 1.43995453694583 0.446719774456774 1.24940373387242 0.620269577591584 1.53092875378706 0.642249410127715 0.297920058226432 1.27358792682685 1.66079297040484 -0.421585900837153 0.473566524526114 0.483940090673352 1.90209833228073 1.1484142674238 1.21816518023223 0.237754786783806 1.82577880895618 0.407547666939036 0.892143405978243 1.81819917513706 0.615306031330919 2.08689336705036 1.22773434657282 0.81497824176854 0.370689871207496
"PMMT" 0.697356207811872 1.72556937667329 3.90423604718484 1.28559698833951 2.70506657119317 3.14646315818402 -3.17862330208884 0.293355788127948 1.46138826926376 2.07350902968171 1.12918209234639 0.959646247990994 0.889523265822964 2.06082691351981 1.20397676711361 1.07591450992006 1.48270109676514 0.605405482223622 0.987711072674932 0.633679877551925 -0.404889763700175 0.507185618750117 0.764218366841454 0.329524776211623 0.32871359519581 -0.634217375393759 0.6547689112734 0.813903860320748 0.659916518163757 -0.046550700002122 1.5051047328504 1.22478286531916 0.859394941158372 1.38930586745471 2.38807207846617 1.10943990332629 1.96210370903519 1.06906793813143 0.329898051339157
"NSLNA" -0.574517636317718 0.236650861882641 -3.00628957171619 4.74120063908896 -0.031836158346886 -3.17862330208884 14.6812117121042 0.597466050386944 -0.920630599394699 -2.18691607665942 -2.70732062147403 0.533843103908478 -0.475680872965841 -3.7951329380053 -2.35603223305846 -3.08299285355023 -3.27607838548633 -1.44429991693392 -0.42932558628907 0.275116312130187 2.86410076181024 1.79565740487327 0.829381983704384 -0.706441936816947 -1.48408841342123 0.744091255712098 0.423314794693154 -1.61200402698255 -0.739365685780242 -0.862867761659137 -3.24673799711026 -1.63348635009039 0.537317103861747 -1.99643785989876 -7.11681086533002 -1.89083774622696 -4.32937505477812 -2.56057615537149 1.16069077611609
"NSLZS" 0.745727788306291 1.42886358783871 2.02011780627443 1.40690496011421 1.71669002601636 0.293355788127948 0.597466050386944 3.57386944031253 2.57175616270187 1.12239592750611 1.55805928143007 0.376617346226165 0.0587309861857839 0.313454802334563 -0.294573313205845 -0.45903021434293 0.00895569941506838 0.448239265783998 0.633289254811938 -0.344794322599971 -0.267555973115296 0.153420181421061 -0.986266998620403 -1.09304943335622 1.31747824696225 0.730042421246101 1.45985117507755 0.843138707536149 0.708840008380569 0.715129927833949 1.60598162774969 -0.872844280836891 -0.186500116580888 0.839725032006676 -0.969746903783195 1.48637791564793 0.0916005165204699 0.536161513697503 -0.159668302492977
"NSLZI" 1.44230661368419 2.35776906431385 3.50700119107523 1.59903849506046 3.41971695405014 1.46138826926376 -0.920630599394699 2.57175616270187 5.14556668154784 3.88101657793034 2.85346867952003 2.00754775770563 1.05731796260606 2.6271579046462 1.18859909983561 1.37042603957366 2.51225079746515 2.10147243321339 2.61471685539347 0.800961112986121 0.325221674326437 0.7800023866193 2.21177611424679 -0.418570609841684 1.32234587346862 1.79542995310235 1.77124578793333 1.93826864262816 1.46690897265996 0.889556572721854 3.17872141588341 -0.135462676481967 1.38227714021803 2.43974053347306 0.625875949546621 2.58908977852776 2.072289277248 1.5447228468644 0.22599580151921
"NABR" 2.19432721861686 3.2407461542424 4.58681058938502 1.67051546704658 3.26053659598304 2.07350902968171 -2.18691607665942 1.12239592750611 3.88101657793034 8.47876901535789 2.39678185195428 2.18653234178035 4.2076053533982 4.60402770471957 0.601374244239636 2.36626607911562 3.58378412672026 3.23963316583007 3.45593363911922 -0.00350534310395073 0.342102002213257 1.65761062108313 2.16373068939771 1.07612681966502 2.21448281684092 0.815986151004427 1.92962976348256 2.56163492427723 0.776116525894131 0.350627699038528 2.52111771611787 0.238936007869689 2.91157126266061 2.28146701417061 -1.19495351358046 2.66306490946373 4.71397614828287 2.38759640018745 1.27166249933236
"NAFM" 0.809095271564389 1.29608332107068 2.18202325883632 0.134002073129356 1.75102433561819 1.12918209234639 -2.70732062147403 1.55805928143007 2.85346867952003 2.39678185195428 3.07359826377044 2.00586718669648 0.459004138612497 1.97936689654378 0.739874670858307 1.51274122944848 2.31911858764139 2.14847558646856 2.24726080074793 0.223181861677877 0.119321577372677 0.243264014938872 0.556647726535768 -0.137802164674011 1.31803933216694 1.24237035620552 1.09694234924394 1.44705059811523 1.18877937202705 0.872129121380112 2.71709058867176 0.245930628088676 0.908429551563959 2.13348244227609 1.36597141714202 2.41571480937849 2.61850169790042 1.34842592978406 0.0599127315228918
"NAPNS" 0.768181130707124 1.48755662646286 2.46207004884604 0.805708441765676 1.82095981213774 0.959646247990994 0.533843103908478 0.376617346226165 2.00754775770563 2.18653234178035 2.00586718669648 4.1006745155329 0.668793136137631 1.85475308410978 1.11078751296287 1.08442080042029 2.10544534000332 1.69623571629 2.31822842346504 0.255975909742918 0.479215965889222 1.37470861643642 1.33639847671512 0.323884154266158 0.744720553657463 0.920076586292573 0.717150699835566 0.781868702925083 1.21565033005608 0.102272197656809 1.9434725952704 0.631637403807677 1.6370248394468 1.17695930715674 0.954530309721138 0.961813580760203 2.07848813582515 1.24609984025414 0.495317857995899
"BRPT" 1.03604056522802 1.96667664978791 2.62131934903634 1.20842181931548 1.43032141761296 0.889523265822964 -0.475680872965841 0.0587309861857839 1.05731796260606 4.2076053533982 0.459004138612497 0.668793136137631 3.92436787507726 2.18130567473177 -0.0503612889950331 -0.433033828416689 0.362617083865095 0.0124157594228002 -0.260329132572896 -0.630367255051847 0.0175545767792285 0.781636609692799 0.671863026051461 0.69013602876774 0.685457816589293 -0.796641555921095 1.00060517422654 0.951162617788584 0.155089774258236 0.0509368563970272 0.579879027054907 1.04090391371604 0.535425844002396 0.62544655150113 -0.28382733520131 1.03803418813958 1.93085970190919 0.985523895708396 0.795425503416197
"BRAPET" 1.20513369661378 1.5768718676855 2.78775886566796 0.0228695049135702 2.2026913173689 2.06082691351981 -3.7951329380053 0.313454802334563 2.6271579046462 4.60402770471957 1.97936689654378 1.85475308410978 2.18130567473177 4.33038882786005 1.27250619274361 2.56365925401334 2.90113330974787 1.94183900541971 1.956846526032 0.291960778226705 -0.352731537124794 0.466687251413531 1.42826698751056 0.773927553037678 1.14757356427783 0.459733296794306 0.654312375034862 1.90384801408264 0.466551981950147 0.314211110448034 2.29961081321961 0.472834823697519 1.13834765319795 1.88778078063583 1.19883001623397 2.32580996269854 2.90475784705286 2.39413490569348 0.349625857693522
"PTFM" 0.270827020260453 1.12981942768037 1.60037757349615 -0.197001723361949 1.43995453694583 1.20397676711361 -2.35603223305846 -0.294573313205845 1.18859909983561 0.601374244239636 0.739874670858307 1.11078751296287 -0.0503612889950331 1.27250619274361 3.07125484131177 0.330295161502512 0.145213942312455 -1.14510743437043 -0.117171870741114 0.500184049453288 -0.699864860067355 0.261213519907329 0.578721966474758 -0.137290035027176 0.0113267306236374 0.669316139362807 -0.0268344293011252 0.531979770659928 0.610437208012267 0.174041935019561 0.637132840789991 -0.0726303393968899 -0.137294630570907 1.03435128963851 0.942596112297452 0.652276651297511 -1.35982203775466 0.0916780572453306 -0.542032041208294
"PTAPET" 0.424529064918938 -0.236113359579425 0.261294433228363 -1.06935921769678 0.446719774456774 1.07591450992006 -3.08299285355023 -0.45903021434293 1.37042603957366 2.36626607911562 1.51274122944848 1.08442080042029 -0.433033828416689 2.56365925401334 0.330295161502512 4.44371343924289 4.08526425363276 3.80872188379874 3.83433668890704 1.35719399711311 -0.0388302652279326 -0.00151499621758444 1.41725845035675 0.892193311944649 0.819826337025325 1.38133044436199 0.185895130094509 1.25374432274974 -0.189142294735133 0.307441074713268 1.82609686652448 0.0597945086977076 2.04573916471429 1.48713983065664 0.896228057010673 1.46619182026752 3.64009009609398 1.85048247204851 0.785960435680563
"PTBA" 0.977312342115974 0.497220745432797 2.02295113803039 -0.548580739011176 1.24940373387242 1.48270109676514 -3.27607838548633 0.00895569941506838 2.51225079746515 3.58378412672026 2.31911858764139 2.10544534000332 0.362617083865095 2.90113330974787 0.145213942312455 4.08526425363276 5.19275053390566 4.63694166598684 4.50042833747107 1.14645978717548 0.19845266369545 0.44744279461275 2.18302856856609 0.905286717692585 1.47917428210495 1.34639708744783 0.942100032252806 1.72358808009263 1.00075565959281 0.456881962676629 3.1222236513389 0.796773047701674 2.87928366134544 2.01369271335462 1.96637446794788 1.7854168363699 5.1619983933485 2.11258141812106 0.960428446339669
"PTEAM" 0.781435476966399 -0.0195303738292787 1.02273928536298 -0.200701155520413 0.620269577591584 0.605405482223622 -1.44429991693392 0.448239265783998 2.10147243321339 3.23963316583007 2.14847558646856 1.69623571629 0.0124157594228002 1.94183900541971 -1.14510743437043 3.80872188379874 4.63694166598684 5.94574625051609 5.23416813481297 1.08061003143386 0.456149104285469 0.340142535774774 1.82138322699444 0.557725016720828 1.82983321262859 1.25667815865101 1.21408536793588 1.50831060702421 0.51559208844168 0.454074839030053 2.06414678392114 0.897591837816772 3.228869179429 1.7047309407988 1.84477951146534 0.903183678701625 6.00575009754412 1.97967081840011 1.91339062997447
"PTZYGO" 0.883961639225175 1.06613834007305 1.77581993361043 0.735165326455699 1.53092875378706 0.987711072674932 -0.42932558628907 0.633289254811938 2.61471685539347 3.45593363911922 2.24726080074793 2.31822842346504 -0.260329132572896 1.956846526032 -0.117171870741114 3.83433668890704 4.50042833747107 5.23416813481297 6.08957993302478 1.60883912682008 0.567183093901228 0.753494580772606 2.03910802334811 0.341572478966783 1.69528862718088 2.10854884710529 1.47462644255469 1.40091704647451 0.70583972179591 0.194547417983944 1.90057097734328 0.0141029644980365 4.13835871416494 2.4664534650489 0.350823790866185 1.51089193260727 4.44930480201069 1.06529377123037 1.67264250734052
"PTTSP" -0.418932049278798 -0.343387100533207 -0.446112545504153 0.273186791084286 0.642249410127715 0.633679877551925 0.275116312130187 -0.344794322599971 0.800961112986121 -0.00350534310395073 0.223181861677877 0.255975909742918 -0.630367255051847 0.291960778226705 0.500184049453288 1.35719399711311 1.14645978717548 1.08061003143386 1.60883912682008 2.78658522955736 0.428209086557576 -0.0426438514862565 1.14138168574664 -0.105099087408881 -0.338269520345259 -0.179551128576753 0.259177012915422 0.677928686471451 -0.0885617223465456 -0.222146137015637 -0.228892715893453 0.321958956598469 1.03433925860171 1.01685121306511 1.25402925050006 -0.548461868659214 0.532039463098668 -0.574741406667145 1.27777722855065
"FMZS" 0.0658000463828611 0.329691196040551 -0.636561922831108 1.41504300934752 0.297920058226432 -0.404889763700175 2.86410076181024 -0.267555973115296 0.325221674326437 0.342102002213257 0.119321577372677 0.479215965889222 0.0175545767792285 -0.352731537124794 -0.699864860067355 -0.0388302652279326 0.19845266369545 0.456149104285469 0.567183093901228 0.428209086557576 1.72597414357726 1.13129582420045 1.11958118774904 0.434120601320608 -0.341143463901619 0.480221807735499 0.144617554071478 -0.0570258409007876 0.101732278117334 -0.149112460208677 -0.167738825365617 -0.24201472039625 0.566517979342122 -0.1071800084431 -1.16267839276128 -0.0895234443476187 -0.0885382163935206 -0.336924395072959 0.2186450429997
"FMMT" 0.985594602117994 2.27123920195601 2.22061391859204 2.02160238562933 1.27358792682685 0.507185618750117 1.79565740487327 0.153420181421061 0.7800023866193 1.65761062108313 0.243264014938872 1.37470861643642 0.781636609692799 0.466687251413531 0.261213519907329 -0.00151499621758444 0.44744279461275 0.340142535774774 0.753494580772606 -0.0426438514862565 1.13129582420045 3.35069062324733 0.941909310035709 0.979182905845157 0.424769682376506 0.692460163762852 1.29656209883544 -0.213055543719987 0.546185599225236 -0.153037485110479 0.411975174348553 0.835454930125279 0.620447184029535 -0.204214558669664 -0.469235106422635 -0.710972560187685 0.516008393227057 0.917278786751101 0.371724354725718
"ZSZI" 0.621569918857429 0.46198700552098 1.16035293725201 1.27911759996383 1.66079297040484 0.764218366841454 0.829381983704384 -0.986266998620403 2.21177611424679 2.16373068939771 0.556647726535768 1.33639847671512 0.671863026051461 1.42826698751056 0.578721966474758 1.41725845035675 2.18302856856609 1.82138322699444 2.03910802334811 1.14138168574664 1.11958118774904 0.941909310035709 3.93107060224773 0.546170747284827 -0.296633906348047 1.22897086183575 0.247138732948152 0.682052710704449 0.720584656359429 -0.0769137284812125 0.974305029335039 0.849460468505214 1.81846602406508 0.811770011098162 1.58742801745203 0.143131690605807 1.79054567610826 0.566416391958551 0.315619276492234
"ZIMT" 0.401077260086658 -0.244242278491187 0.270965031844532 -0.532734787778392 -0.421585900837153 0.329524776211623 -0.706441936816947 -1.09304943335622 -0.418570609841684 1.07612681966502 -0.137802164674011 0.323884154266158 0.69013602876774 0.773927553037678 -0.137290035027176 0.892193311944649 0.905286717692585 0.557725016720828 0.341572478966783 -0.105099087408881 0.434120601320608 0.979182905845157 0.546170747284827 1.80494598531892 -0.027229712149302 -0.609426746728265 -0.428003889890926 -0.141611649731933 -0.241700142701206 -0.17361319122821 0.258446177500203 0.73209920421084 0.813098827253517 -0.461070165206324 0.204281664321428 -0.587980186071519 1.23330181209524 0.950570049600615 0.254404144693274
"ZIZYGO" 0.967740773743458 1.08429833443332 2.02294064876819 -0.126648383801983 0.473566524526114 0.32871359519581 -1.48408841342123 1.31747824696225 1.32234587346862 2.21448281684092 1.31803933216694 0.744720553657463 0.685457816589293 1.14757356427783 0.0113267306236374 0.819826337025325 1.47917428210495 1.82983321262859 1.69528862718088 -0.338269520345259 -0.341143463901619 0.424769682376506 -0.296633906348047 -0.027229712149302 2.39655222091302 0.797449519342152 1.47212734670477 0.927744381744986 0.735590135154446 0.536769180600717 1.49636677773373 0.236357883817398 1.32170129232058 0.863628512854665 0.184324414209453 0.538644050915594 1.86137408810192 1.04132697673993 0.619188773246275
"ZITSP" 0.30801454902006 1.09208988920807 0.191769048145805 0.424978744252164 0.483940090673352 -0.634217375393759 0.744091255712098 0.730042421246101 1.79542995310235 0.815986151004427 1.24237035620552 0.920076586292573 -0.796641555921095 0.459733296794306 0.669316139362807 1.38133044436199 1.34639708744783 1.25667815865101 2.10854884710529 -0.179551128576753 0.480221807735499 0.692460163762852 1.22897086183575 -0.609426746728265 0.797449519342152 4.47961917419702 0.977352296876945 0.129587991643991 0.782321481482495 0.6643305726084 0.824513333599477 -0.95545439122379 1.3551354503549 1.2681645290726 -2.36627397203597 1.73426176361231 -1.02198204664028 -0.361057971056872 -1.01580387963065
"MTPNS" 0.87433155847852 2.54595469084277 3.08315653276826 1.98426575800916 1.90209833228073 0.6547689112734 0.423314794693154 1.45985117507755 1.77124578793333 1.92962976348256 1.09694234924394 0.717150699835566 1.00060517422654 0.654312375034862 -0.0268344293011252 0.185895130094509 0.942100032252806 1.21408536793588 1.47462644255469 0.259177012915422 0.144617554071478 1.29656209883544 0.247138732948152 -0.428003889890926 1.47212734670477 0.977352296876945 2.71872896063317 0.517042022864113 0.805274326570374 0.1240778770026 0.998694791998992 0.680385833789606 0.883705787309762 1.3354357971177 -0.545124788079507 1.098320666942 1.07522703664103 0.166112117593828 0.841047339303152
"PNSAPET" 0.689692137154198 0.705848060961065 1.07615403551318 0.0428397806311032 1.1484142674238 0.813903860320748 -1.61200402698255 0.843138707536149 1.93826864262816 2.56163492427723 1.44705059811523 0.781868702925083 0.951162617788584 1.90384801408264 0.531979770659928 1.25374432274974 1.72358808009263 1.50831060702421 1.40091704647451 0.677928686471451 -0.0570258409007876 -0.213055543719987 0.682052710704449 -0.141611649731933 0.927744381744986 0.129587991643991 0.517042022864113 1.79008285679671 0.363362055548381 0.225951098072193 1.43264430952667 0.0484766363074059 0.625099292806509 1.21420185284342 0.642910909857916 1.41604278504216 1.9628553024506 1.09356040834956 0.655811074389393
"APETBA" 0.455490668860438 0.873885343619673 2.01857720360954 0.541245788266788 1.21816518023223 0.659916518163757 -0.739365685780242 0.708840008380569 1.46690897265996 0.776116525894131 1.18877937202705 1.21565033005608 0.155089774258236 0.466551981950147 0.610437208012267 -0.189142294735133 1.00075565959281 0.51559208844168 0.70583972179591 -0.0885617223465456 0.101732278117334 0.546185599225236 0.720584656359429 -0.241700142701206 0.735590135154446 0.782321481482495 0.805274326570374 0.363362055548381 1.54431549613261 0.471059211793234 1.44775629986588 0.573482908972335 0.705391635827254 0.913677764147223 1.04945557184195 0.507062853946294 0.646206855746941 0.0323299199529268 -0.336859099132336
"APETTS" 0.0963806737328286 0.00478077230555674 0.244108884661742 -0.368193109075257 0.237754786783806 -0.046550700002122 -0.862867761659137 0.715129927833949 0.889556572721854 0.350627699038528 0.872129121380112 0.102272197656809 0.0509368563970272 0.314211110448034 0.174041935019561 0.307441074713268 0.456881962676629 0.454074839030053 0.194547417983944 -0.222146137015637 -0.149112460208677 -0.153037485110479 -0.0769137284812125 -0.17361319122821 0.536769180600717 0.6643305726084 0.1240778770026 0.225951098072193 0.471059211793234 1.11683123543505 1.09166980263167 0.12992322052058 -0.0937510477669306 0.505293503985056 0.35414086280338 0.567782852599031 0.749880719118333 0.573559876308386 -0.187818470944031
"BAEAM" 1.30345118935139 1.14286877691681 3.05727008763609 -0.25590616985896 1.82577880895618 1.5051047328504 -3.24673799711026 1.60598162774969 3.17872141588341 2.52111771611787 2.71709058867176 1.9434725952704 0.579879027054907 2.29961081321961 0.637132840789991 1.82609686652448 3.1222236513389 2.06414678392114 1.90057097734328 -0.228892715893453 -0.167738825365617 0.411975174348553 0.974305029335039 0.258446177500203 1.49636677773373 0.824513333599477 0.998694791998992 1.43264430952667 1.44775629986588 1.09166980263167 4.17088012657215 0.52447183002309 0.780426319744393 1.68923375777908 1.85887338176739 2.41119340045874 3.44920424005758 2.50231395862644 -0.253560258566862
"EAMZYGO" 0.486865015593706 0.440460853885767 2.88519214564744 -0.0995882963524145 0.407547666939036 1.22478286531916 -1.63348635009039 -0.872844280836891 -0.135462676481967 0.238936007869689 0.245930628088676 0.631637403807677 1.04090391371604 0.472834823697519 -0.0726303393968899 0.0597945086977076 0.796773047701674 0.897591837816772 0.0141029644980365 0.321958956598469 -0.24201472039625 0.835454930125279 0.849460468505214 0.73209920421084 0.236357883817398 -0.95545439122379 0.680385833789606 0.0484766363074059 0.573482908972335 0.12992322052058 0.52447183002309 4.3530482420586 0.566462296388459 -0.156777495061276 3.76384722496519 -1.14712453144801 2.94185391236313 0.899401790850607 0.638313620422747
"ZYGOTSP" 0.737612312595073 0.54473714135674 1.96700321313153 0.578621099299817 0.892143405978243 0.859394941158372 0.537317103861747 -0.186500116580888 1.38227714021803 2.91157126266061 0.908429551563959 1.6370248394468 0.535425844002396 1.13834765319795 -0.137294630570907 2.04573916471429 2.87928366134544 3.228869179429 4.13835871416494 1.03433925860171 0.566517979342122 0.620447184029535 1.81846602406508 0.813098827253517 1.32170129232058 1.3551354503549 0.883705787309762 0.625099292806509 0.705391635827254 -0.0937510477669306 0.780426319744393 0.566462296388459 4.40600702924179 1.73639240284392 -0.542987468498872 0.406423482210671 2.58441225917245 -0.233109848619763 1.16179377510236
"LDAS" 0.501372328109641 1.2825892976265 1.93829169750565 0.470048419480364 1.81819917513706 1.38930586745471 -1.99643785989876 0.839725032006676 2.43974053347306 2.28146701417061 2.13348244227609 1.17695930715674 0.62544655150113 1.88778078063583 1.03435128963851 1.48713983065664 2.01369271335462 1.7047309407988 2.4664534650489 1.01685121306511 -0.1071800084431 -0.204214558669664 0.811770011098162 -0.461070165206324 0.863628512854665 1.2681645290726 1.3354357971177 1.21420185284342 0.913677764147223 0.505293503985056 1.68923375777908 -0.156777495061276 1.73639240284392 4.31239575037781 -0.587647794171036 3.48406884996125 0.99681371870115 -0.501370079564784 0.596950095407699
"BRLD" -0.0703929978849007 -0.926484343782765 2.53124703583085 -1.38408950175534 0.615306031330919 2.38807207846617 -7.11681086533002 -0.969746903783195 0.625875949546621 -1.19495351358046 1.36597141714202 0.954530309721138 -0.28382733520131 1.19883001623397 0.942596112297452 0.896228057010673 1.96637446794788 1.84477951146534 0.350823790866185 1.25402925050006 -1.16267839276128 -0.469235106422635 1.58742801745203 0.204281664321428 0.184324414209453 -2.36627397203597 -0.545124788079507 0.642910909857916 1.04945557184195 0.35414086280338 1.85887338176739 3.76384722496519 -0.542987468498872 -0.587647794171036 13.0801036563285 -2.80997714449453 5.08575007634189 2.32060244130023 0.815483098229248
"OPILD" 0.812934097077486 2.1864016739056 1.95950950335696 0.914633944194348 2.08689336705036 1.10943990332629 -1.89083774622696 1.48637791564793 2.58908977852776 2.66306490946373 2.41571480937849 0.961813580760203 1.03803418813958 2.32580996269854 0.652276651297511 1.46619182026752 1.7854168363699 0.903183678701625 1.51089193260727 -0.548461868659214 -0.0895234443476187 -0.710972560187685 0.143131690605807 -0.587980186071519 0.538644050915594 1.73426176361231 1.098320666942 1.41604278504216 0.507062853946294 0.567782852599031 2.41119340045874 -1.14712453144801 0.406423482210671 3.48406884996125 -2.80997714449453 5.98115306795166 0.346470908129158 0.306065747110119 -1.01124862227498
"PTAS" 1.39048628670238 0.46982220492149 3.16400983211584 -0.64239123845612 1.22773434657282 1.96210370903519 -4.32937505477812 0.0916005165204699 2.072289277248 4.71397614828287 2.61850169790042 2.07848813582515 1.93085970190919 2.90475784705286 -1.35982203775466 3.64009009609398 5.1619983933485 6.00575009754412 4.44930480201069 0.532039463098668 -0.0885382163935206 0.516008393227057 1.79054567610826 1.23330181209524 1.86137408810192 -1.02198204664028 1.07522703664103 1.9628553024506 0.646206855746941 0.749880719118333 3.44920424005758 2.94185391236313 2.58441225917245 0.99681371870115 5.08575007634189 0.346470908129158 10.026699490292 4.02702758928586 2.63305848834396
"JPAS" 1.10390590259687 0.691068023034935 1.39012064154445 -0.577603298743706 0.81497824176854 1.06906793813143 -2.56057615537149 0.536161513697503 1.5447228468644 2.38759640018745 1.34842592978406 1.24609984025414 0.985523895708396 2.39413490569348 0.0916780572453306 1.85048247204851 2.11258141812106 1.97967081840011 1.06529377123037 -0.574741406667145 -0.336924395072959 0.917278786751101 0.566416391958551 0.950570049600615 1.04132697673993 -0.361057971056872 0.166112117593828 1.09356040834956 0.0323299199529268 0.573559876308386 2.50231395862644 0.899401790850607 -0.233109848619763 -0.501370079564784 2.32060244130023 0.306065747110119 4.02702758928586 4.26607562906066 0.517361975580688
"BAOPI" 0.101195248351981 0.342246352848091 0.222963694341927 0.598540581421737 0.370689871207496 0.329898051339157 1.16069077611609 -0.159668302492977 0.22599580151921 1.27166249933236 0.0599127315228918 0.495317857995899 0.795425503416197 0.349625857693522 -0.542032041208294 0.785960435680563 0.960428446339669 1.91339062997447 1.67264250734052 1.27777722855065 0.2186450429997 0.371724354725718 0.315619276492234 0.254404144693274 0.619188773246275 -1.01580387963065 0.841047339303152 0.655811074389393 -0.336859099132336 -0.187818470944031 -0.253560258566862 0.638313620422747 1.16179377510236 0.596950095407699 0.815483098229248 -1.01124862227498 2.63305848834396 0.517361975580688 3.03041966050265
