"" "ISPM" "ISNSL" "ISPNS" "PMZS" "PMZI" "PMMT" "NSLNA" "NSLZS" "NSLZI" "NABR" "NAFM" "NAPNS" "BRPT" "BRAPET" "PTFM" "PTAPET" "PTBA" "PTEAM" "PTZYGO" "PTTSP" "FMZS" "FMMT" "ZSZI" "ZIMT" "ZIZYGO" "ZITSP" "MTPNS" "PNSAPET" "APETBA" "APETTS" "BAEAM" "EAMZYGO" "ZYGOTSP" "LDAS" "BRLD" "OPILD" "PTAS" "JPAS" "BAOPI"
"ISPM" 1.35042775960645 1.44516970982729 3.14880266879789 1.57754992469669 0.972442722260109 1.07182699863121 1.05796820674175 0.803957571904931 1.13508144252457 0.838563208238896 0.145260098011997 0.181717110199027 -0.0231287449035772 -0.281854471977971 0.349937709686189 0.106093193645841 -0.105567146610994 0.0962791117890487 0.621446783303842 0.536994118506978 0.798460382061797 1.13232823711769 1.0961187667146 0.901641876825595 1.18105005728617 1.06194816105271 0.527613665199702 0.3286705701418 0.125806752551088 0.127340986223807 -0.369041589060551 -0.0563500992624365 0.565026303112943 0.230658921164124 -1.11602043606659 -0.037501534607279 -0.687559236493781 -0.86683181310443 -0.457337507680553
"ISNSL" 1.44516970982729 9.01130212478984 11.1962829793033 12.2752140627796 9.02144153916582 5.60896480737297 6.56536158278701 4.4517889348467 4.49783108620526 2.85376289007055 1.90941009371233 4.39852379695844 -1.82562017194734 2.45396833398738 2.50943669333164 3.7799727222896 5.31228607661565 5.69294827904322 5.03080545610913 1.22644275555544 1.17163381105734 6.23764448241902 2.99805712315058 1.82658498522755 6.5209350099886 6.19622419716235 4.55539218100075 3.1880745760676 3.03079574330237 2.62230841703841 3.22959901868933 2.31150520690334 3.47139355517708 1.00242589308367 -1.02623433483195 3.17796775284052 5.71058680750903 1.70535489111045 0.774657741339669
"ISPNS" 3.14880266879789 11.1962829793033 21.2085787518011 19.7400033045361 13.7695095283725 11.3473611024028 11.8985969931453 8.79687975610705 7.68733512756528 4.60318843688172 2.49527232220438 7.29615043729451 -1.52183115555085 4.50565146140088 3.97260381077494 5.58458711057718 7.30314527077549 8.07901807534958 6.88107288518462 2.2522746731372 2.34542875487011 10.7011581720495 5.45391304302115 5.13464099911161 11.2397683270143 9.50658016053169 6.85795238101925 3.23393360072823 5.20822160799919 4.09737276949975 5.18522587461912 3.21420560414246 4.87027771538828 2.80466652419647 -0.890628033631256 4.29600202303437 7.3004484227401 1.92353269781054 0.323676675848929
"PMZS" 1.57754992469669 12.2752140627796 19.7400033045361 25.5330412331005 16.6135130880702 11.6801497995569 16.3037874684352 10.0504235082506 8.2482209115092 3.89713977579811 2.58618538153577 8.19850507353501 -4.53741995783822 5.08426705351423 5.32906946471152 6.84913724656619 8.12416290822137 9.60278634280206 9.18912693320498 2.29434821777354 1.65272755302607 10.9298161802073 5.85397658618438 5.2327856983039 12.1596267979763 12.5719376948839 7.76791431396657 4.19489013020258 5.83337962519697 4.81730760919847 7.243479169145 3.50415422451935 5.01937786719253 2.55530302287641 0.112202651269855 4.81566636247195 9.35475529709427 3.69331399641823 1.44519715012825
"PMZI" 0.972442722260109 9.02144153916582 13.7695095283725 16.6135130880702 13.8030337361235 8.9605809914712 10.8016663731251 7.44226677956078 7.9263809707337 3.78346171190734 3.06358618560979 7.39024422645189 -1.67729045143311 4.82495238715216 3.47452410375084 6.43995944941828 8.29794647518399 8.19826030447424 7.26751108459541 1.46232372752121 1.09316705341258 8.31456336426352 4.47080161209414 2.77787929469776 7.02047786535779 8.63902854113074 5.61642329220342 3.69437045659288 4.72339403293658 3.71917893291987 5.97755929449642 3.11557761153551 4.75682922816303 2.6884510143413 0.996646166138566 4.02183663951118 8.47045372075517 3.47541488855422 1.83420459141198
"PMMT" 1.07182699863121 5.60896480737297 11.3473611024028 11.6801497995569 8.9605809914712 8.58400620011243 7.26304481364797 6.06233374620977 5.23717740043855 3.68797770817846 1.71763182976775 4.79451374154676 -0.284170499977554 4.11270542544833 2.8948521743473 5.11306825796187 5.87185710058678 5.70371887439935 5.19284220088365 2.48378588057097 0.724242208640563 5.81446969945208 2.75299677330365 3.20588693961327 5.37291602509902 4.71791271430488 3.05694159989486 1.84377363421912 3.33738186200228 2.6389742687256 3.81872802612095 1.78806378359507 2.41238864850735 2.16521414700122 2.43971260184988 1.4462705729944 5.61045095690535 1.42862060254492 1.0492289328841
"NSLNA" 1.05796820674175 6.56536158278701 11.8985969931453 16.3037874684352 10.8016663731251 7.26304481364797 15.9522657829877 7.77340821125138 6.65119254964089 3.07670129002 2.6342890090761 6.33026966886183 -0.696796920837418 3.01338372843472 3.84977465037478 3.18222833103668 4.25937072936201 4.33365638402504 3.62518962353068 1.09723864934153 1.85895182033463 6.31971549909245 4.39896732445445 3.8582403669217 7.38308245392789 7.96095800941311 4.59783547025332 3.23105178179779 3.949487231503 3.08080869768232 4.843982495852 1.98927677457975 2.73198697430099 1.04595501148389 1.25047491608015 1.6044822972807 5.21581107534661 1.74761725663222 1.04767808181469
"NSLZS" 0.803957571904931 4.4517889348467 8.79687975610705 10.0504235082506 7.44226677956078 6.06233374620977 7.77340821125138 7.35667812422102 5.61375423514236 5.2739961513267 2.21416138761583 4.08657654339956 -0.133850135896112 3.33743818032077 3.48957215484007 3.65373942254011 4.48067707913554 5.38235906250677 4.16864181574758 1.80923395819536 -0.0338254124350067 5.88886614441998 1.29037861156173 4.08768414308987 4.62159050781398 5.25410994506051 3.11798252284792 2.44998017106228 3.02042238554956 2.594574226123 3.87264116605715 3.43744242961918 1.903140055428 1.08253450423388 0.591100727186369 0.982880242894654 6.00894933011344 0.804419645943515 0.697234528221208
"NSLZI" 1.13508144252457 4.49783108620526 7.68733512756528 8.2482209115092 7.9263809707337 5.23717740043855 6.65119254964089 5.61375423514236 7.27665413375923 5.4661742007202 2.41014029015211 3.84173614275441 0.604205558507383 3.80366570319887 3.15064354999111 4.56877802085607 5.71078035745736 5.26090930856154 4.97015637792358 1.56406943325299 0.968866929978357 5.59736335639971 3.38799684038625 3.5141115887082 2.68429434044122 5.60360941968129 2.77917130744214 2.18075933482499 2.81792194411656 2.25249244341811 3.62402845478855 2.31172731816147 3.12955377858492 1.61118099260332 1.8814617967641 1.37412080343815 6.03720856408075 1.27522665599774 1.30356824945784
"NABR" 0.838563208238896 2.85376289007055 4.60318843688172 3.89713977579811 3.78346171190734 3.68797770817846 3.07670129002 5.2739961513267 5.4661742007202 12.4739005639576 1.85782425646875 0.758320433488814 3.17677613667293 3.54740358126239 3.10808304888289 5.18922259285912 5.94740175563622 5.93516937744271 5.36094933073139 3.69868596960416 1.08560510454771 5.49247308526633 1.07988903940936 3.62400445186596 -0.012987255333054 2.90231811952445 1.22991368299928 1.33369224080733 1.14081215645235 1.22454345549996 1.80691743973837 2.73849085536358 1.89265802386379 0.317613034219694 -1.26009258753201 -1.48266149575659 6.02377445454428 -1.40145292879126 1.4736243561119
"NAFM" 0.145260098011997 1.90941009371233 2.49527232220438 2.58618538153577 3.06358618560979 1.71763182976775 2.6342890090761 2.21416138761583 2.41014029015211 1.85782425646875 1.86989664558751 2.57366520871336 0.634945130555791 1.32493301465731 1.00893018123924 1.47448179315768 2.27120490130832 1.93253036319614 1.42535749573982 0.0636889444182463 0.462556503434546 2.56035709996348 0.647764676135249 0.519514830955008 1.36541419893631 1.83417441608739 1.30548126582089 1.10935125139845 1.32077688055997 0.948671327380473 1.79422850729144 1.08462525040885 1.56376483339201 0.902556423664266 -0.104675851995504 0.964023665238602 2.47411428894729 1.20005626448151 0.614806995865969
"NAPNS" 0.181717110199027 4.39852379695844 7.29615043729451 8.19850507353501 7.39024422645189 4.79451374154676 6.33026966886183 4.08657654339956 3.84173614275441 0.758320433488814 2.57366520871336 6.05417457224697 -0.26171379317135 2.94002132953929 1.86315788922756 3.05749330455565 4.38679620651856 3.83524206668017 2.66853275572462 0.0110549834544225 0.678370477461405 5.51599383574099 2.02762961877106 0.932376089938094 4.53837125368972 4.03874591156741 3.36057143035141 1.44999623209533 2.92712242338199 2.18675043387892 4.07383407425402 1.40827075477538 2.96585044652686 1.6743669085744 0.57623156823102 2.98796143518963 4.38523404113792 3.56644926263132 0.858614133775246
"BRPT" -0.0231287449035772 -1.82562017194734 -1.52183115555085 -4.53741995783822 -1.67729045143311 -0.284170499977554 -0.696796920837418 -0.133850135896112 0.604205558507383 3.17677613667293 0.634945130555791 -0.26171379317135 4.84399773039731 0.899347504148944 -0.911786864749844 -0.410317773504728 0.893826734036728 -0.857361568220577 -2.64167569417654 -0.0895794117225255 0.377185070284065 -0.856231313613044 -0.442511855934045 -0.533730962264822 -2.83612077422806 -2.99341218753544 -1.46437329565783 -0.584776390135516 0.00152749443430511 -0.371220254227649 -0.490189856457106 0.415168170116145 -0.725413850424908 -0.657408987060596 1.10685454651448 -1.47967757941915 0.684300630395058 -0.530830851010076 0.279625228033315
"BRAPET" -0.281854471977971 2.45396833398738 4.50565146140088 5.08426705351423 4.82495238715216 4.11270542544833 3.01338372843472 3.33743818032077 3.80366570319887 3.54740358126239 1.32493301465731 2.94002132953929 0.899347504148944 4.60157718125649 2.54165011543691 4.3037415845158 5.25565034171624 4.5828749631608 3.66359347257557 1.76381208739008 -0.101410638229851 3.9169857362392 1.56887628793003 2.10411592827512 2.00670309133631 2.59798062839717 1.74691200160108 0.55714111744605 2.33690208606461 1.96532846497003 3.06302830031339 2.01192345953212 1.89780420711838 0.692019230030803 3.69759178372591 1.25646354662109 5.86788839825737 2.42236556153618 1.21656412738196
"PTFM" 0.349937709686189 2.50943669333164 3.97260381077494 5.32906946471152 3.47452410375084 2.8948521743473 3.84977465037478 3.48957215484007 3.15064354999111 3.10808304888289 1.00893018123924 1.86315788922756 -0.911786864749844 2.54165011543691 4.02086934168579 2.72349911656722 2.38153361610407 2.9679476144329 3.60080201646269 1.87412710190044 0.0282940672374868 3.4521937736951 1.20318637950173 2.85909409811315 3.01647157540007 3.92762686979987 1.6657105439034 1.13905726933339 1.32653806960705 1.77530188220214 2.28418034757886 1.4958008666356 1.70505005378085 0.330510160158894 1.96128496854948 0.206319881327956 3.29713074469436 0.881521406171948 0.842355348409037
"PTAPET" 0.106093193645841 3.7799727222896 5.58458711057718 6.84913724656619 6.43995944941828 5.11306825796187 3.18222833103668 3.65373942254011 4.56877802085607 5.18922259285912 1.47448179315768 3.05749330455565 -0.410317773504728 4.3037415845158 2.72349911656722 6.92934383095068 6.68289128602151 6.2624341536802 6.88134913309903 3.22352258932796 0.640328128618288 5.17558836398458 2.27677856798608 2.43969832139701 2.00644217745589 3.79966784577834 2.09770014085769 0.847687776896456 1.66246231897577 1.83647821992291 2.89753303033824 1.05433861305169 2.97455086980394 2.1270815047869 2.25000105198177 0.706841517037355 5.46137275602995 1.38787563776818 1.79042232507865
"PTBA" -0.105567146610994 5.31228607661565 7.30314527077549 8.12416290822137 8.29794647518399 5.87185710058678 4.25937072936201 4.48067707913554 5.71078035745736 5.94740175563622 2.27120490130832 4.38679620651856 0.893826734036728 5.25565034171624 2.38153361610407 6.68289128602151 8.9921431004693 7.88948726886601 6.40278497790284 2.58408375903841 0.414609667712211 6.11327062877662 2.5197465190286 2.13326248388137 3.01112656802961 3.92646299131539 3.22247728187847 1.94148731370523 3.39129895559957 2.52461053528775 4.53484081788516 2.22560443436103 3.67591624959554 2.00933612482742 2.79724471697084 2.71693225672245 8.95356274361603 2.41394574163925 1.90125405910977
"PTEAM" 0.0962791117890487 5.69294827904322 8.07901807534958 9.60278634280206 8.19826030447424 5.70371887439935 4.33365638402504 5.38235906250677 5.26090930856154 5.93516937744271 1.93253036319614 3.83524206668017 -0.857361568220577 4.5828749631608 2.9679476144329 6.2624341536802 7.88948726886601 8.99915449081506 7.38494430436962 3.30486491945475 0.0112537433211159 6.54252284827318 1.9176423767498 2.67534765304034 4.90994694714824 4.8173436176541 3.7262157471274 2.67159557235674 3.12915162931106 2.80218271078255 4.07021160469547 3.25026513607475 3.44182576720757 1.66204010350028 2.08586469730464 2.83497721311218 9.51006902855991 1.56477713182411 1.74845031970674
"PTZYGO" 0.621446783303842 5.03080545610913 6.88107288518462 9.18912693320498 7.26751108459541 5.19284220088365 3.62518962353068 4.16864181574758 4.97015637792358 5.36094933073139 1.42535749573982 2.66853275572462 -2.64167569417654 3.66359347257557 3.60080201646269 6.88134913309903 6.40278497790284 7.38494430436962 9.44935371562511 3.83294364335201 0.79121291269108 5.96478550095855 2.71218125411455 2.87710794171667 3.76952884382668 5.76570526092915 3.0937192825228 2.10692524964942 1.92743141244138 2.23403853837848 3.10611532231241 1.68727440947553 4.20941334250445 2.44533249739109 0.584456838719582 1.67979765180459 5.95562664706565 1.00952075907527 1.51205153167006
"PTTSP" 0.536994118506978 1.22644275555544 2.2522746731372 2.29434821777354 1.46232372752121 2.48378588057097 1.09723864934153 1.80923395819536 1.56406943325299 3.69868596960416 0.0636889444182463 0.0110549834544225 -0.0895794117225255 1.76381208739008 1.87412710190044 3.22352258932796 2.58408375903841 3.30486491945475 3.83294364335201 4.84403921463167 0.122988479258229 1.42269436250243 0.76672068821791 1.6577702691251 1.54040930845463 -0.109183551306132 -0.0424657184548998 0.762618904531302 0.433499971634785 0.942034801780724 0.136657563716259 0.489197115220128 0.474880670725545 0.662025372184612 2.20790200637118 -0.626918461954779 2.29962490841424 -1.43161393718117 0.4172139154942
"FMZS" 0.798460382061797 1.17163381105734 2.34542875487011 1.65272755302607 1.09316705341258 0.724242208640563 1.85895182033463 -0.0338254124350067 0.968866929978357 1.08560510454771 0.462556503434546 0.678370477461405 0.377185070284065 -0.101410638229851 0.0282940672374868 0.640328128618288 0.414609667712211 0.0112537433211159 0.79121291269108 0.122988479258229 1.83117209285977 1.53256823527528 1.85165760671933 0.330261339962034 0.869936341760769 1.25139490636739 0.630512561164657 -0.175152071888621 -0.035849124510114 -0.101004762312122 -0.160558306714298 -1.09996095645447 0.980153433968403 0.765648529712435 -1.17925934063054 0.166040169555383 -0.6287860404895 -0.110858520471517 0.21689468140076
"FMMT" 1.13232823711769 6.23764448241902 10.7011581720495 10.9298161802073 8.31456336426352 5.81446969945208 6.31971549909245 5.88886614441998 5.59736335639971 5.49247308526633 2.56035709996348 5.51599383574099 -0.856231313613044 3.9169857362392 3.4521937736951 5.17558836398458 6.11327062877662 6.54252284827318 5.96478550095855 1.42269436250243 1.53256823527528 9.3712496463416 2.94012125175025 3.80617112356264 5.8210004819909 6.76088994574872 4.75437704227693 1.14089553618012 2.97797712351355 2.61668659746553 4.50853625958649 2.03586706569861 4.07784115140336 1.94955852165953 -1.68288547391344 3.26743007625142 6.31729197885183 2.90004190146772 0.884051677031516
"ZSZI" 1.0961187667146 2.99805712315058 5.45391304302115 5.85397658618438 4.47080161209414 2.75299677330365 4.39896732445445 1.29037861156173 3.38799684038625 1.07988903940936 0.647764676135249 2.02762961877106 -0.442511855934045 1.56887628793003 1.20318637950173 2.27677856798608 2.5197465190286 1.9176423767498 2.71218125411455 0.76672068821791 1.85165760671933 2.94012125175025 3.96774137197677 1.36578014894232 2.45256639312538 3.55566904635468 1.71081741100378 0.314651586557271 1.29486721041079 0.862898913986619 1.39623126442159 -0.736967831159192 2.19646842869318 1.29676896006795 1.28067525142103 1.33342520515319 1.54274577699574 1.07193897847726 0.620619415693782
"ZIMT" 0.901641876825595 1.82658498522755 5.13464099911161 5.2327856983039 2.77787929469776 3.20588693961327 3.8582403669217 4.08768414308987 3.5141115887082 3.62400445186596 0.519514830955008 0.932376089938094 -0.533730962264822 2.10411592827512 2.85909409811315 2.43969832139701 2.13326248388137 2.67534765304034 2.87710794171667 1.6577702691251 0.330261339962034 3.80617112356264 1.36578014894232 4.73593479585353 2.58341931689936 3.56696874923646 1.51736239748642 0.261658075007704 1.22615588667503 1.26475462643037 1.71701458760652 1.09129133024076 0.767483624288538 0.562342920504508 1.47509161063834 -0.159322591015088 2.77666162274552 -0.523253926080551 0.0279660727821835
"ZIZYGO" 1.18105005728617 6.5209350099886 11.2397683270143 12.1596267979763 7.02047786535779 5.37291602509902 7.38308245392789 4.62159050781398 2.68429434044122 -0.012987255333054 1.36541419893631 4.53837125368972 -2.83612077422806 2.00670309133631 3.01647157540007 2.00644217745589 3.01112656802961 4.90994694714824 3.76952884382668 1.54040930845463 0.869936341760769 5.8210004819909 2.45256639312538 2.58341931689936 9.98090434089691 5.75343377971249 4.59731118532819 2.70813364037112 3.05760953616903 2.58463279454598 3.49736937959169 1.69826114019041 2.58935530550255 0.865085127984621 0.336015886620832 4.02938146806742 5.21245356031208 1.83870708995156 -0.0985025730882162
"ZITSP" 1.06194816105271 6.19622419716235 9.50658016053169 12.5719376948839 8.63902854113074 4.71791271430488 7.96095800941311 5.25410994506051 5.60360941968129 2.90231811952445 1.83417441608739 4.03874591156741 -2.99341218753544 2.59798062839717 3.92762686979987 3.79966784577834 3.92646299131539 4.8173436176541 5.76570526092915 -0.109183551306132 1.25139490636739 6.76088994574872 3.55566904635468 3.56696874923646 5.75343377971249 9.40350034442417 4.75012852752417 2.17047129093285 2.56789610808394 2.43673312355407 4.13147794664285 2.2430479622787 3.85347660347501 1.19536634335203 -1.68430475666433 2.62314372720115 4.45134411731041 2.33492788142348 0.993167736868196
"MTPNS" 0.527613665199702 4.55539218100075 6.85795238101925 7.76791431396657 5.61642329220342 3.05694159989486 4.59783547025332 3.11798252284792 2.77917130744214 1.22991368299928 1.30548126582089 3.36057143035141 -1.46437329565783 1.74691200160108 1.6657105439034 2.09770014085769 3.22247728187847 3.7262157471274 3.0937192825228 -0.0424657184548998 0.630512561164657 4.75437704227693 1.71081741100378 1.51736239748642 4.59731118532819 4.75012852752417 3.62692460062097 1.66144115056236 2.20176297237664 1.75173911484272 2.83388757191939 1.79895517391241 2.60769235351267 0.721904022828461 -1.57324207237858 2.94266897176807 3.86656179221624 1.85828189067833 0.255928356246007
"PNSAPET" 0.3286705701418 3.1880745760676 3.23393360072823 4.19489013020258 3.69437045659288 1.84377363421912 3.23105178179779 2.44998017106228 2.18075933482499 1.33369224080733 1.10935125139845 1.44999623209533 -0.584776390135516 0.55714111744605 1.13905726933339 0.847687776896456 1.94148731370523 2.67159557235674 2.10692524964942 0.762618904531302 -0.175152071888621 1.14089553618012 0.314651586557271 0.261658075007704 2.70813364037112 2.17047129093285 1.66144115056236 3.15294957672763 1.37921785230693 1.25710668349898 1.40846581050053 2.18153431804513 1.25429865689519 0.0302933289453638 -0.166783742878069 1.26378252990046 3.48258941874244 -0.116398248728731 0.35183756034444
"APETBA" 0.125806752551088 3.03079574330237 5.20822160799919 5.83337962519697 4.72339403293658 3.33738186200228 3.949487231503 3.02042238554956 2.81792194411656 1.14081215645235 1.32077688055997 2.92712242338199 0.00152749443430511 2.33690208606461 1.32653806960705 1.66246231897577 3.39129895559957 3.12915162931106 1.92743141244138 0.433499971634785 -0.035849124510114 2.97797712351355 1.29486721041079 1.22615588667503 3.05760953616903 2.56789610808394 2.20176297237664 1.37921785230693 2.76726964263292 1.74848088081537 2.8157709682193 1.8437791415309 1.74962384446128 1.06897441476069 1.21153602883143 2.25773247489297 4.20633784370542 1.65129012831678 0.374147616954015
"APETTS" 0.127340986223807 2.62230841703841 4.09737276949975 4.81730760919847 3.71917893291987 2.6389742687256 3.08080869768232 2.594574226123 2.25249244341811 1.22454345549996 0.948671327380473 2.18675043387892 -0.371220254227649 1.96532846497003 1.77530188220214 1.83647821992291 2.52461053528775 2.80218271078255 2.23403853837848 0.942034801780724 -0.101004762312122 2.61668659746553 0.862898913986619 1.26475462643037 2.58463279454598 2.43673312355407 1.75173911484272 1.25710668349898 1.74848088081537 1.88404641655222 2.15213248614094 2.19450147565354 1.71130256458863 0.608985287605624 1.21111877947705 1.32753551340775 3.46536307928397 1.35633553633257 0.543073872140632
"BAEAM" -0.369041589060551 3.22959901868933 5.18522587461912 7.243479169145 5.97755929449642 3.81872802612095 4.843982495852 3.87264116605715 3.62402845478855 1.80691743973837 1.79422850729144 4.07383407425402 -0.490189856457106 3.06302830031339 2.28418034757886 2.89753303033824 4.53484081788516 4.07021160469547 3.10611532231241 0.136657563716259 -0.160558306714298 4.50853625958649 1.39623126442159 1.71701458760652 3.49736937959169 4.13147794664285 2.83388757191939 1.40846581050053 2.8157709682193 2.15213248614094 4.59368922331148 1.77858322008959 2.49749225380893 1.32177206518312 1.03428287771882 2.95696520970793 5.58842333714582 3.29330211998169 0.86025494656843
"EAMZYGO" -0.0563500992624365 2.31150520690334 3.21420560414246 3.50415422451935 3.11557761153551 1.78806378359507 1.98927677457975 3.43744242961918 2.31172731816147 2.73849085536358 1.08462525040885 1.40827075477538 0.415168170116145 2.01192345953212 1.4958008666356 1.05433861305169 2.22560443436103 3.25026513607475 1.68727440947553 0.489197115220128 -1.09996095645447 2.03586706569861 -0.736967831159192 1.09129133024076 1.69826114019041 2.2430479622787 1.79895517391241 2.18153431804513 1.8437791415309 2.19450147565354 1.77858322008959 5.37674472112415 1.57167857640479 -0.892150815263891 -0.404639352971906 0.861151953453025 4.35878055532739 0.843830298744909 0.164675918859904
"ZYGOTSP" 0.565026303112943 3.47139355517708 4.87027771538828 5.01937786719253 4.75682922816303 2.41238864850735 2.73198697430099 1.903140055428 3.12955377858492 1.89265802386379 1.56376483339201 2.96585044652686 -0.725413850424908 1.89780420711838 1.70505005378085 2.97455086980394 3.67591624959554 3.44182576720757 4.20941334250445 0.474880670725545 0.980153433968403 4.07784115140336 2.19646842869318 0.767483624288538 2.58935530550255 3.85347660347501 2.60769235351267 1.25429865689519 1.74962384446128 1.71130256458863 2.49749225380893 1.57167857640479 4.04174941244903 1.63019230952551 -0.754895186164805 2.12598715098807 2.98425117675261 1.91832734008187 0.681949257599527
"LDAS" 0.230658921164124 1.00242589308367 2.80466652419647 2.55530302287641 2.6884510143413 2.16521414700122 1.04595501148389 1.08253450423388 1.61118099260332 0.317613034219694 0.902556423664266 1.6743669085744 -0.657408987060596 0.692019230030803 0.330510160158894 2.1270815047869 2.00933612482742 1.66204010350028 2.44533249739109 0.662025372184612 0.765648529712435 1.94955852165953 1.29676896006795 0.562342920504508 0.865085127984621 1.19536634335203 0.721904022828461 0.0302933289453638 1.06897441476069 0.608985287605624 1.32177206518312 -0.892150815263891 1.63019230952551 3.45333343754071 0.220316947873898 1.07812859881953 0.736901726961808 0.396145973616889 0.703892848073198
"BRLD" -1.11602043606659 -1.02623433483195 -0.890628033631256 0.112202651269855 0.996646166138566 2.43971260184988 1.25047491608015 0.591100727186369 1.8814617967641 -1.26009258753201 -0.104675851995504 0.57623156823102 1.10685454651448 3.69759178372591 1.96128496854948 2.25000105198177 2.79724471697084 2.08586469730464 0.584456838719582 2.20790200637118 -1.17925934063054 -1.68288547391344 1.28067525142103 1.47509161063834 0.336015886620832 -1.68430475666433 -1.57324207237858 -0.166783742878069 1.21153602883143 1.21111877947705 1.03428287771882 -0.404639352971906 -0.754895186164805 0.220316947873898 12.9638683678089 -1.01834022022305 4.905825449802 0.896094103474498 1.80422439092517
"OPILD" -0.037501534607279 3.17796775284052 4.29600202303437 4.81566636247195 4.02183663951118 1.4462705729944 1.6044822972807 0.982880242894654 1.37412080343815 -1.48266149575659 0.964023665238602 2.98796143518963 -1.47967757941915 1.25646354662109 0.206319881327956 0.706841517037355 2.71693225672245 2.83497721311218 1.67979765180459 -0.626918461954779 0.166040169555383 3.26743007625142 1.33342520515319 -0.159322591015088 4.02938146806742 2.62314372720115 2.94266897176807 1.26378252990046 2.25773247489297 1.32753551340775 2.95696520970793 0.861151953453025 2.12598715098807 1.07812859881953 -1.01834022022305 4.84997017853132 4.01531156643747 3.08416575291979 -0.118312520599034
"PTAS" -0.687559236493781 5.71058680750903 7.3004484227401 9.35475529709427 8.47045372075517 5.61045095690535 5.21581107534661 6.00894933011344 6.03720856408075 6.02377445454428 2.47411428894729 4.38523404113792 0.684300630395058 5.86788839825737 3.29713074469436 5.46137275602995 8.95356274361603 9.51006902855991 5.95562664706565 2.29962490841424 -0.6287860404895 6.31729197885183 1.54274577699574 2.77666162274552 5.21245356031208 4.45134411731041 3.86656179221624 3.48258941874244 4.20633784370542 3.46536307928397 5.58842333714582 4.35878055532739 2.98425117675261 0.736901726961808 4.905825449802 4.01531156643747 13.3530297618471 3.15272735634842 2.1666960325995
"JPAS" -0.86683181310443 1.70535489111045 1.92353269781054 3.69331399641823 3.47541488855422 1.42862060254492 1.74761725663222 0.804419645943515 1.27522665599774 -1.40145292879126 1.20005626448151 3.56644926263132 -0.530830851010076 2.42236556153618 0.881521406171948 1.38787563776818 2.41394574163925 1.56477713182411 1.00952075907527 -1.43161393718117 -0.110858520471517 2.90004190146772 1.07193897847726 -0.523253926080551 1.83870708995156 2.33492788142348 1.85828189067833 -0.116398248728731 1.65129012831678 1.35633553633257 3.29330211998169 0.843830298744909 1.91832734008187 0.396145973616889 0.896094103474498 3.08416575291979 3.15272735634842 4.9749748167345 0.611257490272859
"BAOPI" -0.457337507680553 0.774657741339669 0.323676675848929 1.44519715012825 1.83420459141198 1.0492289328841 1.04767808181469 0.697234528221208 1.30356824945784 1.4736243561119 0.614806995865969 0.858614133775246 0.279625228033315 1.21656412738196 0.842355348409037 1.79042232507865 1.90125405910977 1.74845031970674 1.51205153167006 0.4172139154942 0.21689468140076 0.884051677031516 0.620619415693782 0.0279660727821835 -0.0985025730882162 0.993167736868196 0.255928356246007 0.35183756034444 0.374147616954015 0.543073872140632 0.86025494656843 0.164675918859904 0.681949257599527 0.703892848073198 1.80422439092517 -0.118312520599034 2.1666960325995 0.611257490272859 1.35956050703078
