"" "ISPM" "ISNSL" "ISPNS" "PMZS" "PMZI" "PMMT" "NSLNA" "NSLZS" "NSLZI" "NABR" "NAFM" "NAPNS" "BRPT" "BRAPET" "PTFM" "PTAPET" "PTBA" "PTEAM" "PTZYGO" "PTTSP" "FMZS" "FMMT" "ZSZI" "ZIMT" "ZIZYGO" "ZITSP" "MTPNS" "PNSAPET" "APETBA" "APETTS" "BAEAM" "EAMZYGO" "ZYGOTSP" "LDAS" "BRLD" "OPILD" "PTAS" "JPAS" "BAOPI"
"ISPM" 1.57938410946058 2.37126662959253 3.56414212847785 3.2742976419885 2.09292244679797 1.04445104111779 3.43184734550081 1.9177816067981 1.49204366739467 1.21375244221113 0.590083222503058 1.76249552452162 -0.0881322157484914 0.0654908703566794 0.690986031037574 0.261073808843436 0.359271101492292 0.643887387463035 1.43220453915415 0.358825300480041 0.448223296269525 2.55724484962266 0.858527453349346 1.22270567684108 0.878331578864138 1.25599183060691 1.28750581106481 0.403183121930159 0.70318717559385 0.292789062739404 0.802917118582226 0.370963399540842 1.49574426817408 0.503016072824556 -0.835465003597011 0.346363809890677 0.510498188956301 0.552275218558977 0.0379631304953744
"ISNSL" 2.37126662959253 8.28419717795642 8.40837909170167 7.90151391943744 4.97812956014686 2.50726852346477 5.53665751275927 2.08234675684732 1.55797189695774 0.629102288068215 2.09310083292188 4.36914991571121 -0.722238943099763 -0.138719349675549 1.62832764604712 0.485468947394429 0.911651513940841 1.6427595797254 2.8801159424991 1.0643196067497 1.08685296981359 5.77296412287388 1.1516113591777 2.9746561730696 2.63646744134269 2.33623614677304 3.56950467935873 1.14276197935506 1.29326236140858 0.575719708340288 1.50055034827097 1.94785777954166 2.56889238962267 1.11338338448465 -0.523666250928567 1.51251618491454 1.56562281434134 0.544254923535769 0.486966969415854
"ISPNS" 3.56414212847785 8.40837909170167 16.4983776832508 15.6195972436945 10.5336162028697 5.79797376507939 14.7945736071385 8.38941658942175 6.37241104607468 3.68513009448652 4.15294395242484 8.94932742279288 0.885640475091178 2.8668985353911 2.96358850976193 2.24348043580544 3.64063433752415 4.25127062808282 6.26487343715534 1.21565645947048 2.78794157663448 11.2932604701467 4.96864698890406 4.98420948316218 4.66952376194707 5.767270920988 7.16245931965163 1.3998602960544 3.39938374460484 1.34869017920818 3.86388197545189 4.4471111144676 5.74919057495614 2.85193785584957 0.433823507077649 3.84220909638187 4.13581428965356 2.93992595226299 0.278752636308329
"PMZS" 3.2742976419885 7.90151391943744 15.6195972436945 22.0067434172788 12.7873940110785 5.90126531134274 21.5729185074523 12.2028954744184 6.70800165918932 5.18507028107542 3.97633644838249 9.6128584403618 0.85603491488046 3.54689176165311 3.79210881128553 2.29653783646858 3.53706586536297 4.67886935985406 8.58074281924713 2.22254053256306 3.47303903188677 14.3545653273546 6.19485718265716 5.86676988975628 5.3379264758596 7.70905687847658 7.64247457906023 2.46033663251477 3.83641057044916 2.13174218336981 4.56002860081654 5.15738739502726 7.75467271445046 3.80531671106679 0.0243835808834536 4.18521755828303 3.77941072523897 3.29773331925402 0.549390564569496
"PMZI" 2.09292244679797 4.97812956014686 10.5336162028697 12.7873940110785 10.7708433889186 4.52894680587096 11.5403509847258 7.65118491662008 7.0286290462672 2.98380552699959 2.60043341568645 4.88120124970713 0.372338338855497 2.20171526755122 2.05488333167062 1.45576282146234 2.50161705339121 3.16473065554634 5.08686187410431 1.11690327402857 1.53866879764837 7.60466975362148 4.42136405770595 3.54634593339772 1.73914892941 3.65229595338743 4.95530731339807 1.94339257527904 2.59003998577924 1.34589494209706 2.87707737668145 2.96985459868563 4.77938586510237 2.07708820183908 1.1170151344396 2.20226722353537 2.9721558934903 2.33714192294741 0.552309654423578
"PMMT" 1.04445104111779 2.50726852346477 5.79797376507939 5.90126531134274 4.52894680587096 3.97133307793267 5.07282692599324 3.45999674889395 3.11432647217668 1.1571002693091 2.35661716625256 4.02563378484532 0.82877180185974 1.95835086479293 1.15771451912521 0.874958348076161 1.78531286451685 1.99975284153556 2.32858213690292 -0.0617937791624061 0.807694244738179 3.89142926054066 2.32328229640823 1.51132126952089 2.41551837199508 2.59196309757557 1.89931299152961 1.29772312614097 1.50290446827453 0.813211640711616 1.6511789051743 1.64689277589312 2.16927557660547 1.42422716237372 2.25898993653353 1.86847764394758 2.56942312264875 1.79761743949085 0.416310555402346
"NSLNA" 3.43184734550081 5.53665751275927 14.7945736071385 21.5729185074523 11.5403509847258 5.07282692599324 28.1281722329275 14.3804221983099 7.80135141941084 4.49108322754498 3.80234435876872 11.1460198948804 0.412247073163503 3.99794141398504 3.00642089854202 2.40121909268168 3.46193420798439 5.469602178358 9.42262867816549 0.70260866793437 4.71021873153369 14.9580035412057 6.94761347239134 5.72284470001467 4.61498404958358 9.5185792398228 7.24556939947686 1.99148511570522 3.80774211562259 1.85760991353363 4.69779428712936 5.03766846686958 8.27307080944563 4.70121791184982 -0.815112005687036 5.1731192540251 3.83006045826346 3.53356428530712 0.44996315605123
"NSLZS" 1.9177816067981 2.08234675684732 8.38941658942175 12.2028954744184 7.65118491662008 3.45999674889395 14.3804221983099 9.79309226904693 6.23433589108317 3.29125009635245 2.28648224260933 5.26157722273718 0.954851941510322 2.82254297983292 1.76126330741698 1.30101659888419 2.03810571637461 2.58347578651918 4.8882210938194 0.97418298630913 1.22737983031012 7.84997845093349 3.9496606674681 3.03639477567503 2.14960941588914 4.45249354886002 3.9837208100107 1.32960825860596 2.38332057413645 1.32521153195635 2.91690803367116 2.61887405198018 4.75212866100975 2.21047010676093 0.829723100479527 2.34324197780908 2.40403228607966 2.43084817519371 0.285685902945579
"NSLZI" 1.49204366739467 1.55797189695774 6.37241104607468 6.70800165918932 7.0286290462672 3.11432647217668 7.80135141941084 6.23433589108317 7.76147493318692 2.02624268031313 1.93834816226952 2.80266889161638 0.819914583880673 1.82380313630226 0.772170362876047 0.646817571211562 1.60027112462165 1.59586273346341 2.83042068249533 0.347261185165609 0.849782817464582 4.27451069292656 4.47263844522901 1.96283152746043 0.20557983048435 2.60107372664569 2.763950281104 0.961094506542254 1.92556575727668 0.907925458506665 2.25497784014784 1.16330565679159 3.49056891188853 1.74616698498049 1.52701170087982 1.39862495578862 2.13862045286835 2.31923607051578 0.175568683485711
"NABR" 1.21375244221113 0.629102288068215 3.68513009448652 5.18507028107542 2.98380552699959 1.1571002693091 4.49108322754498 3.29125009635245 2.02624268031313 10.9278503212273 1.24753791586147 3.17135731962504 4.08911233662518 3.74940418413658 2.52327987838323 1.94306383411086 2.0278749191494 1.49235549554622 2.8449563404341 0.532182949246842 1.48815683757896 6.00673867501666 1.64751572783668 2.3453177510352 2.61623816134111 3.19334744067622 2.90447236188684 0.624803289631265 1.37846977963373 1.13945788517938 2.0055187128002 1.82261443627353 2.87301865296597 1.57866289420531 -2.48302081334054 1.07830135649936 2.07418704708328 2.22107151854384 0.0659096794924823
"NAFM" 0.590083222503058 2.09310083292188 4.15294395242484 3.97633644838249 2.60043341568645 2.35661716625256 3.80234435876872 2.28648224260933 1.93834816226952 1.24753791586147 3.159637769531 4.1207534729093 0.580340900625269 1.83953270716131 0.950199602433808 0.9436879787816 1.35606230324596 1.56051768310781 2.3710598702157 0.746103579124299 1.47137434429409 3.99317471904416 1.47479149582717 1.46291337160973 2.49519856024419 2.25163593101552 2.12955914981775 0.865616103406112 1.09249809618652 0.713764325005171 1.57187691450695 1.60072752096192 2.32144968837827 1.94997882931701 1.77165533941633 2.5790519012605 2.03280949180901 1.84074832614276 0.395181258699629
"NAPNS" 1.76249552452162 4.36914991571121 8.94932742279288 9.6128584403618 4.88120124970713 4.02563378484532 11.1460198948804 5.26157722273718 2.80266889161638 3.17135731962504 4.1207534729093 9.99410119572557 1.06871392784781 3.61253432008895 3.1614011517478 2.41308009552789 3.04215046959199 3.40905247783796 5.06050196709878 0.416045831733767 2.69600387408217 10.3154490442991 3.22507988383657 3.74042952070702 4.76178007185496 5.91990622192223 4.31296256006983 1.82128159669808 2.24257372934168 0.744591612248734 3.17953679430518 4.02866357001774 4.16548880839029 3.77821455620384 1.75821754206554 4.6206691435408 3.88714116095444 3.27355007390903 0.72427706969246
"BRPT" -0.0881322157484914 -0.722238943099763 0.885640475091178 0.85603491488046 0.372338338855497 0.82877180185974 0.412247073163503 0.954851941510322 0.819914583880673 4.08911233662518 0.580340900625269 1.06871392784781 6.3450155743896 2.94654566684059 -1.21510470473761 -1.81867994143917 -0.764486524424518 -0.922768895681557 -2.91889349333474 -3.32620516283094 -0.0294703994279813 1.85857681705167 0.598619543994794 0.628395466706492 1.09877755166491 0.229113764322421 0.886170572661843 -0.347583564408756 0.0900761621806303 0.508714891116799 1.04685581743228 0.167365044519091 -0.974967111445607 1.5869485839995 1.51512630019667 1.02065711081427 1.31001591424079 -0.357036752168871 -0.0173049042394089
"BRAPET" 0.0654908703566794 -0.138719349675549 2.8668985353911 3.54689176165311 2.20171526755122 1.95835086479293 3.99794141398504 2.82254297983292 1.82380313630226 3.74940418413658 1.83953270716131 3.61253432008895 2.94654566684059 4.86151816886673 0.604147055852005 1.68682718104976 1.89407187449205 1.32930537970617 1.43845871901293 -0.230108366237953 1.21131785924296 4.21918097018517 1.82420277432369 1.28299028399649 1.89921320759581 1.88041162469644 1.67192695984829 -0.0684654112967709 1.29612119495016 0.715971235296521 1.79279520916994 1.53903885484949 0.881758013183745 2.61482850619391 1.28347762866489 3.89608588410798 1.81234334338332 2.35842095036115 0.38930634375475
"PTFM" 0.690986031037574 1.62832764604712 2.96358850976193 3.79210881128553 2.05488333167062 1.15771451912521 3.00642089854202 1.76126330741698 0.772170362876047 2.52327987838323 0.950199602433808 3.1614011517478 -1.21510470473761 0.604147055852005 4.95966586737297 2.05920849704739 1.29025650900352 0.370238374947293 2.95403993292423 2.99215910005496 0.222690524175105 4.06007032077854 1.1679471450905 1.81430969963645 2.02981837477714 2.52579803418809 1.58646265526387 1.56735971329634 0.673018518778391 0.276781472249322 0.818119939858171 2.66878800039039 2.16639737295341 0.614655514630887 0.000297887179844187 0.658432460075973 0.43854136403662 2.03105404662388 0.429669385576815
"PTAPET" 0.261073808843436 0.485468947394429 2.24348043580544 2.29653783646858 1.45576282146234 0.874958348076161 2.40121909268168 1.30101659888419 0.646817571211562 1.94306383411086 0.9436879787816 2.41308009552789 -1.81867994143917 1.68682718104976 2.05920849704739 4.45091442070764 3.84296286916358 3.40677563559937 4.75980361976049 2.78688373657763 1.21730500968282 3.07933707861851 1.08403854373039 1.0638115685285 1.13005760405362 2.31058241382671 1.19088316271992 0.734171208542368 0.854598688941354 0.108601013966929 0.79072646755333 1.86104197101834 2.35680943921007 0.205958727052872 -0.169067005231344 0.817359571619428 1.9289749948346 2.17176956684169 0.421289815432776
"PTBA" 0.359271101492292 0.911651513940841 3.64063433752415 3.53706586536297 2.50161705339121 1.78531286451685 3.46193420798439 2.03810571637461 1.60027112462165 2.0278749191494 1.35606230324596 3.04215046959199 -0.764486524424518 1.89407187449205 1.29025650900352 3.84296286916358 5.50074802663031 4.21704558567953 4.73376199693288 1.7028324401894 1.95605499924161 4.10652020557986 1.52234134352471 1.26236725469124 2.8616179687982 3.06701147829648 1.94651599191334 1.86175775519724 2.49883306836984 0.418557506524829 1.64070921513683 2.04074799667164 2.97676304146147 -0.0647360053224019 1.9063995979812 0.513276986782616 3.6165287278734 1.65987966513624 0.0820758811989043
"PTEAM" 0.643887387463035 1.6427595797254 4.25127062808282 4.67886935985406 3.16473065554634 1.99975284153556 5.469602178358 2.58347578651918 1.59586273346341 1.49235549554622 1.56051768310781 3.40905247783796 -0.922768895681557 1.32930537970617 0.370238374947293 3.40677563559937 4.21704558567953 5.94157509346805 5.38517636321593 0.165575422631679 1.93720496761786 4.51710249788915 1.44845244440535 1.76380228604152 2.34690231071773 3.85134470488691 2.2400155886896 1.67701714974072 1.20976303338537 0.387075194787179 1.6892032778089 2.11044095897659 3.37296288511397 0.567651630654743 1.35523989948123 0.232843325712836 4.34018951522419 1.07623473441546 0.531504709057674
"PTZYGO" 1.43220453915415 2.8801159424991 6.26487343715534 8.58074281924713 5.08686187410431 2.32858213690292 9.42262867816549 4.8882210938194 2.83042068249533 2.8449563404341 2.3710598702157 5.06050196709878 -2.91889349333474 1.43845871901293 2.95403993292423 4.75980361976049 4.73376199693288 5.38517636321593 9.10830836920731 3.74372203889831 2.56377072884048 7.39876872274638 2.76989699123789 2.80140953466682 3.01510072434935 5.43311566983304 3.6699594363836 1.86005738482129 2.04238972321936 0.8591991042447 2.48505065898015 3.12166827482231 6.76310497173183 1.47161633489824 -0.42486648052481 1.66116746000559 3.05478419725387 2.8898447937299 0.290228583689292
"PTTSP" 0.358825300480041 1.0643196067497 1.21565645947048 2.22254053256306 1.11690327402857 -0.0617937791624061 0.70260866793437 0.97418298630913 0.347261185165609 0.532182949246842 0.746103579124299 0.416045831733767 -3.32620516283094 -0.230108366237953 2.99215910005496 2.78688373657763 1.7028324401894 0.165575422631679 3.74372203889831 7.85545907645021 0.0504477603054489 1.16661740280063 0.692395304265057 0.363804257248661 1.00004758139574 -1.00445683343533 0.975964315142098 0.456293312495835 0.887193276411153 0.52306887236848 0.043835999984457 0.761931781818594 2.11692622830398 -0.346946592330651 -1.17145204754431 0.2958736951635 -1.33943445182046 1.91770749185742 0.302048328754097
"FMZS" 0.448223296269525 1.08685296981359 2.78794157663448 3.47303903188677 1.53866879764837 0.807694244738179 4.71021873153369 1.22737983031012 0.849782817464582 1.48815683757896 1.47137434429409 2.69600387408217 -0.0294703994279813 1.21131785924296 0.222690524175105 1.21730500968282 1.95605499924161 1.93720496761786 2.56377072884048 0.0504477603054489 4.12294967963789 4.63731640986758 1.72384158531486 1.47916639149636 2.54302544499253 3.06578956212137 1.765618116423 0.918086922022331 1.33008402818834 0.293644775003588 1.30303767398474 1.09318269414323 2.52489407922845 1.37015489758639 0.613103750632039 1.51337306345051 1.5343629507621 1.17959561930665 -0.106819289547118
"FMMT" 2.55724484962266 5.77296412287388 11.2932604701467 14.3545653273546 7.60466975362148 3.89142926054066 14.9580035412057 7.84997845093349 4.27451069292656 6.00673867501666 3.99317471904416 10.3154490442991 1.85857681705167 4.21918097018517 4.06007032077854 3.07933707861851 4.10652020557986 4.51710249788915 7.39876872274638 1.16661740280063 4.63731640986758 16.341514839664 4.36279116422944 6.0835155512539 6.05627480776147 7.8550531293538 6.86569779162868 2.69119679014005 3.00696170703513 0.957887270500199 4.61543895771312 5.01523152575176 6.90867933427369 4.76175331444847 1.38448568534063 5.12839390570788 4.7683094026241 4.01047614793013 0.605719568941636
"ZSZI" 0.858527453349346 1.1516113591777 4.96864698890406 6.19485718265716 4.42136405770595 2.32328229640823 6.94761347239134 3.9496606674681 4.47263844522901 1.64751572783668 1.47479149582717 3.22507988383657 0.598619543994794 1.82420277432369 1.1679471450905 1.08403854373039 1.52234134352471 1.44845244440535 2.76989699123789 0.692395304265057 1.72384158531486 4.36279116422944 4.76865564056438 1.64541062572486 0.963889808409484 2.88377448400273 2.1371433681773 0.200632170219216 1.41937438880951 0.445994911026214 1.74109419902225 1.2406902589393 2.63090054906386 2.30176568747692 0.0170681089451917 2.19249745674244 1.14559445123579 2.29603823813876 0.029627946183414
"ZIMT" 1.22270567684108 2.9746561730696 4.98420948316218 5.86676988975628 3.54634593339772 1.51132126952089 5.72284470001467 3.03639477567503 1.96283152746043 2.3453177510352 1.46291337160973 3.74042952070702 0.628395466706492 1.28299028399649 1.81430969963645 1.0638115685285 1.26236725469124 1.76380228604152 2.80140953466682 0.363804257248661 1.47916639149636 6.0835155512539 1.64541062572486 3.22076316387069 2.25148248680273 3.09293139905088 2.90952390348955 1.10992952938472 0.857370172750022 0.533238245234174 1.92640816938578 1.91408871067806 2.96311687559704 1.51585982196333 0.751896801618764 1.39382069497585 1.94125938909729 1.24529316151121 0.235453989859247
"ZIZYGO" 0.878331578864138 2.63646744134269 4.66952376194707 5.3379264758596 1.73914892941 2.41551837199508 4.61498404958358 2.14960941588914 0.20557983048435 2.61623816134111 2.49519856024419 4.76178007185496 1.09877755166491 1.89921320759581 2.02981837477714 1.13005760405362 2.8616179687982 2.34690231071773 3.01510072434935 1.00004758139574 2.54302544499253 6.05627480776147 0.963889808409484 2.25148248680273 7.75599551162296 4.02386319642061 2.55299810817927 2.57229291817265 2.33720665168696 1.02737431208002 2.36137981852164 1.41782631632433 3.50336484066796 1.37555304182467 3.19185489708935 1.97492696375144 3.10784778048324 1.15377333980304 0.0668690580960328
"ZITSP" 1.25599183060691 2.33623614677304 5.767270920988 7.70905687847658 3.65229595338743 2.59196309757557 9.5185792398228 4.45249354886002 2.60107372664569 3.19334744067622 2.25163593101552 5.91990622192223 0.229113764322421 1.88041162469644 2.52579803418809 2.31058241382671 3.06701147829648 3.85134470488691 5.43311566983304 -1.00445683343533 3.06578956212137 7.8550531293538 2.88377448400273 3.09293139905088 4.02386319642061 7.68134727963498 3.26484061580492 2.21528308095587 1.68540557167187 0.862729897942046 2.65195429328649 3.26355885628415 5.60069451407935 1.75023097540763 2.38266748920366 1.38561615827309 3.93582690411533 2.3647679118112 -0.0100261910849049
"MTPNS" 1.28750581106481 3.56950467935873 7.16245931965163 7.64247457906023 4.95530731339807 1.89931299152961 7.24556939947686 3.9837208100107 2.763950281104 2.90447236188684 2.12955914981775 4.31296256006983 0.886170572661843 1.67192695984829 1.58646265526387 1.19088316271992 1.94651599191334 2.2400155886896 3.6699594363836 0.975964315142098 1.765618116423 6.86569779162868 2.1371433681773 2.90952390348955 2.55299810817927 3.26484061580492 4.75057610298091 0.829660507109939 1.59064422130347 0.767060768654836 2.44933447360185 2.68387622364152 3.82583597827566 1.77884360899138 0.21898337232978 2.54654836619896 2.31184725226639 1.52868877292927 -0.215323371794552
"PNSAPET" 0.403183121930159 1.14276197935506 1.3998602960544 2.46033663251477 1.94339257527904 1.29772312614097 1.99148511570522 1.32960825860596 0.961094506542254 0.624803289631265 0.865616103406112 1.82128159669808 -0.347583564408756 -0.0684654112967709 1.56735971329634 0.734171208542368 1.86175775519724 1.67701714974072 1.86005738482129 0.456293312495835 0.918086922022331 2.69119679014005 0.200632170219216 1.10992952938472 2.57229291817265 2.21528308095587 0.829660507109939 3.32017776634847 0.973735949816918 0.350338736129073 0.709791811720784 1.47160255880938 2.0655340356323 -0.416911793896095 2.86302643469541 -1.01086692218856 2.18900941416652 0.275522844221379 0.248849265619464
"APETBA" 0.70318717559385 1.29326236140858 3.39938374460484 3.83641057044916 2.59003998577924 1.50290446827453 3.80774211562259 2.38332057413645 1.92556575727668 1.37846977963373 1.09249809618652 2.24257372934168 0.0900761621806303 1.29612119495016 0.673018518778391 0.854598688941354 2.49883306836984 1.20976303338537 2.04238972321936 0.887193276411153 1.33008402818834 3.00696170703513 1.41937438880951 0.857370172750022 2.33720665168696 1.68540557167187 1.59064422130347 0.973735949816918 2.77752621275084 0.703948684585799 1.40711018256894 0.999098748335894 1.85417637634934 0.705655242448122 0.88896501467838 1.20472042598429 1.50132764358323 1.18430018245777 -0.138469364099141
"APETTS" 0.292789062739404 0.575719708340288 1.34869017920818 2.13174218336981 1.34589494209706 0.813211640711616 1.85760991353363 1.32521153195635 0.907925458506665 1.13945788517938 0.713764325005171 0.744591612248734 0.508714891116799 0.715971235296521 0.276781472249322 0.108601013966929 0.418557506524829 0.387075194787179 0.8591991042447 0.52306887236848 0.293644775003588 0.957887270500199 0.445994911026214 0.533238245234174 1.02737431208002 0.862729897942046 0.767060768654836 0.350338736129073 0.703948684585799 0.967023110517774 0.698036067025043 0.586420073336155 1.23850232941138 0.212787745102115 0.856016986700101 0.280175030690314 0.622980826423232 0.232360112942947 0.0163937740268858
"BAEAM" 0.802917118582226 1.50055034827097 3.86388197545189 4.56002860081654 2.87707737668145 1.6511789051743 4.69779428712936 2.91690803367116 2.25497784014784 2.0055187128002 1.57187691450695 3.17953679430518 1.04685581743228 1.79279520916994 0.818119939858171 0.79072646755333 1.64070921513683 1.6892032778089 2.48505065898015 0.043835999984457 1.30303767398474 4.61543895771312 1.74109419902225 1.92640816938578 2.36137981852164 2.65195429328649 2.44933447360185 0.709791811720784 1.40711018256894 0.698036067025043 2.6455084397454 1.14505753590206 2.70860332741284 1.81211145118026 1.20819883039447 2.02380272833385 2.00806418790498 1.3473657714596 -0.0537780892692149
"EAMZYGO" 0.370963399540842 1.94785777954166 4.4471111144676 5.15738739502726 2.96985459868563 1.64689277589312 5.03766846686958 2.61887405198018 1.16330565679159 1.82261443627353 1.60072752096192 4.02866357001774 0.167365044519091 1.53903885484949 2.66878800039039 1.86104197101834 2.04074799667164 2.11044095897659 3.12166827482231 0.761931781818594 1.09318269414323 5.01523152575176 1.2406902589393 1.91408871067806 1.41782631632433 3.26355885628415 2.68387622364152 1.47160255880938 0.999098748335894 0.586420073336155 1.14505753590206 4.7964026018607 2.49676801148606 0.614916447792927 0.702322925542154 0.952021893634803 2.15087230095369 1.5227676565071 0.323189353618536
"ZYGOTSP" 1.49574426817408 2.56889238962267 5.74919057495614 7.75467271445046 4.77938586510237 2.16927557660547 8.27307080944563 4.75212866100975 3.49056891188853 2.87301865296597 2.32144968837827 4.16548880839029 -0.974967111445607 0.881758013183745 2.16639737295341 2.35680943921007 2.97676304146147 3.37296288511397 6.76310497173183 2.11692622830398 2.52489407922845 6.90867933427369 2.63090054906386 2.96311687559704 3.50336484066796 5.60069451407935 3.82583597827566 2.0655340356323 1.85417637634934 1.23850232941138 2.70860332741284 2.49676801148606 7.90888395884933 1.12737108951762 1.26396572326552 1.01206293293801 2.7342788019036 1.99698272834271 -0.414741981874956
"LDAS" 0.503016072824556 1.11338338448465 2.85193785584957 3.80531671106679 2.07708820183908 1.42422716237372 4.70121791184982 2.21047010676093 1.74616698498049 1.57866289420531 1.94997882931701 3.77821455620384 1.5869485839995 2.61482850619391 0.614655514630887 0.205958727052872 -0.0647360053224019 0.567651630654743 1.47161633489824 -0.346946592330651 1.37015489758639 4.76175331444847 2.30176568747692 1.51585982196333 1.37555304182467 1.75023097540763 1.77884360899138 -0.416911793896095 0.705655242448122 0.212787745102115 1.81211145118026 0.614916447792927 1.12737108951762 5.16254827242251 -0.783705242168962 5.06677963671903 0.247796806218367 2.02172915001166 0.595144464179844
"BRLD" -0.835465003597011 -0.523666250928567 0.433823507077649 0.0243835808834536 1.1170151344396 2.25898993653353 -0.815112005687036 0.829723100479527 1.52701170087982 -2.48302081334054 1.77165533941633 1.75821754206554 1.51512630019667 1.28347762866489 0.000297887179844187 -0.169067005231344 1.9063995979812 1.35523989948123 -0.42486648052481 -1.17145204754431 0.613103750632039 1.38448568534063 0.0170681089451917 0.751896801618764 3.19185489708935 2.38266748920366 0.21898337232978 2.86302643469541 0.88896501467838 0.856016986700101 1.20819883039447 0.702322925542154 1.26396572326552 -0.783705242168962 14.5125015784944 -2.36991308210486 4.61196246023446 -0.958548784992124 0.796911655048242
"OPILD" 0.346363809890677 1.51251618491454 3.84220909638187 4.18521755828303 2.20226722353537 1.86847764394758 5.1731192540251 2.34324197780908 1.39862495578862 1.07830135649936 2.5790519012605 4.6206691435408 1.02065711081427 3.89608588410798 0.658432460075973 0.817359571619428 0.513276986782616 0.232843325712836 1.66116746000559 0.2958736951635 1.51337306345051 5.12839390570788 2.19249745674244 1.39382069497585 1.97492696375144 1.38561615827309 2.54654836619896 -1.01086692218856 1.20472042598429 0.280175030690314 2.02380272833385 0.952021893634803 1.01206293293801 5.06677963671903 -2.36991308210486 9.52606251326619 0.0105628703456781 3.7494674016075 -0.56822522488901
"PTAS" 0.510498188956301 1.56562281434134 4.13581428965356 3.77941072523897 2.9721558934903 2.56942312264875 3.83006045826346 2.40403228607966 2.13862045286835 2.07418704708328 2.03280949180901 3.88714116095444 1.31001591424079 1.81234334338332 0.43854136403662 1.9289749948346 3.6165287278734 4.34018951522419 3.05478419725387 -1.33943445182046 1.5343629507621 4.7683094026241 1.14559445123579 1.94125938909729 3.10784778048324 3.93582690411533 2.31184725226639 2.18900941416652 1.50132764358323 0.622980826423232 2.00806418790498 2.15087230095369 2.7342788019036 0.247796806218367 4.61196246023446 0.0105628703456781 5.74010696732457 1.29985950481119 0.542709517247174
"JPAS" 0.552275218558977 0.544254923535769 2.93992595226299 3.29773331925402 2.33714192294741 1.79761743949085 3.53356428530712 2.43084817519371 2.31923607051578 2.22107151854384 1.84074832614276 3.27355007390903 -0.357036752168871 2.35842095036115 2.03105404662388 2.17176956684169 1.65987966513624 1.07623473441546 2.8898447937299 1.91770749185742 1.17959561930665 4.01047614793013 2.29603823813876 1.24529316151121 1.15377333980304 2.3647679118112 1.52868877292927 0.275522844221379 1.18430018245777 0.232360112942947 1.3473657714596 1.5227676565071 1.99698272834271 2.02172915001166 -0.958548784992124 3.7494674016075 1.29985950481119 5.07143929642796 0.146152310284184
"BAOPI" 0.0379631304953744 0.486966969415854 0.278752636308329 0.549390564569496 0.552309654423578 0.416310555402346 0.44996315605123 0.285685902945579 0.175568683485711 0.0659096794924823 0.395181258699629 0.72427706969246 -0.0173049042394089 0.38930634375475 0.429669385576815 0.421289815432776 0.0820758811989043 0.531504709057674 0.290228583689292 0.302048328754097 -0.106819289547118 0.605719568941636 0.029627946183414 0.235453989859247 0.0668690580960328 -0.0100261910849049 -0.215323371794552 0.248849265619464 -0.138469364099141 0.0163937740268858 -0.0537780892692149 0.323189353618536 -0.414741981874956 0.595144464179844 0.796911655048242 -0.56822522488901 0.542709517247174 0.146152310284184 1.40326662474329
