"" "ISPM" "ISNSL" "ISPNS" "PMZS" "PMZI" "PMMT" "NSLNA" "NSLZS" "NSLZI" "NABR" "NAFM" "NAPNS" "BRPT" "BRAPET" "PTFM" "PTAPET" "PTBA" "PTEAM" "PTZYGO" "PTTSP" "FMZS" "FMMT" "ZSZI" "ZIMT" "ZIZYGO" "ZITSP" "MTPNS" "PNSAPET" "APETBA" "APETTS" "BAEAM" "EAMZYGO" "ZYGOTSP" "LDAS" "BRLD" "OPILD" "PTAS" "JPAS" "BAOPI"
"ISPM" 1.14186187355169 2.09241158340363 3.98933684977093 3.06981510550953 2.58993848515548 1.83094028852241 1.89687568477253 1.89074083204564 1.54393069470417 0.782839533766144 0.643889651861392 1.03899288624263 -0.0093174902269608 0.676473154466814 0.71694847554734 0.766399451978283 1.12667035786672 1.27622065986308 1.61109283878492 0.144721117583081 0.245337217261458 2.63137092947126 0.595105007300972 1.46655272169985 1.45856392864532 1.01816933887831 1.53498176524826 0.384040155154141 0.702872045458432 0.47434178280692 0.985696356471929 0.495953131874146 1.77566057071919 0.619525817092338 0.247081767899997 0.994617343431619 1.36030476354202 0.991268351189223 0.167095963057076
"ISNSL" 2.09241158340363 9.28039826553255 10.6657188178121 10.1648201242613 7.66025915263713 4.30538950050523 3.82177100378803 3.12418782298891 3.06867967471916 3.02858208061387 2.20357825087945 5.01066986896457 1.80853801114764 3.55777237986455 3.35699128446676 1.86437290514025 2.38958010645706 2.7161896878265 4.2851074192448 1.10898487577214 0.628219075311528 9.67381128370365 2.92784281243847 4.63563887401386 4.72260401102693 3.12215373180993 5.45472054846795 1.78244710515453 1.44887672114042 1.19698918382519 2.44400805866927 2.31040663797491 4.6996078962547 2.93447277668999 -0.109981868623141 4.39738282441778 2.70529660128236 3.27595569783064 -0.236264418105162
"ISPNS" 3.98933684977093 10.6657188178121 21.6520317960416 16.9932176942826 13.529905215676 8.81273491753102 9.93699480774572 9.69795521623202 6.69494479215305 4.73948227242852 3.68162729931423 7.22155958046801 1.35292217055578 3.88461235927196 5.99002700648396 3.78496789771648 5.12863379951686 5.35333580516041 6.97324736467917 1.63028931311361 0.40610340485732 15.0769969642389 2.98235304318013 8.27462068627051 8.13182232737196 5.0842570782419 9.40294414248524 1.84949342268105 2.87957743464736 2.16706699840577 4.44835286177022 4.18742223341898 7.76003326389213 3.61406148767111 1.77489966930719 5.21610841465819 5.94563660037255 5.21043696934083 -0.189463406298745
"PMZS" 3.06981510550953 10.1648201242613 16.9932176942826 17.3836760333962 12.4280966857932 6.76832775631915 11.0244703307358 9.39956225916639 5.91592067061398 3.58098349296782 2.64783832437451 6.97821735542885 1.68423399264591 3.77871145609562 5.04270625343251 2.69066860179177 3.46570476635579 4.05513313631223 6.02006794753859 1.96685340220747 0.118201447443477 13.8750854714236 3.60753514121674 6.78413215509098 6.46991465399547 4.20594130771323 7.61612231226791 2.07042509591585 2.39283959603409 2.1560889326356 3.99561613401528 4.02691971645387 7.06930862712338 3.23326710892312 0.799604691061783 3.94401669316752 4.16808065078281 4.66385768056767 0.166565581150927
"PMZI" 2.58993848515548 7.66025915263713 13.529905215676 12.4280966857932 10.5890265084592 6.13837157524465 6.8978270045172 6.88400352229484 5.66811637086992 3.51363446443943 2.31358607531871 4.69981732652722 1.02108857987527 3.36694296717796 3.68872625814427 2.74685278233287 3.50478980164358 4.01849002304871 5.01326004091571 0.94139641233945 0.149784029306368 10.0574915414333 2.84558987830968 5.11154121148112 4.23115895132785 3.55504466814591 5.87270235891102 1.7491521496053 2.28881723518916 1.90548357952182 3.05675850451469 2.9098895808801 5.70139316612244 2.08977368688598 1.34334818369772 3.14283034686434 4.35915076549364 3.77389780457126 0.043108847775847
"PMMT" 1.83094028852241 4.30538950050523 8.81273491753102 6.76832775631915 6.13837157524465 5.74563287940196 3.18770273943068 3.79504474240409 3.29817802659756 3.0507928566163 1.66045876816535 2.26564471321572 0.99399288297793 2.15405234696322 2.36078378785795 1.70110547369863 2.53949074854008 2.74522979406303 2.92890250722172 0.408067282677889 0.561012036267735 5.37229159481254 1.60183929921342 3.17183272078875 2.87157138190285 2.3176171596335 2.86168354171826 1.44845248744349 1.51588174865089 1.1289938718829 2.13696491502365 1.70873880340059 3.38645011247653 1.66463286473211 0.0789207319429006 3.35718152737888 3.30302673512181 2.66697029086544 0.0128196461656245
"NSLNA" 1.89687568477253 3.82177100378803 9.93699480774572 11.0244703307358 6.8978270045172 3.18770273943068 14.3051701985794 8.74745021160471 4.43547626573897 -0.849652207899481 0.53875105848354 5.27796712261668 -0.534043057361589 0.339173897231297 1.6902610209966 1.17538965699071 2.12994594963705 2.52776316483572 3.64716028400537 0.781611596806258 0.733718364694537 8.02402076114882 1.06802499085034 3.32398836390755 2.856016880172 2.65224555160922 4.27222930523711 1.13008980328817 1.88028986122683 0.981388168442973 2.0153427335176 2.6834860387728 4.301081954355 1.3836670182393 -0.203367090244341 -0.397294052242796 2.34046133195841 0.934146867282504 0.655929459560444
"NSLZS" 1.89074083204564 3.12418782298891 9.69795521623202 9.39956225916639 6.88400352229484 3.79504474240409 8.74745021160471 8.1910455416874 4.4890316995181 1.31346585169154 1.49754172515369 3.47681165881927 0.150354640103364 1.29434966610935 2.15472527657704 1.55898669551646 2.30103690844687 2.53772126596346 3.20047486259142 0.527785284471936 -0.571112693411653 6.89798205043819 0.705033443327275 3.08798332613715 3.17245909037334 2.42013810557845 4.07713803341985 0.97238497295053 1.80486971160806 1.36131656154987 2.47151500148289 1.98361140466014 4.15569446685287 0.929674384726236 1.25773940194261 0.505533808977765 2.86310437030906 2.39566136123305 0.402259968837627
"NSLZI" 1.54393069470417 3.06867967471916 6.69494479215305 5.91592067061398 5.66811637086992 3.29817802659756 4.43547626573897 4.4890316995181 4.78289070734209 2.32285107577425 1.35447196876968 1.92027106305501 -0.112548671037235 1.56798543054253 1.58006604713462 2.09039427898846 2.65714667118136 2.71408628652555 3.610490168629 0.262698700347881 0.362225373564414 4.48237846656582 2.2819249442558 1.6789931827939 1.0898442613001 2.93260429283283 2.94946900892146 0.980384238201024 1.59490877348117 1.16580127721182 1.71998640165066 1.36428416592431 3.5971728770863 0.435200039242226 0.922502420189604 0.222392876813258 2.61158628890842 1.72557034994668 0.404193633070611
"NABR" 0.782839533766144 3.02858208061387 4.73948227242852 3.58098349296782 3.51363446443943 3.0507928566163 -0.849652207899481 1.31346585169154 2.32285107577425 7.02315597192735 1.54100190782092 0.553116421027156 2.33347082264839 2.99882399813917 2.45837984226947 2.00293528318549 3.11003137661731 2.73212653703486 2.83418204141213 0.385998282342955 0.591516008526141 3.87260979409324 2.32726571966386 1.20973058080403 2.70340626085173 3.45491312327466 2.82103360093012 1.59874007496073 1.5948913115246 1.12538326972665 2.1701160657873 1.31291937402657 3.1657181988485 1.18983215129032 -1.52190238027298 2.44340099988727 2.73792428340507 2.52054593758247 -0.348213728544826
"NAFM" 0.643889651861392 2.20357825087945 3.68162729931423 2.64783832437451 2.31358607531871 1.66045876816535 0.53875105848354 1.49754172515369 1.35447196876968 1.54100190782092 1.89457038571553 1.82043063735478 1.00433524767044 1.2874575514429 1.51919500077878 0.893453410011853 1.37801142677019 1.03658721802122 1.27574749962592 0.00455823487104177 -0.152547762892787 2.68184727376945 0.657859045268798 1.47563791558801 1.93637363405782 1.31378222464287 2.0251003547114 0.871160912562626 0.899690649584457 0.536961149314317 1.5102354949193 0.923491617035704 1.66485831214678 1.21609825989757 0.227773513968148 1.30872400952907 0.988626062820964 1.67837415274628 -0.141983739035933
"NAPNS" 1.03899288624263 5.01066986896457 7.22155958046801 6.97821735542885 4.69981732652722 2.26564471321572 5.27796712261668 3.47681165881927 1.92027106305501 0.553116421027156 1.82043063735478 5.55855932041595 1.34763149708545 1.47883436164198 2.45416221551329 0.973404362209105 1.77930363181106 1.75584890811077 2.18617810144082 0.768752730338578 -0.223729872519568 7.22499164726927 1.18622759935127 3.7069526711199 3.13891822568397 1.12237052791314 3.79052392441051 1.14827858213437 1.29283626513206 0.632463696046304 2.06025160441891 2.14098628875434 2.71610661876988 2.3352064077222 -0.51223824676955 1.9545352467463 1.63660807913452 1.96765419022427 -0.11307666992577
"BRPT" -0.0093174902269608 1.80853801114764 1.35292217055578 1.68423399264591 1.02108857987527 0.99399288297793 -0.534043057361589 0.150354640103364 -0.112548671037235 2.33347082264839 1.00433524767044 1.34763149708545 3.09715017344946 1.39793775598152 0.815009974444158 -0.500115213033962 0.519964243803543 0.140052116306238 -0.554867044707111 -0.460029051315857 -0.385301170018845 2.15723788149921 0.175352251455647 1.1036783210443 1.73496731811055 0.122145631561341 1.2169603373333 1.06043944444252 0.488089846845942 0.236936271432712 1.26685503003803 0.567077825605684 1.0882268420443 1.55631870952035 -1.71879742498103 1.93193599247062 0.425271727067738 0.96721386115242 -0.324692592456795
"BRAPET" 0.676473154466814 3.55777237986455 3.88461235927196 3.77871145609562 3.36694296717796 2.15405234696322 0.339173897231297 1.29434966610935 1.56798543054253 2.99882399813917 1.2874575514429 1.47883436164198 1.39793775598152 4.35571430412786 1.54640310397688 1.8469961479836 2.3553016410396 1.57690802271886 2.35481194133604 0.526108264144532 0.506866385274926 3.81168994339549 1.25506312036576 1.27167535893543 2.09284183370862 2.31438755161702 2.19212039734324 0.317387767509966 1.72561609380749 0.536548555249934 1.49970234559955 0.745159582602311 2.37307353856806 1.00381445433186 0.596461515648882 2.95072648629683 1.53327370486248 2.26622239275038 -0.560286391734915
"PTFM" 0.71694847554734 3.35699128446676 5.99002700648396 5.04270625343251 3.68872625814427 2.36078378785795 1.6902610209966 2.15472527657704 1.58006604713462 2.45837984226947 1.51919500077878 2.45416221551329 0.815009974444158 1.54640310397688 4.70618696275309 1.62338829950204 1.87359704098121 0.576900295016315 1.54642869105659 1.38793209502457 0.140831083263597 5.36221488463215 1.76916215083549 2.70630678440945 3.24665825571095 2.07237694356533 3.018833846381 1.25365558661414 1.35286919160592 0.350511794223458 1.63992728153352 2.03548086643213 1.71492745635775 1.27640002020524 1.40606136999799 1.96197073877576 0.802255509529119 1.92889213294559 -0.318482276084628
"PTAPET" 0.766399451978283 1.86437290514025 3.78496789771648 2.69066860179177 2.74685278233287 1.70110547369863 1.17538965699071 1.55898669551646 2.09039427898846 2.00293528318549 0.893453410011853 0.973404362209105 -0.500115213033962 1.8469961479836 1.62338829950204 3.20403356529704 3.05242641591816 2.57931503482007 3.37595712841144 1.48636043438038 0.404502716278278 2.61278203070415 1.39984161623963 1.14613461561497 1.21300681738888 2.35383794463731 1.63669619963782 0.372665793158023 0.988694561004042 0.817166398806374 1.25429015349551 1.28715253455438 2.25331886913516 0.414975821450933 0.91851623925892 0.826906050552928 1.91643646917768 1.93576523200892 -0.0957553477070111
"PTBA" 1.12667035786672 2.38958010645706 5.12863379951686 3.46570476635579 3.50478980164358 2.53949074854008 2.12994594963705 2.30103690844687 2.65714667118136 3.11003137661731 1.37801142677019 1.77930363181106 0.519964243803543 2.3553016410396 1.87359704098121 3.05242641591816 4.38107990281882 3.30986765415248 3.61232012826039 1.06518804043858 0.647722023789681 3.97118482588903 1.34085823159597 1.77993488309015 2.04556647268503 2.77325001234841 2.56656680272249 0.883102173247293 2.25222105941214 0.987701539147429 2.12673765844875 1.50574772671614 3.15076596562187 1.29788866056298 0.179392541322129 1.95762184900687 2.74644850488704 2.04229427808451 -0.295451914126286
"PTEAM" 1.27622065986308 2.7161896878265 5.35333580516041 4.05513313631223 4.01849002304871 2.74522979406303 2.52776316483572 2.53772126596346 2.71408628652555 2.73212653703486 1.03658721802122 1.75584890811077 0.140052116306238 1.57690802271886 0.576900295016315 2.57931503482007 3.30986765415248 4.68345756592649 4.49036416672849 0.789203627650696 0.151862800428109 3.75690648434868 1.20992373340551 1.89854741292837 1.71473941275624 2.38958981111595 2.43652766329639 1.16218360966815 1.17214265863009 1.1445535229079 1.71582570546464 1.54366021821863 4.00837737786228 1.06197379007308 -0.123351636263625 1.17842686241717 3.79925267228658 2.24345258967182 0.0321103055172387
"PTZYGO" 1.61109283878492 4.2851074192448 6.97324736467917 6.02006794753859 5.01326004091571 2.92890250722172 3.64716028400537 3.20047486259142 3.610490168629 2.83418204141213 1.27574749962592 2.18617810144082 -0.554867044707111 2.35481194133604 1.54642869105659 3.37595712841144 3.61232012826039 4.49036416672849 6.45731280245557 1.66187867026559 0.718876000847207 5.51196128713567 2.51638040222425 2.45108399726681 2.69348104784899 4.01364499441937 3.65943259213433 0.998245940719268 1.19691381279355 1.21821527258534 2.03153647607686 1.54443101265384 5.169235446403 1.16532905005273 0.985838399973563 1.20067244799014 3.2789547247279 2.62753583633878 0.0687963944853099
"PTTSP" 0.144721117583081 1.10898487577214 1.63028931311361 1.96685340220747 0.94139641233945 0.408067282677889 0.781611596806258 0.527785284471936 0.262698700347881 0.385998282342955 0.00455823487104177 0.768752730338578 -0.460029051315857 0.526108264144532 1.38793209502457 1.48636043438038 1.06518804043858 0.789203627650696 1.66187867026559 2.57642660362039 0.304558649364318 1.97878136327958 1.01190305165923 1.11659429845947 0.522883293544336 -0.0670293894389639 0.59774971370539 -0.0358886644969922 0.119862372060997 0.196212452531735 0.712261368932207 1.41981984783891 0.571454378300797 0.418850923969607 0.313368826776552 0.558386379809303 0.13796301786022 1.36039428049718 -0.117804160303906
"FMZS" 0.245337217261458 0.628219075311528 0.40610340485732 0.118201447443477 0.149784029306368 0.561012036267735 0.733718364694537 -0.571112693411653 0.362225373564414 0.591516008526141 -0.152547762892787 -0.223729872519568 -0.385301170018845 0.506866385274926 0.140831083263597 0.404502716278278 0.647722023789681 0.151862800428109 0.718876000847207 0.304558649364318 1.78104067215453 0.623578473181835 0.886961504257737 -0.01865757147533 0.305658059853835 0.924458912433627 0.229608452905405 0.316764662430062 0.520815286006891 -0.145721101838717 0.0608700555693243 0.36336281417637 0.124285910045064 0.151641276771725 -0.806867917809103 0.574839847032022 -0.000337693715750711 0.0810737722479272 -0.0655260275437768
"FMMT" 2.63137092947126 9.67381128370365 15.0769969642389 13.8750854714236 10.0574915414333 5.37229159481254 8.02402076114882 6.89798205043819 4.48237846656582 3.87260979409324 2.68184727376945 7.22499164726927 2.15723788149921 3.81168994339549 5.36221488463215 2.61278203070415 3.97118482588903 3.75690648434868 5.51196128713567 1.97878136327958 0.623578473181835 15.0101206112881 2.98985307742301 7.27100570689507 7.59919804938844 3.74654176792676 8.23912151417401 2.46431614915318 2.62783334071104 1.24138192334582 4.15340032511879 3.44430330530483 6.36507794430061 3.72195615575929 0.322194488838366 4.65180825483371 3.95149617588196 4.63866765492383 -0.37213145996162
"ZSZI" 0.595105007300972 2.92784281243847 2.98235304318013 3.60753514121674 2.84558987830968 1.60183929921342 1.06802499085034 0.705033443327275 2.2819249442558 2.32726571966386 0.657859045268798 1.18622759935127 0.175352251455647 1.25506312036576 1.76916215083549 1.39984161623963 1.34085823159597 1.20992373340551 2.51638040222425 1.01190305165923 0.886961504257737 2.98985307742301 3.3425966209785 0.920883905206182 0.588939339042708 1.98814562907159 1.4336122009129 0.531784924443901 0.561742956571579 0.632697966905963 0.904186098316958 0.924812670274302 1.63356270415714 0.518090682018167 -0.44167352709505 0.488493192511071 0.640441576108993 1.16329927008909 0.108839990688748
"ZIMT" 1.46655272169985 4.63563887401386 8.27462068627051 6.78413215509098 5.11154121148112 3.17183272078875 3.32398836390755 3.08798332613715 1.6789931827939 1.20973058080403 1.47563791558801 3.7069526711199 1.1036783210443 1.27167535893543 2.70630678440945 1.14613461561497 1.77993488309015 1.89854741292837 2.45108399726681 1.11659429845947 -0.01865757147533 7.27100570689507 0.920883905206182 5.11130951782728 4.19382442798377 0.816776960662507 3.83003158181014 1.16030139972988 0.875361851072629 0.528187504624581 2.42678286554423 1.81649281676974 3.12473455473624 2.25744587495999 0.232580552662807 2.90702635868625 1.88349114553986 2.56956319270664 -0.350300907274621
"ZIZYGO" 1.45856392864532 4.72260401102693 8.13182232737196 6.46991465399547 4.23115895132785 2.87157138190285 2.856016880172 3.17245909037334 1.0898442613001 2.70340626085173 1.93637363405782 3.13891822568397 1.73496731811055 2.09284183370862 3.24665825571095 1.21300681738888 2.04556647268503 1.71473941275624 2.69348104784899 0.522883293544336 0.305658059853835 7.59919804938844 0.588939339042708 4.19382442798377 8.08287279231836 2.81336278288449 4.50119358385427 1.82056221133891 1.13546979398187 0.739849120875376 2.53906637671217 -0.0308445542207923 4.31211203549166 1.77704150332082 0.709901452046591 3.13553404975504 1.98399425720676 2.28960827135544 -0.838371910720685
"ZITSP" 1.01816933887831 3.12215373180993 5.0842570782419 4.20594130771323 3.55504466814591 2.3176171596335 2.65224555160922 2.42013810557845 2.93260429283283 3.45491312327466 1.31378222464287 1.12237052791314 0.122145631561341 2.31438755161702 2.07237694356533 2.35383794463731 2.77325001234841 2.38958981111595 4.01364499441937 -0.0670293894389639 0.924458912433627 3.74654176792676 1.98814562907159 0.816776960662507 2.81336278288449 5.20252338591835 3.06585582530621 1.33016036106543 1.43534719275185 0.732877093314204 1.27199104992602 0.605532048181997 3.9787370881884 0.71035320320377 1.0871127393548 1.15633833942743 2.08223090341795 1.11883337138091 -0.0228400916092581
"MTPNS" 1.53498176524826 5.45472054846795 9.40294414248524 7.61612231226791 5.87270235891102 2.86168354171826 4.27222930523711 4.07713803341985 2.94946900892146 2.82103360093012 2.0251003547114 3.79052392441051 1.2169603373333 2.19212039734324 3.018833846381 1.63669619963782 2.56656680272249 2.43652766329639 3.65943259213433 0.59774971370539 0.229608452905405 8.23912151417401 1.4336122009129 3.83003158181014 4.50119358385427 3.06585582530621 5.88324687241209 1.27856237856366 1.55278957065002 0.868877196982487 2.39619951807658 2.08098225538856 4.24696576187842 2.09619163295466 0.889103711457982 2.33628957180683 2.662607332727 2.58428524180866 -0.250931363217766
"PNSAPET" 0.384040155154141 1.78244710515453 1.84949342268105 2.07042509591585 1.7491521496053 1.44845248744349 1.13008980328817 0.97238497295053 0.980384238201024 1.59874007496073 0.871160912562626 1.14827858213437 1.06043944444252 0.317387767509966 1.25365558661414 0.372665793158023 0.883102173247293 1.16218360966815 0.998245940719268 -0.0358886644969922 0.316764662430062 2.46431614915318 0.531784924443901 1.16030139972988 1.82056221133891 1.33016036106543 1.27856237856366 2.34909628527717 0.602566602303973 0.310299722224312 1.08642455518123 1.13356406189985 1.67111632379013 0.949285791845899 -0.779904081950459 0.745493178262222 1.09365174060127 0.996126280886408 -0.00360727251255531
"APETBA" 0.702872045458432 1.44887672114042 2.87957743464736 2.39283959603409 2.28881723518916 1.51588174865089 1.88028986122683 1.80486971160806 1.59490877348117 1.5948913115246 0.899690649584457 1.29283626513206 0.488089846845942 1.72561609380749 1.35286919160592 0.988694561004042 2.25222105941214 1.17214265863009 1.19691381279355 0.119862372060997 0.520815286006891 2.62783334071104 0.561742956571579 0.875361851072629 1.13546979398187 1.43534719275185 1.55278957065002 0.602566602303973 2.15852192562359 0.373609418620276 1.28510008334492 0.732640215768521 1.38456362864115 0.876607480508124 0.43829033426258 1.31153883262041 1.28972955893198 0.845302992614012 -0.214907992848385
"APETTS" 0.47434178280692 1.19698918382519 2.16706699840577 2.1560889326356 1.90548357952182 1.1289938718829 0.981388168442973 1.36131656154987 1.16580127721182 1.12538326972665 0.536961149314317 0.632463696046304 0.236936271432712 0.536548555249934 0.350511794223458 0.817166398806374 0.987701539147429 1.1445535229079 1.21821527258534 0.196212452531735 -0.145721101838717 1.24138192334582 0.632697966905963 0.528187504624581 0.739849120875376 0.732877093314204 0.868877196982487 0.310299722224312 0.373609418620276 1.15087716513559 0.729824873176998 0.463889273360334 1.32145370372857 0.253728742404066 -0.18493539750234 0.524635754071094 1.11099541638841 1.0512666420097 -0.0295984553689428
"BAEAM" 0.985696356471929 2.44400805866927 4.44835286177022 3.99561613401528 3.05675850451469 2.13696491502365 2.0153427335176 2.47151500148289 1.71998640165066 2.1701160657873 1.5102354949193 2.06025160441891 1.26685503003803 1.49970234559955 1.63992728153352 1.25429015349551 2.12673765844875 1.71582570546464 2.03153647607686 0.712261368932207 0.0608700555693243 4.15340032511879 0.904186098316958 2.42678286554423 2.53906637671217 1.27199104992602 2.39619951807658 1.08642455518123 1.28510008334492 0.729824873176998 2.712955322877 1.50966389648105 2.61268487132043 1.64587795209907 -0.704184951978873 1.70745076971566 1.4995088779205 2.41980831982831 0.00883616081600577
"EAMZYGO" 0.495953131874146 2.31040663797491 4.18742223341898 4.02691971645387 2.9098895808801 1.70873880340059 2.6834860387728 1.98361140466014 1.36428416592431 1.31291937402657 0.923491617035704 2.14098628875434 0.567077825605684 0.745159582602311 2.03548086643213 1.28715253455438 1.50574772671614 1.54366021821863 1.54443101265384 1.41981984783891 0.36336281417637 3.44430330530483 0.924812670274302 1.81649281676974 -0.0308445542207923 0.605532048181997 2.08098225538856 1.13356406189985 0.732640215768521 0.463889273360334 1.50966389648105 4.33084126638697 1.11538603832841 1.32983621194583 -0.601116697961056 1.03203899849273 1.16487602270974 2.46884052880804 0.314870894526087
"ZYGOTSP" 1.77566057071919 4.6996078962547 7.76003326389213 7.06930862712338 5.70139316612244 3.38645011247653 4.301081954355 4.15569446685287 3.5971728770863 3.1657181988485 1.66485831214678 2.71610661876988 1.0882268420443 2.37307353856806 1.71492745635775 2.25331886913516 3.15076596562187 4.00837737786228 5.169235446403 0.571454378300797 0.124285910045064 6.36507794430061 1.63356270415714 3.12473455473624 4.31211203549166 3.9787370881884 4.24696576187842 1.67111632379013 1.38456362864115 1.32145370372857 2.61268487132043 1.11538603832841 6.54233224861093 1.7317201428556 0.923314564762962 2.27770396710716 3.52843659372782 2.55972159934282 -0.0260118946395702
"LDAS" 0.619525817092338 2.93447277668999 3.61406148767111 3.23326710892312 2.08977368688598 1.66463286473211 1.3836670182393 0.929674384726236 0.435200039242226 1.18983215129032 1.21609825989757 2.3352064077222 1.55631870952035 1.00381445433186 1.27640002020524 0.414975821450933 1.29788866056298 1.06197379007308 1.16532905005273 0.418850923969607 0.151641276771725 3.72195615575929 0.518090682018167 2.25744587495999 1.77704150332082 0.71035320320377 2.09619163295466 0.949285791845899 0.876607480508124 0.253728742404066 1.64587795209907 1.32983621194583 1.7317201428556 2.75726230504007 -0.859753495874308 2.55494170653124 0.820482821560024 1.47562866007658 -0.190561623007071
"BRLD" 0.247081767899997 -0.109981868623141 1.77489966930719 0.799604691061783 1.34334818369772 0.0789207319429006 -0.203367090244341 1.25773940194261 0.922502420189604 -1.52190238027298 0.227773513968148 -0.51223824676955 -1.71879742498103 0.596461515648882 1.40606136999799 0.91851623925892 0.179392541322129 -0.123351636263625 0.985838399973563 0.313368826776552 -0.806867917809103 0.322194488838366 -0.44167352709505 0.232580552662807 0.709901452046591 1.0871127393548 0.889103711457982 -0.779904081950459 0.43829033426258 -0.18493539750234 -0.704184951978873 -0.601116697961056 0.923314564762962 -0.859753495874308 6.72840703718216 -0.632759482275385 0.452045483538121 0.040864720797864 -0.441942806594337
"OPILD" 0.994617343431619 4.39738282441778 5.21610841465819 3.94401669316752 3.14283034686434 3.35718152737888 -0.397294052242796 0.505533808977765 0.222392876813258 2.44340099988727 1.30872400952907 1.9545352467463 1.93193599247062 2.95072648629683 1.96197073877576 0.826906050552928 1.95762184900687 1.17842686241717 1.20067244799014 0.558386379809303 0.574839847032022 4.65180825483371 0.488493192511071 2.90702635868625 3.13553404975504 1.15633833942743 2.33628957180683 0.745493178262222 1.31153883262041 0.524635754071094 1.70745076971566 1.03203899849273 2.27770396710716 2.55494170653124 -0.632759482275385 6.13999533288021 1.57281028382176 2.62982352476835 -0.707849287148708
"PTAS" 1.36030476354202 2.70529660128236 5.94563660037255 4.16808065078281 4.35915076549364 3.30302673512181 2.34046133195841 2.86310437030906 2.61158628890842 2.73792428340507 0.988626062820964 1.63660807913452 0.425271727067738 1.53327370486248 0.802255509529119 1.91643646917768 2.74644850488704 3.79925267228658 3.2789547247279 0.13796301786022 -0.000337693715750711 3.95149617588196 0.640441576108993 1.88349114553986 1.98399425720676 2.08223090341795 2.662607332727 1.09365174060127 1.28972955893198 1.11099541638841 1.4995088779205 1.16487602270974 3.52843659372782 0.820482821560024 0.452045483538121 1.57281028382176 4.06273923950805 2.06313361303739 -0.0044967657305997
"JPAS" 0.991268351189223 3.27595569783064 5.21043696934083 4.66385768056767 3.77389780457126 2.66697029086544 0.934146867282504 2.39566136123305 1.72557034994668 2.52054593758247 1.67837415274628 1.96765419022427 0.96721386115242 2.26622239275038 1.92889213294559 1.93576523200892 2.04229427808451 2.24345258967182 2.62753583633878 1.36039428049718 0.0810737722479272 4.63866765492383 1.16329927008909 2.56956319270664 2.28960827135544 1.11883337138091 2.58428524180866 0.996126280886408 0.845302992614012 1.0512666420097 2.41980831982831 2.46884052880804 2.55972159934282 1.47562866007658 0.040864720797864 2.62982352476835 2.06313361303739 4.16155556370939 -0.162493713744721
"BAOPI" 0.167095963057076 -0.236264418105162 -0.189463406298745 0.166565581150927 0.043108847775847 0.0128196461656245 0.655929459560444 0.402259968837627 0.404193633070611 -0.348213728544826 -0.141983739035933 -0.11307666992577 -0.324692592456795 -0.560286391734915 -0.318482276084628 -0.0957553477070111 -0.295451914126286 0.0321103055172387 0.0687963944853099 -0.117804160303906 -0.0655260275437768 -0.37213145996162 0.108839990688748 -0.350300907274621 -0.838371910720685 -0.0228400916092581 -0.250931363217766 -0.00360727251255531 -0.214907992848385 -0.0295984553689428 0.00883616081600577 0.314870894526087 -0.0260118946395702 -0.190561623007071 -0.441942806594337 -0.707849287148708 -0.0044967657305997 -0.162493713744721 0.799353416015428
