"" "ISPM" "ISNSL" "ISPNS" "PMZS" "PMZI" "PMMT" "NSLNA" "NSLZS" "NSLZI" "NABR" "NAFM" "NAPNS" "BRPT" "BRAPET" "PTFM" "PTAPET" "PTBA" "PTEAM" "PTZYGO" "PTTSP" "FMZS" "FMMT" "ZSZI" "ZIMT" "ZIZYGO" "ZITSP" "MTPNS" "PNSAPET" "APETBA" "APETTS" "BAEAM" "EAMZYGO" "ZYGOTSP" "LDAS" "BRLD" "OPILD" "PTAS" "JPAS" "BAOPI"
"ISPM" 0.318770074598194 0.571949641619768 0.722117669209682 0.510978741520046 0.413369628705355 0.404416033978628 0.283919000829751 0.311378472629025 0.437563719405676 0.383749612387841 0.35366464733509 0.365744205853167 0.351579831651185 0.523735345505155 0.413574125097395 0.180169510916758 0.294529944605437 0.119236568528168 0.256782993694546 -0.167739031513836 0.0331679078128857 0.302324248746867 0.166456905246843 0.0741148069019068 0.445308700244629 0.320317101142666 0.256016994980527 0.345772802624343 0.205337470769205 0.126998293960349 0.345938397774742 0.139119775502981 0.358253288573708 -0.00119107305870064 0.145185183415236 0.347154843184635 0.147402672856457 0.346436594496191 -0.235882710401918
"ISNSL" 0.571949641619768 2.07278718218681 2.21119898496207 1.75061297211669 1.40391093424453 1.37990361651493 0.500126297274498 0.80870588927157 1.13839365934078 1.07079431663871 1.14552388897559 1.04859014269905 0.871003904503829 1.23773634836983 0.977944651101026 0.415739688931578 0.787147092380066 0.318582608651457 0.64797529834308 -0.396169271891928 0.282293411357931 0.764926915871702 0.310139456414792 0.365471269867938 1.37770319499274 0.98402683919646 0.666873824970835 0.951199777193661 0.574201785187286 0.456777211474409 0.973593763858783 0.597820630412874 1.0084703037001 -0.0166407720152907 0.237636742915807 0.703466767781852 0.343347863038529 0.724341099404004 0.390451173635926
"ISPNS" 0.722117669209682 2.21119898496207 3.68404634532139 2.40049498087828 2.11979662936066 2.18447088850186 1.07325426708785 1.40699371706451 1.74976106134729 1.56004998473741 1.80946993193979 1.90112225631539 1.43507158821322 1.87207255392328 1.42669287991446 0.75537691798457 1.38993096529177 0.432892847042629 0.883858623155578 -0.627781174791357 0.401289460039833 1.09697115406831 0.460886459207416 0.574917091555151 1.80560320262604 1.65194254778238 0.83940184314744 0.873187599583831 0.931796750690629 0.548595518831629 1.2874107607666 1.1198235168535 1.53207871020594 -0.0655203708368586 0.744902698162941 0.869705522838473 0.62872582733215 0.928832203476205 0.356694185556583
"PMZS" 0.510978741520046 1.75061297211669 2.40049498087828 2.50004465973215 2.1124918684199 1.92879844993533 0.980998342763166 1.36065187905747 1.66773889098698 1.33445620019651 1.64487773285055 1.40546475803001 1.04121894982551 1.55999461819454 1.31830053139372 0.587087901525912 1.10810822659392 0.396026723239526 0.718369604222081 -0.479495701556551 0.362802779896288 1.28119968733924 0.551157667099625 0.520331453438704 1.80381077807279 1.42336272280595 0.955730964607818 1.4366317764329 0.938059236395766 0.838080601159054 1.35076329541647 1.0958279975214 1.16927600875551 -0.33914392670674 0.24291300830876 0.494242817885516 0.454246237314643 1.09703748840147 0.820868683867342
"PMZI" 0.413369628705355 1.40391093424453 2.11979662936066 2.1124918684199 2.25351644110565 1.8653370389249 1.01049127495097 1.11832345863781 1.8485879670317 1.16899072582099 1.43769231315789 1.18270422309906 1.03828522790639 1.58449898009213 1.19221147257152 0.560487304177952 1.01939875799879 0.392259282659198 0.7306047736938 -0.606136668587097 0.38017533712539 1.10400359780176 0.875770557855425 0.383620684597834 1.42964333755961 1.36887459160955 0.924350222136601 1.39693579871907 0.860978672051763 0.654673045414621 1.16604215028782 0.920982405458802 1.25968903398962 -0.155588170220018 0.17042258589963 0.416666825091588 0.383128039627986 0.686113055354522 1.36898208725611
"PMMT" 0.404416033978628 1.37990361651493 2.18447088850186 1.92879844993533 1.8653370389249 2.13349297874384 0.837223277187207 1.13120716001155 1.57615139261479 1.18425438904442 1.50601063924393 1.26925629537471 1.21302028239775 1.53645653103081 1.16172906211089 0.717582309181393 1.17043861715799 0.464784859619629 0.705253130322501 -0.443694655496702 0.438121375437516 1.18467657630952 0.638363573202054 0.721797613117119 1.50733351445392 1.69437311062622 0.740886605847932 1.43441739587143 0.831547347168185 0.711313343881215 1.0473760131421 1.3457776871004 1.34242911186348 -0.312959052722757 0.192942129746807 0.544946366553719 0.650080103296984 0.934099422305092 0.727600458450331
"NSLNA" 0.283919000829751 0.500126297274498 1.07325426708785 0.980998342763166 1.01049127495097 0.837223277187207 2.22862279971971 0.535571809568486 0.81423691868895 -0.842276989286228 0.526416033684522 1.0001791988417 0.212008756173309 0.481618777078328 0.605248402975914 0.0930052350659615 0.382205388665994 0.233958707164093 0.456784455836551 -0.466031250408967 0.0832661435527547 0.163117477678294 0.270885947733239 0.0249579468464297 0.77333490094658 0.587033922252412 0.334210540965939 0.473126225022877 0.498801862019546 0.210920539935284 0.441515032002755 0.0481561818880622 0.656925844317592 0.323664077964278 0.372797489780953 0.600382758271864 0.278358713226328 0.626390591391405 -0.487222501029662
"NSLZS" 0.311378472629025 0.80870588927157 1.40699371706451 1.36065187905747 1.11832345863781 1.13120716001155 0.535571809568486 1.42941308601715 1.1791651165933 0.95036710483092 1.19517489685497 1.06866166725489 0.784133158579031 0.912881108051221 0.920238888377595 0.553194561108345 0.796665109815077 0.287027471548739 0.515469484856207 -0.212211122028653 -0.0335051082929716 0.81087627251749 0.0800531780740873 0.365059603958765 1.06382817494543 1.04852425924558 0.510240866365049 0.785058084791062 0.530156616702149 0.678577735258601 0.830185196332023 0.894436283417838 0.779461686945019 -0.392277103624322 0.407967358804658 0.251115334091019 0.652174266531004 0.901525361182657 0.189054608248642
"NSLZI" 0.437563719405676 1.13839365934078 1.74976106134729 1.66773889098698 1.8485879670317 1.57615139261479 0.81423691868895 1.1791651165933 1.95132910334548 1.22808191651641 1.32653060224778 1.31150572039243 1.03595729162975 1.46530165921429 1.11942060589715 0.709478589597775 1.07629487308013 0.48916359190818 0.814570034825403 -0.440772163003722 0.269394537475529 1.13825916784718 0.950388442395571 0.396472477544787 1.12469588710491 1.33062195006584 0.774841940319921 1.28002590316354 0.731089995472478 0.756042472807112 1.08822208319366 1.00394649309162 1.24355913434592 -0.188437953772295 0.0600482030378869 0.395956583250859 0.695660365272148 0.693397185106705 1.35022130422273
"NABR" 0.383749612387841 1.07079431663871 1.56004998473741 1.33445620019651 1.16899072582099 1.18425438904442 -0.842276989286228 0.95036710483092 1.22808191651641 3.45275115881424 1.31980684998946 0.877791480267572 1.86241577761136 1.88178440403674 0.903349609294227 1.18935275451751 1.49459780427309 0.719625204669048 0.756251051859487 0.30674179584859 0.552776272313698 1.50991721482934 0.478169782278633 0.545078747912763 1.22867288665178 1.36976836473498 0.782446969334299 1.15717333616106 0.53759859884094 0.874154528193599 1.08940097467497 1.35757405469032 0.866836040470875 -0.731440330544596 -0.153008285353331 -0.127464237073195 0.912393828163897 0.744085941851394 0.791870783156437
"NAFM" 0.35366464733509 1.14552388897559 1.80946993193979 1.64487773285055 1.43769231315789 1.50601063924393 0.526416033684522 1.19517489685497 1.32653060224778 1.31980684998946 1.57569156134081 1.34067779475532 1.02180883393034 1.27778026457655 1.06730120984381 0.712757128439403 1.08159806742327 0.381512648017466 0.750343346606066 -0.337375590884978 0.420502055172198 1.12910803205428 0.378255379762843 0.565413510852139 1.45215414211029 1.39891125575327 0.626434395724754 1.03978909970109 0.70482809671813 0.743548341953502 1.01493662731894 1.06973799458735 1.17174142648101 -0.503756821838484 0.241806224849468 0.219890682161174 0.637118255284516 0.869348306259073 0.671012714966467
"NAPNS" 0.365744205853167 1.04859014269905 1.90112225631539 1.40546475803001 1.18270422309906 1.26925629537471 1.0001791988417 1.06866166725489 1.31150572039243 0.877791480267572 1.34067779475532 2.41132149232893 0.781976529746085 1.01636539036093 0.951560248492068 0.785755096906143 1.20095318543765 0.582518940704562 0.818634226583973 -0.0148579506258206 0.247871195041559 1.10220349521929 0.335645201442169 0.782029422353715 1.18773108859268 1.09192039275917 0.135114901219299 0.643641126701061 0.55737096877589 0.707681605197744 1.07566681753198 0.94705036411191 0.920974005496967 -0.136958420082892 0.106737448940002 0.362477485584699 0.964484026020769 0.602875186554893 1.01052677871596
"BRPT" 0.351579831651185 0.871003904503829 1.43507158821322 1.04121894982551 1.03828522790639 1.21302028239775 0.212008756173309 0.784133158579031 1.03595729162975 1.86241577761136 1.02180883393034 0.781976529746085 1.80305602688331 1.63875141813867 0.629093404692487 0.971147516958385 1.17696293248163 0.538056788206365 0.51689272001348 -0.066857550171957 0.359778763978495 0.979792499229943 0.405395510987572 0.436820762715541 0.91306871446428 1.15218086704171 0.564451733132024 0.931252230102772 0.429552356380975 0.654655072877202 0.694657348378018 1.11141968119931 0.880060893209804 -0.298085904316989 0.143533875460253 0.368136294120628 0.712920764234373 0.832260499195328 -0.335399008857692
"BRAPET" 0.523735345505155 1.23773634836983 1.87207255392328 1.55999461819454 1.58449898009213 1.53645653103081 0.481618777078328 0.912881108051221 1.46530165921429 1.88178440403674 1.27778026457655 1.01636539036093 1.63875141813867 2.2814855904764 1.05301137332376 1.12426885794394 1.45834290240166 0.710704037582691 0.887810727434889 -0.124591251333223 0.483577780103365 1.26702734598326 0.70293664886439 0.394160083521494 1.2631236886526 1.47703671711999 0.954908777483694 1.24493183391068 0.741151157795341 0.794899000735182 1.05012961387009 1.16320224936146 1.24323103163537 -0.155384440171379 0.388219078183839 0.80369944065073 0.752485853670049 1.17971577708662 0.0669837138870586
"PTFM" 0.413574125097395 0.977944651101026 1.42669287991446 1.31830053139372 1.19221147257152 1.16172906211089 0.605248402975914 0.920238888377595 1.11942060589715 0.903349609294227 1.06730120984381 0.951560248492068 0.629093404692487 1.05301137332376 1.47130029373628 0.346717713344966 0.518153366567147 -0.113467961759272 0.294804040023842 -0.542730735773754 0.180131870948881 0.894058479119471 0.40761672749879 0.280738253456351 1.08307501751489 1.17334634232091 0.673789348167587 1.0147091706185 0.611226578627013 0.644567330843805 0.88999696587433 0.918215836430259 0.789642739044171 -0.478068511270127 0.577164748252727 0.25422498109706 0.156621204336051 0.745048135785378 0.0209094365560228
"PTAPET" 0.180169510916758 0.415739688931578 0.75537691798457 0.587087901525912 0.560487304177952 0.717582309181393 0.0930052350659615 0.553194561108345 0.709478589597775 1.18935275451751 0.712757128439403 0.785755096906143 0.971147516958385 1.12426885794394 0.346717713344966 1.45462439290289 1.35503666093812 0.918350997768665 1.00526440129757 0.529459053263123 0.22128203804692 0.862122551519371 0.371361824850279 0.380609738775627 0.707194395045629 0.913116966790493 0.39799746862081 0.749221200936317 0.0461672977879188 0.688707657077621 0.561388070965732 0.717603337742644 0.740490795268928 -0.29158921041345 -0.143280448680563 0.34970337579249 1.21812013932658 0.797246137354437 0.0429096306748805
"PTBA" 0.294529944605437 0.787147092380066 1.38993096529177 1.10810822659392 1.01939875799879 1.17043861715799 0.382205388665994 0.796665109815077 1.07629487308013 1.49459780427309 1.08159806742327 1.20095318543765 1.17696293248163 1.45834290240166 0.518153366567147 1.35503666093812 1.7896667042804 1.18246727811826 1.27643026511554 0.460692194645569 0.355976678455238 1.10979426307165 0.418176586801702 0.658315171262493 1.16994438658796 1.23337313332127 0.519691481741342 0.899115381058254 0.57597235938558 0.677473509197547 0.940244547969872 0.867525436319222 1.10003732168262 -0.119852996283376 -0.243927070751937 0.566784185012261 1.37099549860521 0.884672840135104 0.531297155109146
"PTEAM" 0.119236568528168 0.318582608651457 0.432892847042629 0.396026723239526 0.392259282659198 0.464784859619629 0.233958707164093 0.287027471548739 0.48916359190818 0.719625204669048 0.381512648017466 0.582518940704562 0.538056788206365 0.710704037582691 -0.113467961759272 0.918350997768665 1.18246727811826 1.37492024911472 1.16708447724183 0.892106911109798 0.080563574740245 0.516666013601683 0.245482169009973 0.313407814925142 0.579813654692359 0.536709849552081 0.265364622906874 0.518788569859487 0.132355796722975 0.24877187624194 0.34645409783756 0.312206747529999 0.520773287393639 0.215514879286614 -0.55002026199658 0.551716662332785 1.31072938196477 0.625657728956048 0.389881132177264
"PTZYGO" 0.256782993694546 0.64797529834308 0.883858623155578 0.718369604222081 0.7306047736938 0.705253130322501 0.456784455836551 0.515469484856207 0.814570034825403 0.756251051859487 0.750343346606066 0.818634226583973 0.51689272001348 0.887810727434889 0.294804040023842 1.00526440129757 1.27643026511554 1.16708447724183 1.5704411238302 0.526553978580524 0.232541850422197 0.686953869665298 0.427585790782419 0.326675165029494 0.970711815839346 0.879395408626655 0.390593791060271 0.624240160944399 0.309709046627258 0.300164657615284 0.515274476369252 0.155651573504153 1.08982144869569 0.0972586788253686 -0.468213893165695 0.474922630162342 1.13263475059646 0.548070106136347 0.805720659363575
"PTTSP" -0.167739031513836 -0.396169271891928 -0.627781174791357 -0.479495701556551 -0.606136668587097 -0.443694655496702 -0.466031250408967 -0.212211122028653 -0.440772163003722 0.30674179584859 -0.337375590884978 -0.0148579506258206 -0.066857550171957 -0.124591251333223 -0.542730735773754 0.529459053263123 0.460692194645569 0.892106911109798 0.526553978580524 2.23406238769609 -0.160503210509681 -0.071866822983866 -0.213452650797588 0.028138820011471 -0.0688209655403381 -0.255809359905486 -0.166868098934132 -0.0657114907015697 -0.301234890240507 0.169434346530925 -0.24890491231096 -0.0518217622274788 -0.965210240139429 0.251230269703803 -0.465961787249922 0.380399880686579 0.891089636974229 0.289654631980917 -0.252203954547719
"FMZS" 0.0331679078128857 0.282293411357931 0.401289460039833 0.362802779896288 0.38017533712539 0.438121375437516 0.0832661435527547 -0.0335051082929716 0.269394537475529 0.552776272313698 0.420502055172198 0.247871195041559 0.359778763978495 0.483577780103365 0.180131870948881 0.22128203804692 0.355976678455238 0.080563574740245 0.232541850422197 -0.160503210509681 0.600871832026267 0.508093728154208 0.244481473373233 0.166686943738506 0.388168636464186 0.511235827471088 0.215850588300123 0.29739110689597 0.262470802069357 0.166830250614433 0.232985030657149 0.363734787345072 0.439980982397241 -0.124081916868205 -0.0540668058534114 -0.111479918240202 0.123552830749288 0.163795837454176 0.596651410361298
"FMMT" 0.302324248746867 0.764926915871702 1.09697115406831 1.28119968733924 1.10400359780176 1.18467657630952 0.163117477678294 0.81087627251749 1.13825916784718 1.50991721482934 1.12910803205428 1.10220349521929 0.979792499229943 1.26702734598326 0.894058479119471 0.862122551519371 1.10979426307165 0.516666013601683 0.686953869665298 -0.071866822983866 0.508093728154208 1.63415900735579 0.629445389008223 0.641831999966727 1.20609672914665 1.26251459095945 0.641769084002077 1.15118557131138 0.589252689576443 0.801539957216337 1.01555155537468 1.07090747507478 0.873397576614885 -0.515675953308796 -0.396694355555249 0.113938817995615 0.871290639961519 0.879762588695816 1.08784582524415
"ZSZI" 0.166456905246843 0.310139456414792 0.460886459207416 0.551157667099625 0.875770557855425 0.638363573202054 0.270885947733239 0.0800531780740873 0.950388442395571 0.478169782278633 0.378255379762843 0.335645201442169 0.405395510987572 0.70293664886439 0.40761672749879 0.371361824850279 0.418176586801702 0.245482169009973 0.427585790782419 -0.213452650797588 0.244481473373233 0.629445389008223 0.994902090058892 0.0587796966126308 0.263915053975303 0.547978970564775 0.401748611783941 0.680372703484136 0.246983534634456 0.319322244086396 0.366389744378738 0.333382520842776 0.605591042528839 -0.0305186348668787 -0.389912476222233 0.180749657029088 0.240366738400536 0.0740230674883207 0.96097695218612
"ZIMT" 0.0741148069019068 0.365471269867938 0.574917091555151 0.520331453438704 0.383620684597834 0.721797613117119 0.0249579468464297 0.365059603958765 0.396472477544787 0.545078747912763 0.565413510852139 0.782029422353715 0.436820762715541 0.394160083521494 0.280738253456351 0.380609738775627 0.658315171262493 0.313407814925142 0.326675165029494 0.028138820011471 0.166686943738506 0.641831999966727 0.0587796966126308 0.913162373755259 0.543269773859378 0.690295713047517 -0.17216802569972 0.483361514442099 0.305519729697401 0.250046537513397 0.491052097592771 0.636733779285042 0.532065572149003 -0.205225904381467 -0.29927231026507 -0.0546715165603926 0.463059640476955 0.174334334530426 0.885983690381053
"ZIZYGO" 0.445308700244629 1.37770319499274 1.80560320262604 1.80381077807279 1.42964333755961 1.50733351445392 0.77333490094658 1.06382817494543 1.12469588710491 1.22867288665178 1.45215414211029 1.18773108859268 0.91306871446428 1.2631236886526 1.08307501751489 0.707194395045629 1.16994438658796 0.579813654692359 0.970711815839346 -0.0688209655403381 0.388168636464186 1.20609672914665 0.263915053975303 0.543269773859378 2.39552054847862 1.34150151448192 0.88778047366527 1.32922003974189 0.745347383687621 0.592016179670654 1.22173133801014 0.357474005447118 0.923380130733354 -0.309702589191501 -0.187493650830736 0.471894050568451 0.703091644899507 0.999286616929986 0.549165573760835
"ZITSP" 0.320317101142666 0.98402683919646 1.65194254778238 1.42336272280595 1.36887459160955 1.69437311062622 0.587033922252412 1.04852425924558 1.33062195006584 1.36976836473498 1.39891125575327 1.09192039275917 1.15218086704171 1.47703671711999 1.17334634232091 0.913116966790493 1.23337313332127 0.536709849552081 0.879395408626655 -0.255809359905486 0.511235827471088 1.26251459095945 0.547978970564775 0.690295713047517 1.34150151448192 2.06270491508175 0.68817810352868 1.1773271401443 0.771279481017712 0.806695678897466 0.923254274985041 1.34779176963144 1.52556712290734 -0.563198650784283 0.0221119761249667 0.399597648450111 0.975870266883539 1.1301580536011 0.416278536669032
"MTPNS" 0.256016994980527 0.666873824970835 0.83940184314744 0.955730964607818 0.924350222136601 0.740886605847932 0.334210540965939 0.510240866365049 0.774841940319921 0.782446969334299 0.626434395724754 0.135114901219299 0.564451733132024 0.954908777483694 0.673789348167587 0.39799746862081 0.519691481741342 0.265364622906874 0.390593791060271 -0.166868098934132 0.215850588300123 0.641769084002077 0.401748611783941 -0.17216802569972 0.88778047366527 0.68817810352868 1.03197641022451 0.796287242370878 0.418156985857461 0.476314409627284 0.60084344396983 0.430881510105412 0.467270083274105 -0.247626449343426 0.119293529529945 0.36684082282685 0.227657625219402 0.823598513298776 -0.281514846735521
"PNSAPET" 0.345772802624343 0.951199777193661 0.873187599583831 1.4366317764329 1.39693579871907 1.43441739587143 0.473126225022877 0.785058084791062 1.28002590316354 1.15717333616106 1.03978909970109 0.643641126701061 0.931252230102772 1.24493183391068 1.0147091706185 0.749221200936317 0.899115381058254 0.518788569859487 0.624240160944399 -0.0657114907015697 0.29739110689597 1.15118557131138 0.680372703484136 0.483361514442099 1.32922003974189 1.1773271401443 0.796287242370878 1.98184612354235 0.399758737130984 0.730469003820448 0.995937294964992 1.01376249135833 0.786375151954255 -0.493938519193397 0.0208853640612456 0.32876286367982 0.554453037794276 0.881136376782112 0.629949988858953
"APETBA" 0.205337470769205 0.574201785187286 0.931796750690629 0.938059236395766 0.860978672051763 0.831547347168185 0.498801862019546 0.530156616702149 0.731089995472478 0.53759859884094 0.70482809671813 0.55737096877589 0.429552356380975 0.741151157795341 0.611226578627013 0.0461672977879188 0.57597235938558 0.132355796722975 0.309709046627258 -0.301234890240507 0.262470802069357 0.589252689576443 0.246983534634456 0.305519729697401 0.745347383687621 0.771279481017712 0.418156985857461 0.399758737130984 0.919784719246195 0.380649239064998 0.621221132823462 0.503394255113079 0.645232331815103 -0.0336283805895826 -0.137709633859732 0.236659876386783 0.172620197301535 0.385514683882668 0.545576210919972
"APETTS" 0.126998293960349 0.456777211474409 0.548595518831629 0.838080601159054 0.654673045414621 0.711313343881215 0.210920539935284 0.678577735258601 0.756042472807112 0.874154528193599 0.743548341953502 0.707681605197744 0.654655072877202 0.794899000735182 0.644567330843805 0.688707657077621 0.677473509197547 0.24877187624194 0.300164657615284 0.169434346530925 0.166830250614433 0.801539957216337 0.319322244086396 0.250046537513397 0.592016179670654 0.806695678897466 0.476314409627284 0.730469003820448 0.380649239064998 1.09553695984479 0.634135627236347 0.982923888391931 0.391347766911321 -0.519968438244252 0.0209321043141678 0.0211415748051296 0.625579742931498 0.792978473742484 0.144839483463201
"BAEAM" 0.345938397774742 0.973593763858783 1.2874107607666 1.35076329541647 1.16604215028782 1.0473760131421 0.441515032002755 0.830185196332023 1.08822208319366 1.08940097467497 1.01493662731894 1.07566681753198 0.694657348378018 1.05012961387009 0.88999696587433 0.561388070965732 0.940244547969872 0.34645409783756 0.515274476369252 -0.24890491231096 0.232985030657149 1.01555155537468 0.366389744378738 0.491052097592771 1.22173133801014 0.923254274985041 0.60084344396983 0.995937294964992 0.621221132823462 0.634135627236347 1.30185080287843 0.624735489801433 0.713201690203735 -0.205096896732498 -0.0235009486422275 0.179160499931824 0.499149949784352 0.661573270255048 0.872773670380325
"EAMZYGO" 0.139119775502981 0.597820630412874 1.1198235168535 1.0958279975214 0.920982405458802 1.3457776871004 0.0481561818880622 0.894436283417838 1.00394649309162 1.35757405469032 1.06973799458735 0.94705036411191 1.11141968119931 1.16320224936146 0.918215836430259 0.717603337742644 0.867525436319222 0.312206747529999 0.155651573504153 -0.0518217622274788 0.363734787345072 1.07090747507478 0.333382520842776 0.636733779285042 0.357474005447118 1.34779176963144 0.430881510105412 1.01376249135833 0.503394255113079 0.982923888391931 0.624735489801433 2.2156040853371 0.723731260168441 -0.71118187964544 0.422654256600063 0.055208419768993 0.624743891484967 0.954843152976096 0.255627320129958
"ZYGOTSP" 0.358253288573708 1.0084703037001 1.53207871020594 1.16927600875551 1.25968903398962 1.34242911186348 0.656925844317592 0.779461686945019 1.24355913434592 0.866836040470875 1.17174142648101 0.920974005496967 0.880060893209804 1.24323103163537 0.789642739044171 0.740490795268928 1.10003732168262 0.520773287393639 1.08982144869569 -0.965210240139429 0.439980982397241 0.873397576614885 0.605591042528839 0.532065572149003 0.923380130733354 1.52556712290734 0.467270083274105 0.786375151954255 0.645232331815103 0.391347766911321 0.713201690203735 0.723731260168441 2.03251740612557 -0.309047077381895 -0.0763638547426074 0.301057494567709 0.609731879047904 0.589442578147183 0.733855481152945
"LDAS" -0.00119107305870064 -0.0166407720152907 -0.0655203708368586 -0.33914392670674 -0.155588170220018 -0.312959052722757 0.323664077964278 -0.392277103624322 -0.188437953772295 -0.731440330544596 -0.503756821838484 -0.136958420082892 -0.298085904316989 -0.155384440171379 -0.478068511270127 -0.29158921041345 -0.119852996283376 0.215514879286614 0.0972586788253686 0.251230269703803 -0.124081916868205 -0.515675953308796 -0.0305186348668787 -0.205225904381467 -0.309702589191501 -0.563198650784283 -0.247626449343426 -0.493938519193397 -0.0336283805895826 -0.519968438244252 -0.205096896732498 -0.71118187964544 -0.309047077381895 1.51117268133259 -0.0261905365821358 0.90737045897453 -0.20119969233545 -0.695506766175868 0.58272113270843
"BRLD" 0.145185183415236 0.237636742915807 0.744902698162941 0.24291300830876 0.17042258589963 0.192942129746807 0.372797489780953 0.407967358804658 0.0600482030378869 -0.153008285353331 0.241806224849468 0.106737448940002 0.143533875460253 0.388219078183839 0.577164748252727 -0.143280448680563 -0.243927070751937 -0.55002026199658 -0.468213893165695 -0.465961787249922 -0.0540668058534114 -0.396694355555249 -0.389912476222233 -0.29927231026507 -0.187493650830736 0.0221119761249667 0.119293529529945 0.0208853640612456 -0.137709633859732 0.0209321043141678 -0.0235009486422275 0.422654256600063 -0.0763638547426074 -0.0261905365821358 3.71410148878608 0.165578953848247 -0.400832008075199 0.638975115045503 -3.3079626683005
"OPILD" 0.347154843184635 0.703466767781852 0.869705522838473 0.494242817885516 0.416666825091588 0.544946366553719 0.600382758271864 0.251115334091019 0.395956583250859 -0.127464237073195 0.219890682161174 0.362477485584699 0.368136294120628 0.80369944065073 0.25422498109706 0.34970337579249 0.566784185012261 0.551716662332785 0.474922630162342 0.380399880686579 -0.111479918240202 0.113938817995615 0.180749657029088 -0.0546715165603926 0.471894050568451 0.399597648450111 0.36684082282685 0.32876286367982 0.236659876386783 0.0211415748051296 0.179160499931824 0.055208419768993 0.301057494567709 0.90737045897453 0.165578953848247 2.26939629084482 0.491292371672061 0.737248241235391 -1.4049322929883
"PTAS" 0.147402672856457 0.343347863038529 0.62872582733215 0.454246237314643 0.383128039627986 0.650080103296984 0.278358713226328 0.652174266531004 0.695660365272148 0.912393828163897 0.637118255284516 0.964484026020769 0.712920764234373 0.752485853670049 0.156621204336051 1.21812013932658 1.37099549860521 1.31072938196477 1.13263475059646 0.891089636974229 0.123552830749288 0.871290639961519 0.240366738400536 0.463059640476955 0.703091644899507 0.975870266883539 0.227657625219402 0.554453037794276 0.172620197301535 0.625579742931498 0.499149949784352 0.624743891484967 0.609731879047904 -0.20119969233545 -0.400832008075199 0.491292371672061 2.24284569333303 1.21719348848853 -0.159145240577833
"JPAS" 0.346436594496191 0.724341099404004 0.928832203476205 1.09703748840147 0.686113055354522 0.934099422305092 0.626390591391405 0.901525361182657 0.693397185106705 0.744085941851394 0.869348306259073 0.602875186554893 0.832260499195328 1.17971577708662 0.745048135785378 0.797246137354437 0.884672840135104 0.625657728956048 0.548070106136347 0.289654631980917 0.163795837454176 0.879762588695816 0.0740230674883207 0.174334334530426 0.999286616929986 1.1301580536011 0.823598513298776 0.881136376782112 0.385514683882668 0.792978473742484 0.661573270255048 0.954843152976096 0.589442578147183 -0.695506766175868 0.638975115045503 0.737248241235391 1.21719348848853 2.45817049710596 -2.73751144931185
"BAOPI" -0.235882710401918 0.390451173635926 0.356694185556583 0.820868683867342 1.36898208725611 0.727600458450331 -0.487222501029662 0.189054608248642 1.35022130422273 0.791870783156437 0.671012714966467 1.01052677871596 -0.335399008857692 0.0669837138870586 0.0209094365560228 0.0429096306748805 0.531297155109146 0.389881132177264 0.805720659363575 -0.252203954547719 0.596651410361298 1.08784582524415 0.96097695218612 0.885983690381053 0.549165573760835 0.416278536669032 -0.281514846735521 0.629949988858953 0.545576210919972 0.144839483463201 0.872773670380325 0.255627320129958 0.733855481152945 0.58272113270843 -3.3079626683005 -1.4049322929883 -0.159145240577833 -2.73751144931185 12.0584497718807
