"" "ISPM" "ISNSL" "ISPNS" "PMZS" "PMZI" "PMMT" "NSLNA" "NSLZS" "NSLZI" "NABR" "NAFM" "NAPNS" "BRPT" "BRAPET" "PTFM" "PTAPET" "PTBA" "PTEAM" "PTZYGO" "PTTSP" "FMZS" "FMMT" "ZSZI" "ZIMT" "ZIZYGO" "ZITSP" "MTPNS" "PNSAPET" "APETBA" "APETTS" "BAEAM" "EAMZYGO" "ZYGOTSP" "LDAS" "BRLD" "OPILD" "PTAS" "JPAS" "BAOPI"
"ISPM" 0.899437179716582 0.942143125085887 2.12023909315269 -0.388611436102256 1.77613218585869 1.33376369029431 -0.89023065888716 2.19860940609777 2.51244226465265 3.98796804250749 1.27744652748695 1.67346053173493 3.68451346246509 4.18705120663789 0.663870137082529 1.63909813978418 2.49371248738184 1.40655719383746 0.744920624105693 1.08721188062832 -0.221122385008338 1.3741600274999 0.637622518796448 -0.443124956388292 -0.937109061841365 0.0631604527614371 1.03479577689576 1.19450202645185 0.717663329134848 -0.253409335931577 1.4502533981118 0.297662785435521 -0.0879804523861974 1.98785125795103 1.091480073381 2.52972609231176 2.10192607827332 1.17607966885516 0.84946485180194
"ISNSL" 0.942143125085887 6.2142353443482 3.74603626743113 2.6905641391916 3.84194588054416 2.66753783191637 -1.03792375461917 1.02375327275971 3.72579870779548 4.14471711506715 1.79733630375563 2.7502499730509 3.0523825282552 3.83397425547838 0.564931823481919 2.38157123512362 4.01916877264428 2.88736815356855 2.90656156094666 1.56644265556742 1.99341965957836 3.2962936260081 2.5584489094393 -0.633964526513412 1.42529242907671 3.22371174535863 2.89878607158516 2.72684564825468 1.6358829328275 0.186085490444974 1.9749892920326 1.23308178851893 2.0591650764641 1.49051620996082 0.260269814746138 1.79548454284658 3.1436464194333 1.26794073018994 0.927911528587024
"ISPNS" 2.12023909315269 3.74603626743113 8.76745591677379 0.818598379735905 6.34574566118826 4.3440615836512 -0.598719616836521 5.38642856199916 7.51371829808512 9.95767145860488 3.69156428807605 6.1153377701091 8.8448539936141 10.8262116542518 1.65485765557578 5.1321791314246 7.85723201455985 4.81242018029627 4.27415777456357 3.51540393506929 0.663914543665079 5.50532401246033 2.85306065139782 -1.3543942527181 0.108199868889944 1.24073512324364 4.38537985950617 2.14659011380841 2.54119218944541 -0.720733603520793 4.24718756838443 0.0517622680187075 0.563342975402765 5.81736671096836 3.20318280040637 6.03505538933485 6.48586534631946 2.80786724522111 2.75153355382321
"PMZS" -0.388611436102256 2.6905641391916 0.818598379735905 6.52171134184263 -0.0549700354940303 0.510419132001914 5.67621251802231 -2.90670138471001 -2.24360422008234 -6.80993477680801 -0.618061743671847 -0.465491814942447 -7.57161576029768 -7.91151194469932 -0.680436858872491 -2.59080735242557 -2.60000431790203 -0.84215069812838 1.65364446572825 -0.770216763330746 2.05183694740299 0.484246860220097 1.09598959642121 1.69221460666191 3.79153999129787 4.47059282994107 0.106583298707668 -1.15667220441023 0.92574450102856 1.74697589146613 -1.53130015195751 1.73972656740148 2.86984711400563 -3.15620601100331 -3.43171335273718 -4.00153431101719 -1.83411331882587 -2.10329085535883 -1.66046938875612
"PMZI" 1.77613218585869 3.84194588054416 6.34574566118826 -0.0549700354940303 7.71177849839866 4.59325733916101 -3.01516568429446 6.1026285549592 9.4738327566116 12.0311840335844 4.30325193278217 5.71464312112854 10.3120954582576 12.5163451955116 0.910100614104648 6.46571031898395 9.26130988873065 6.63524944162408 4.83737222428964 4.25835301368172 0.633864740109744 4.8805967052304 3.86194057729894 -2.15759032641668 -1.39422624374932 -0.0858822531169062 3.83793952649313 3.81735231322628 2.48480514424733 -0.994441550247356 4.54718909515935 -0.250279346092375 0.7564944659506 5.69335929212186 4.92481186658371 6.31288280981627 7.6185198259714 2.86340183131156 3.17886914541821
"PMMT" 1.33376369029431 2.66753783191637 4.3440615836512 0.510419132001914 4.59325733916101 3.56804407225434 -1.11427319201709 3.475882755441 5.51488920185405 7.06282366077513 2.63902718574259 3.63039284930604 5.97523324323495 6.9628857100804 1.16718301788263 3.48394791687826 5.14328821712685 3.54694063792739 2.70598174531495 2.70716086509775 0.689721849693212 3.15014493928877 2.53722884525466 -0.695418875162367 -0.211081932644802 0.99352699367364 2.10289446798189 2.56625609108867 1.65571671652531 -0.294365357633416 2.58522905055516 0.343901219947306 0.50459812769593 3.30025591837736 2.40157434157786 3.461220560535 4.33951264495162 1.86711393559446 1.86609459204894
"NSLNA" -0.89023065888716 -1.03792375461917 -0.598719616836521 5.67621251802231 -3.01516568429446 -1.11427319201709 10.1386385361245 -5.40239986392992 -5.77219839857707 -12.254009500945 -2.04391855791558 -1.40399920312748 -11.3543763484898 -12.7743570347557 -0.71377002119816 -4.94931535107902 -5.98889073560584 -3.77744776325526 -0.599000298294115 -2.31996912275803 1.94708959178105 -1.16889488489525 0.254335049005432 2.71982319593171 4.05872330408729 3.30026062839055 -1.90083658717687 -3.32052732832119 0.223887854525249 1.81114081877847 -2.93453914844247 0.536642713575648 1.8212101312663 -3.85082682335916 -5.17739692378048 -6.22369800691317 -5.03585034815752 -3.3151425014088 -2.20370055112646
"NSLZS" 2.19860940609777 1.02375327275971 5.38642856199916 -2.90670138471001 6.1026285549592 3.475882755441 -5.40239986392992 9.8716137934907 9.62422335065772 14.695240982364 4.42887521584668 5.59582024109421 13.2342219640461 15.9577086736793 1.08322854888678 6.99595923328303 9.4448423530585 6.28335573713391 3.25512170228846 4.37042263906641 -2.64886545287308 3.81354314150658 0.73719475178688 -2.41630559251397 -4.30645040489486 -2.30286496830258 2.98848668576412 3.20876161953873 1.80391650516144 -1.15753052125051 4.84166786394828 -0.0966462080475134 -1.36501513569565 6.71846970041886 5.93065732427053 9.48207898384437 8.18222904986813 3.83934886155807 3.11816922856727
"NSLZI" 2.51244226465265 3.72579870779548 7.51371829808512 -2.24360422008234 9.4738327566116 5.51488920185405 -5.77219839857707 9.62422335065772 13.7918982327954 17.3791912021316 5.95035337957582 8.06146580661043 15.4140482974756 19.0582831270248 1.07550638229536 9.863156600145 13.4557895916547 9.44961920918701 6.22439860791367 5.97758627860365 -0.164770015261889 6.1359079400572 4.70802900734885 -3.30539565829745 -2.97539108723575 -0.741633105167614 4.89628838601404 5.12850998444886 3.00050979493771 -1.55380734857448 6.60808018214278 -0.637972727124609 0.377046603935812 8.26408827965295 8.65091269049872 9.93208017040028 11.0252416969374 4.55470057437056 4.27939821635121
"NABR" 3.98796804250749 4.14471711506715 9.95767145860488 -6.80993477680801 12.0311840335844 7.06282366077513 -12.254009500945 14.695240982364 17.3791912021316 37.4610718980345 8.73359878355353 9.98144487182882 32.1412356899763 34.1601152874282 3.36419110804212 13.1002056326916 18.9146452405454 11.8217353598652 6.03830634782303 9.49217832326567 -1.82367331058237 8.18282185210688 4.50818919985849 -6.10565382860545 -7.66739933995835 -4.17124216427668 7.38572725072031 7.88436560481705 4.05344624099737 -4.92174776397871 9.28041588042725 -2.01049929298323 -3.20284359467618 13.8840967944484 5.2692274309799 18.407732427445 15.7625355518032 8.03884354098934 6.7588186085439
"NAFM" 1.27744652748695 1.79733630375563 3.69156428807605 -0.618061743671847 4.30325193278217 2.63902718574259 -2.04391855791558 4.42887521584668 5.95035337957582 8.73359878355353 3.47305550923624 4.04936339626123 7.85520172399317 9.77870766121907 1.07079623929311 4.07441750910014 5.83471999628639 3.37612435251528 2.32996936979683 2.5503479471711 -0.0606163356253314 2.68172257387012 2.27953793274804 -1.87053768336135 -1.77082653545904 -0.112749316703221 2.1955865251332 2.29331204783898 1.7257859371318 -0.81377583110513 3.38644128971833 -0.25101050812907 0.0967952383856985 4.71230360966959 3.44396528618927 5.66381385352877 4.53797832548837 2.40103731475645 2.25710224195424
"NAPNS" 1.67346053173493 2.7502499730509 6.1153377701091 -0.465491814942447 5.71464312112854 3.63039284930604 -1.40399920312748 5.59582024109421 8.06146580661043 9.98144487182882 4.04936339626123 6.91307152962896 9.22281664159704 12.0733847472291 1.35998854968599 5.91937431407014 8.22164769391733 4.83665833759236 3.85222191568042 3.59747451036078 0.292236594427925 4.62238794334862 3.1006800171529 -2.13044141997349 -0.712128604888042 0.815064916971317 3.20072149731788 2.43901841824397 2.34079620134147 -0.9205538028761 4.72810848136796 -0.97021987789493 0.172826542081168 6.4953803651419 5.13924483880749 7.19107572794637 6.41463136745993 3.24001337534268 3.02221442567991
"BRPT" 3.68451346246509 3.0523825282552 8.8448539936141 -7.57161576029768 10.3120954582576 5.97523324323495 -11.3543763484898 13.2342219640461 15.4140482974756 32.1412356899763 7.85520172399317 9.22281664159704 29.6937768738016 31.829012660237 3.52866926625777 11.7836574272129 16.4357085292724 9.33161095717379 3.75599137538182 7.45947489666755 -1.9778866020153 7.05803951033911 3.66721396614443 -5.74039257214053 -7.70238577112157 -5.1050274287056 6.27032186333216 7.46323866954063 2.99380305507946 -4.50265581396197 8.86875822783616 -1.86388839811758 -3.41604913956593 13.797185495095 7.60895752332477 17.3790232382909 13.807914818419 8.03091897563661 6.75237208068345
"BRAPET" 4.18705120663789 3.83397425547838 10.8262116542518 -7.91151194469932 12.5163451955116 6.9628857100804 -12.7743570347557 15.9577086736793 19.0582831270248 34.1601152874282 9.77870766121907 12.0733847472291 31.829012660237 37.9052366378462 4.50359306898563 14.5454483485594 19.8185593407753 10.6572303539001 4.95991838730506 7.99876102905022 -2.28256401459884 8.59633129210769 4.75917219599592 -7.52520450137068 -8.61210935186732 -4.08676531599073 7.36604883247575 8.28228397164641 3.87534047614314 -4.72104137151043 11.5378809908744 -2.42580192541185 -3.16540217946066 17.0220853216409 13.1384568983243 21.0561972625782 15.7228290710393 9.73820554916243 8.19555872259994
"PTFM" 0.663870137082529 0.564931823481919 1.65485765557578 -0.680436858872491 0.910100614104648 1.16718301788263 -0.71377002119816 1.08322854888678 1.07550638229536 3.36419110804212 1.07079623929311 1.35998854968599 3.52866926625777 4.50359306898563 3.44269560999272 0.0472893393362284 0.260574363949995 -1.89048033305754 -1.70660502884637 -0.765395793099818 -0.19801903722975 1.51423807235506 0.750443316007251 -0.597271246272245 -0.769329948177458 0.121883911977789 0.532393881235944 1.0894812018228 0.556947960810171 -0.511583911162983 1.63266970840112 -0.40488252810496 -1.21507085744652 2.66184365638939 1.35438316652256 3.38851935207563 -0.265720725490155 2.00698469967613 0.997190023324376
"PTAPET" 1.63909813978418 2.38157123512362 5.1321791314246 -2.59080735242557 6.46571031898395 3.48394791687826 -4.94931535107902 6.99595923328303 9.863156600145 13.1002056326916 4.07441750910014 5.91937431407014 11.7836574272129 14.5454483485594 0.0472893393362284 8.6560137713964 10.8488953638299 7.7329075784577 5.1906896418478 4.44678715181549 -0.196846726970675 4.18748521702401 2.86171699283819 -2.68893441643616 -1.82790209901565 -0.095814177959716 3.62198735806607 3.86997727321341 1.62880539212131 -1.38381155129643 4.93244626831329 -0.893858949553917 0.571870406908258 6.4383395421234 6.35657481622643 7.38619876425402 8.44245332827494 3.12316505240548 3.17170819993141
"PTBA" 2.49371248738184 4.01916877264428 7.85723201455985 -2.60000431790203 9.26130988873065 5.14328821712685 -5.98889073560584 9.4448423530585 13.4557895916547 18.9146452405454 5.83471999628639 8.22164769391733 16.4357085292724 19.8185593407753 0.260574363949995 10.8488953638299 15.0663432570547 10.7573423930447 7.41416402480198 6.55045549042587 0.158996745608432 6.55125009947719 4.29607034792198 -3.54057219458281 -2.71759978407343 -0.193483329037631 5.58174005381957 5.01411030168745 3.42076204282914 -2.05159017616359 6.7858709342257 -0.641076312402413 0.84430764577464 8.70221085904812 7.72470326918689 10.0324091961205 11.8317673265088 4.19505206688623 4.21642119629449
"PTEAM" 1.40655719383746 2.88736815356855 4.81242018029627 -0.84215069812838 6.63524944162408 3.54694063792739 -3.77744776325526 6.28335573713391 9.44961920918701 11.8217353598652 3.37612435251528 4.83665833759236 9.33161095717379 10.6572303539001 -1.89048033305754 7.7329075784577 10.7573423930447 10.4321793902683 7.69131274992942 5.97455254277451 0.121029806551833 4.41217016635034 2.94447630851466 -1.33726706939419 -1.08240145216982 0.689374900894039 4.02563048062029 3.26257641844001 2.10867253392294 -0.915480992473884 3.42786525829575 0.705808516699495 1.61076736008136 3.71640130815948 4.74708870717912 4.09999333124528 9.91484154740195 1.66260701970124 2.17837336896593
"PTZYGO" 0.744920624105693 2.90656156094666 4.27415777456357 1.65364446572825 4.83737222428964 2.70598174531495 -0.599000298294115 3.25512170228846 6.22439860791367 6.03830634782303 2.32996936979683 3.85222191568042 3.75599137538182 4.95991838730506 -1.70660502884637 5.1906896418478 7.41416402480198 7.69131274992942 7.39519388149316 4.55823435180611 1.11668835747814 3.90901987729424 2.76183649042189 -0.482627792329773 1.5992607525971 3.01236189218345 3.55647466185652 1.53321349773582 1.9786796422727 -0.105584418589683 2.25595680958889 0.667130495046357 2.55111072218944 1.89381287383004 2.15494112175191 1.5704267338823 6.82843460151577 0.31153790758734 0.987052692901794
"PTTSP" 1.08721188062832 1.56644265556742 3.51540393506929 -0.770216763330746 4.25835301368172 2.70716086509775 -2.31996912275803 4.37042263906641 5.97758627860365 9.49217832326567 2.5503479471711 3.59747451036078 7.45947489666755 7.99876102905022 -0.765395793099818 4.44678715181549 6.55045549042587 5.97455254277451 4.55823435180611 5.88483137258699 -0.00822986475847407 2.63193675933101 1.59408249625787 -1.08297086741745 -1.3191399907517 0.872702268584707 2.51358673288123 1.69755864347587 1.72681765340461 -0.923394718183806 1.99782574851439 0.240371164047473 -0.179635987390495 2.59922378665067 1.62414394319661 2.99513024620019 5.8507633336056 1.20847809822773 1.63939496041104
"FMZS" -0.221122385008338 1.99341965957836 0.663914543665079 2.05183694740299 0.633864740109744 0.689721849693212 1.94708959178105 -2.64886545287308 -0.164770015261889 -1.82367331058237 -0.0606163356253314 0.292236594427925 -1.9778866020153 -2.28256401459884 -0.19801903722975 -0.196846726970675 0.158996745608432 0.121029806551833 1.11668835747814 -0.00822986475847407 2.91857935400727 0.905364609536641 2.1666369625455 -0.0270585209042908 2.39385600626398 2.31750655417362 0.734157942884407 0.439182966181532 0.680868134888015 0.423725882941527 -0.0165506137235185 0.0280428534571144 1.51354370896656 -0.774508362430801 -0.43018085182305 -1.99695307971709 -0.283677026786992 -0.381255766908947 -0.0731898969031583
"FMMT" 1.3741600274999 3.2962936260081 5.50532401246033 0.484246860220097 4.8805967052304 3.15014493928877 -1.16889488489525 3.81354314150658 6.1359079400572 8.18282185210688 2.68172257387012 4.62238794334862 7.05803951033911 8.59633129210769 1.51423807235506 4.18748521702401 6.55125009947719 4.41217016635034 3.90901987729424 2.63193675933101 0.905364609536641 5.79899162254384 2.8342785030527 -0.985842124867164 0.25880700126135 1.15603364974303 3.93758355276207 2.41301587422001 2.02809478463069 -0.646892270907659 3.52293319063461 -0.0694601100423348 0.540414857852393 4.27858230279934 3.13991713735038 4.9851791053481 5.84135136189333 2.46372229016229 2.04427625479284
"ZSZI" 0.637622518796448 2.5584489094393 2.85306065139782 1.09598959642121 3.86194057729894 2.53722884525466 0.254335049005432 0.73719475178688 4.70802900734885 4.50818919985849 2.27953793274804 3.1006800171529 3.66721396614443 4.75917219599592 0.750443316007251 2.86171699283819 4.29607034792198 2.94447630851466 2.76183649042189 1.59408249625787 2.1666369625455 2.8342785030527 4.29272632988225 -1.06908118074753 0.790946260788383 1.52415723160705 2.06439809846441 2.12262147291411 1.61680672577709 -0.553802670729953 2.25916428712759 -0.530735063583119 1.48453835562662 2.4828968826249 2.50350241594268 1.92470132495998 3.15199372842207 1.21415834082554 1.50656565320796
"ZIMT" -0.443124956388292 -0.633964526513412 -1.3543942527181 1.69221460666191 -2.15759032641668 -0.695418875162367 2.71982319593171 -2.41630559251397 -3.30539565829745 -6.10565382860545 -1.87053768336135 -2.13044141997349 -5.74039257214053 -7.52520450137068 -0.597271246272245 -2.68893441643616 -3.54057219458281 -1.33726706939419 -0.482627792329773 -1.08297086741745 -0.0270585209042908 -0.985842124867164 -1.06908118074753 2.64317328127605 1.73397618620689 1.20748192230651 -1.34810745469098 -1.36490102959442 -0.691428716650609 1.21417817360696 -2.31646417721247 1.38023094104843 0.666490580949637 -3.57589342834671 -2.82645004406171 -4.19290964013799 -2.1424322417142 -1.85117804323266 -1.74065062853653
"ZIZYGO" -0.937109061841365 1.42529242907671 0.108199868889944 3.79153999129787 -1.39422624374932 -0.211081932644802 4.05872330408729 -4.30645040489486 -2.97539108723575 -7.66739933995835 -1.77082653545904 -0.712128604888042 -7.70238577112157 -8.61210935186732 -0.769329948177458 -1.82790209901565 -2.71759978407343 -1.08240145216982 1.5992607525971 -1.3191399907517 2.39385600626398 0.25880700126135 0.790946260788383 1.73397618620689 6.69685177773533 4.18681377957224 0.267844416167641 -1.21854347533735 -0.350147488655806 1.36174921677953 -1.75920071555803 -0.469962191847185 2.17486233233009 -3.46560873539487 -2.63419902467667 -4.9061518614998 -1.92153444189989 -1.77734445839881 -1.85505008928199
"ZITSP" 0.0631604527614371 3.22371174535863 1.24073512324364 4.47059282994107 -0.0858822531169062 0.99352699367364 3.30026062839055 -2.30286496830258 -0.741633105167614 -4.17124216427668 -0.112749316703221 0.815064916971317 -5.1050274287056 -4.08676531599073 0.121883911977789 -0.095814177959716 -0.193483329037631 0.689374900894039 3.01236189218345 0.872702268584707 2.31750655417362 1.15603364974303 1.52415723160705 1.20748192230651 4.18681377957224 9.12932955368666 1.00125709893526 -0.0478128407838725 0.849853815807991 1.54676712148979 -0.266706623670658 1.94095453418446 2.97776764950088 -2.46014154355889 -1.18962000534939 -2.43376049934849 -0.591828272654669 -0.674256079339012 -1.35047731238908
"MTPNS" 1.03479577689576 2.89878607158516 4.38537985950617 0.106583298707668 3.83793952649313 2.10289446798189 -1.90083658717687 2.98848668576412 4.89628838601404 7.38572725072031 2.1955865251332 3.20072149731788 6.27032186333216 7.36604883247575 0.532393881235944 3.62198735806607 5.58174005381957 4.02563048062029 3.55647466185652 2.51358673288123 0.734157942884407 3.93758355276207 2.06439809846441 -1.34810745469098 0.267844416167641 1.00125709893526 3.81332103690126 1.80278367187117 1.51604332806971 -0.877844251188677 2.72991359905803 -0.0212309540279801 0.626644287463948 3.21067992594963 1.82294808918184 3.98990262087056 4.89713709477773 1.87090954153201 1.42153093448514
"PNSAPET" 1.19450202645185 2.72684564825468 2.14659011380841 -1.15667220441023 3.81735231322628 2.56625609108867 -3.32052732832119 3.20876161953873 5.12850998444886 7.88436560481705 2.29331204783898 2.43901841824397 7.46323866954063 8.28228397164641 1.0894812018228 3.86997727321341 5.01411030168745 3.26257641844001 1.53321349773582 1.69755864347587 0.439182966181532 2.41301587422001 2.12262147291411 -1.36490102959442 -1.21854347533735 -0.0478128407838725 1.80278367187117 4.53664468674218 0.663470329653465 -0.749623914446153 2.61694610218676 0.242833716828145 0.1517845537866 3.22208891586649 3.37264253261188 3.85969843510265 4.42070603138889 2.31147263343063 1.83897360922803
"APETBA" 0.717663329134848 1.6358829328275 2.54119218944541 0.92574450102856 2.48480514424733 1.65571671652531 0.223887854525249 1.80391650516144 3.00050979493771 4.05344624099737 1.7257859371318 2.34079620134147 2.99380305507946 3.87534047614314 0.556947960810171 1.62880539212131 3.42076204282914 2.10867253392294 1.9786796422727 1.72681765340461 0.680868134888015 2.02809478463069 1.61680672577709 -0.691428716650609 -0.350147488655806 0.849853815807991 1.51604332806971 0.663470329653465 2.18185443078616 -0.264549555570884 1.76588471843785 0.309121846437128 0.73513547457966 2.12351302288727 1.12585125862373 2.04511170645413 2.18589515130005 0.756491957495146 0.794473388909486
"APETTS" -0.253409335931577 0.186085490444974 -0.720733603520793 1.74697589146613 -0.994441550247356 -0.294365357633416 1.81114081877847 -1.15753052125051 -1.55380734857448 -4.92174776397871 -0.81377583110513 -0.9205538028761 -4.50265581396197 -4.72104137151043 -0.511583911162983 -1.38381155129643 -2.05159017616359 -0.915480992473884 -0.105584418589683 -0.923394718183806 0.423725882941527 -0.646892270907659 -0.553802670729953 1.21417817360696 1.36174921677953 1.54676712148979 -0.877844251188677 -0.749623914446153 -0.264549555570884 1.70831619600808 -0.884811042125191 0.852562793703886 0.746365665192736 -1.99673446689757 -0.350862342788514 -2.17966581264899 -1.21905925953166 -0.756091199432097 -0.989144428068896
"BAEAM" 1.4502533981118 1.9749892920326 4.24718756838443 -1.53130015195751 4.54718909515935 2.58522905055516 -2.93453914844247 4.84166786394828 6.60808018214278 9.28041588042725 3.38644128971833 4.72810848136796 8.86875822783616 11.5378809908744 1.63266970840112 4.93244626831329 6.7858709342257 3.42786525829575 2.25595680958889 1.99782574851439 -0.0165506137235185 3.52293319063461 2.25916428712759 -2.31646417721247 -1.75920071555803 -0.266706623670658 2.72991359905803 2.61694610218676 1.76588471843785 -0.884811042125191 4.69206488447921 -0.926681456626609 -0.10879182661339 6.07444255563185 4.77713817423207 7.14274397405651 5.20427016054744 3.4058090347604 2.6979759510514
"EAMZYGO" 0.297662785435521 1.23308178851893 0.0517622680187075 1.73972656740148 -0.250279346092375 0.343901219947306 0.536642713575648 -0.0966462080475134 -0.637972727124609 -2.01049929298323 -0.25101050812907 -0.97021987789493 -1.86388839811758 -2.42580192541185 -0.40488252810496 -0.893858949553917 -0.641076312402413 0.705808516699495 0.667130495046357 0.240371164047473 0.0280428534571144 -0.0694601100423348 -0.530735063583119 1.38023094104843 -0.469962191847185 1.94095453418446 -0.0212309540279801 0.242833716828145 0.309121846437128 0.852562793703886 -0.926681456626609 3.59499764399517 1.51625004832737 -1.79987266991973 -0.211312751004645 -1.68075722273332 0.144998944670226 -0.797084966161346 -0.921526177505011
"ZYGOTSP" -0.0879804523861974 2.0591650764641 0.563342975402765 2.86984711400563 0.7564944659506 0.50459812769593 1.8212101312663 -1.36501513569565 0.377046603935812 -3.20284359467618 0.0967952383856985 0.172826542081168 -3.41604913956593 -3.16540217946066 -1.21507085744652 0.571870406908258 0.84430764577464 1.61076736008136 2.55111072218944 -0.179635987390495 1.51354370896656 0.540414857852393 1.48453835562662 0.666490580949637 2.17486233233009 2.97776764950088 0.626644287463948 0.1517845537866 0.73513547457966 0.746365665192736 -0.10879182661339 1.51625004832737 3.50361138605866 -0.992956361199661 -0.320594118633616 -2.03634619136854 0.267503082079297 -1.22491334629992 -0.749121506966506
"LDAS" 1.98785125795103 1.49051620996082 5.81736671096836 -3.15620601100331 5.69335929212186 3.30025591837736 -3.85082682335916 6.71846970041886 8.26408827965295 13.8840967944484 4.71230360966959 6.4953803651419 13.797185495095 17.0220853216409 2.66184365638939 6.4383395421234 8.70221085904812 3.71640130815948 1.89381287383004 2.59922378665067 -0.774508362430801 4.27858230279934 2.4828968826249 -3.57589342834671 -3.46560873539487 -2.46014154355889 3.21067992594963 3.22208891586649 2.12351302288727 -1.99673446689757 6.07444255563185 -1.79987266991973 -0.992956361199661 11.0034311503376 5.71253684097676 11.0876933989582 6.5977473381176 4.47780156853907 4.255092439862
"BRLD" 1.091480073381 0.260269814746138 3.20318280040637 -3.43171335273718 4.92481186658371 2.40157434157786 -5.17739692378048 5.93065732427053 8.65091269049872 5.2692274309799 3.44396528618927 5.13924483880749 7.60895752332477 13.1384568983243 1.35438316652256 6.35657481622643 7.72470326918689 4.74708870717912 2.15494112175191 1.62414394319661 -0.43018085182305 3.13991713735038 2.50350241594268 -2.82645004406171 -2.63419902467667 -1.18962000534939 1.82294808918184 3.37264253261188 1.12585125862373 -0.350862342788514 4.77713817423207 -0.211312751004645 -0.320594118633616 5.71253684097676 19.1552576856669 5.42995395673478 6.94140582200898 4.3191197323496 3.43821691026225
"OPILD" 2.52972609231176 1.79548454284658 6.03505538933485 -4.00153431101719 6.31288280981627 3.461220560535 -6.22369800691317 9.48207898384437 9.93208017040028 18.407732427445 5.66381385352877 7.19107572794637 17.3790232382909 21.0561972625782 3.38851935207563 7.38619876425402 10.0324091961205 4.09999333124528 1.5704267338823 2.99513024620019 -1.99695307971709 4.9851791053481 1.92470132495998 -4.19290964013799 -4.9061518614998 -2.43376049934849 3.98990262087056 3.85969843510265 2.04511170645413 -2.17966581264899 7.14274397405651 -1.68075722273332 -2.03634619136854 11.0876933989582 5.42995395673478 14.9115291311753 7.8747069991757 6.03425190931229 4.16854817990656
"PTAS" 2.10192607827332 3.1436464194333 6.48586534631946 -1.83411331882587 7.6185198259714 4.33951264495162 -5.03585034815752 8.18222904986813 11.0252416969374 15.7625355518032 4.53797832548837 6.41463136745993 13.807914818419 15.7228290710393 -0.265720725490155 8.44245332827494 11.8317673265088 9.91484154740195 6.82843460151577 5.8507633336056 -0.283677026786992 5.84135136189333 3.15199372842207 -2.1424322417142 -1.92153444189989 -0.591828272654669 4.89713709477773 4.42070603138889 2.18589515130005 -1.21905925953166 5.20427016054744 0.144998944670226 0.267503082079297 6.5977473381176 6.94140582200898 7.8747069991757 11.7988211409947 3.90708294106642 3.40487422435592
"JPAS" 1.17607966885516 1.26794073018994 2.80786724522111 -2.10329085535883 2.86340183131156 1.86711393559446 -3.3151425014088 3.83934886155807 4.55470057437056 8.03884354098934 2.40103731475645 3.24001337534268 8.03091897563661 9.73820554916243 2.00698469967613 3.12316505240548 4.19505206688623 1.66260701970124 0.31153790758734 1.20847809822773 -0.381255766908947 2.46372229016229 1.21415834082554 -1.85117804323266 -1.77734445839881 -0.674256079339012 1.87090954153201 2.31147263343063 0.756491957495146 -0.756091199432097 3.4058090347604 -0.797084966161346 -1.22491334629992 4.47780156853907 4.3191197323496 6.03425190931229 3.90708294106642 3.78085265861826 2.17443869584534
"BAOPI" 0.84946485180194 0.927911528587024 2.75153355382321 -1.66046938875612 3.17886914541821 1.86609459204894 -2.20370055112646 3.11816922856727 4.27939821635121 6.7588186085439 2.25710224195424 3.02221442567991 6.75237208068345 8.19555872259994 0.997190023324376 3.17170819993141 4.21642119629449 2.17837336896593 0.987052692901794 1.63939496041104 -0.0731898969031583 2.04427625479284 1.50656565320796 -1.74065062853653 -1.85505008928199 -1.35047731238908 1.42153093448514 1.83897360922803 0.794473388909486 -0.989144428068896 2.6979759510514 -0.921526177505011 -0.749121506966506 4.255092439862 3.43821691026225 4.16854817990656 3.40487422435592 2.17443869584534 2.6415820116153
