"" "ISPM" "ISNSL" "ISPNS" "PMZS" "PMZI" "PMMT" "NSLNA" "NSLZS" "NSLZI" "NABR" "NAFM" "NAPNS" "BRPT" "BRAPET" "PTFM" "PTAPET" "PTBA" "PTEAM" "PTZYGO" "PTTSP" "FMZS" "FMMT" "ZSZI" "ZIMT" "ZIZYGO" "ZITSP" "MTPNS" "PNSAPET" "APETBA" "APETTS" "BAEAM" "EAMZYGO" "ZYGOTSP" "LDAS" "BRLD" "OPILD" "PTAS" "JPAS" "BAOPI"
"ISPM" 0.682239297717215 1.27836020939257 1.88448607238634 1.03632958603849 0.896654265124025 1.12421942150083 0.173340980234052 0.235620184225352 0.627746745233015 1.20449457614521 0.334315676063676 0.794285338467109 0.751608658739349 1.19866837224991 0.798697740360274 0.632740936834147 0.774963997215476 0.674600118610233 0.758426705656296 0.409393725581349 0.290706169118048 1.22831851661405 0.476740220188855 0.424104825221385 0.970564365696161 0.40466866038586 0.443012139968579 0.88935767715046 0.00844987402370055 -0.00526819828642062 0.633738419018479 0.303988785451217 0.768033613101435 0.481715334713945 1.31322245800645 0.774527473826578 0.433179303307195 0.356784244821282 0.195835499733182
"ISNSL" 1.27836020939257 7.09151850256327 6.5758437989217 4.87085110663728 3.76270955907084 3.82348515692507 -0.563678992681365 0.796463162337423 1.93020848236146 3.47559365213408 1.22612068378602 2.6994038919181 1.8311344988656 2.3539846970987 2.52107793186812 1.15353669726864 1.30152588913441 1.34724361498371 2.30304538343259 1.0059401077007 0.763498293175643 3.3833752332354 1.2638996151386 0.500447376885907 2.9103060736009 1.19103447388889 1.3075643521633 2.80166977178385 -0.309141341751637 -0.0277038491605263 2.19163595793572 1.11976088251346 2.36528639433766 0.666579742247338 1.34895231289288 1.61067415442407 0.769743604057184 0.751190301159891 0.308007951635299
"ISPNS" 1.88448607238634 6.5758437989217 8.72470206485217 5.57937237273144 4.67084375033332 4.94069915683258 0.640046505541908 0.914131313239639 2.66267906765249 4.43809600113317 1.32249812611683 3.61055275537492 2.28378831950827 3.78364454794733 3.03792908115374 2.17379696950194 2.70322314439014 2.34251592923117 3.0579921931381 1.28269124724113 1.24737846838105 4.55908918507857 2.12525495205403 0.811760694942373 3.57666958586753 1.90674215314295 1.77313214296682 3.25528563064226 -0.0280601986844573 -0.288536775760575 2.90236522181962 1.46086349414693 3.24899881532206 1.06628601051913 3.65857129325747 2.50438221000676 1.7009662314355 1.67151927159942 0.48264118728861
"PMZS" 1.03632958603849 4.87085110663728 5.57937237273144 5.55095829645205 4.36023974320348 3.76216762979125 0.968743505815838 1.37010091767594 2.19550142737105 3.752690572577 1.06453192571597 2.7609316336748 1.88073226036492 3.02175565438219 2.47284687558173 1.11585875485942 1.77708401342136 1.84329901208834 2.44196601959528 0.346622681183562 0.320771425593473 3.4964206836336 1.33622207419445 0.781076212177643 2.56636302853499 2.11558513717327 1.48370933074269 2.79168859392731 0.514933123644167 0.0563323296968574 2.39107851017225 1.59589002252623 2.37967585295514 0.539118755777751 2.4857976746613 2.15205826810356 1.39580732101139 1.68475052849035 0.156808147066584
"PMZI" 0.896654265124025 3.76270955907084 4.67084375033332 4.36023974320348 4.54114988846888 3.45544119181127 0.712350356863884 1.43594297857217 2.61214179106133 3.37077734821987 1.10306539036623 2.25841918257233 1.7396064799639 2.67322144429867 2.00207431810503 0.920288329611948 1.65759492438872 1.6852381368152 2.01923597838921 0.340338010295256 0.475089077654557 2.91041868342296 1.39341494537106 0.647550700156498 1.84921227948468 1.44973603138983 1.29969178054279 2.74398718551841 0.502546109266476 -0.0868472525567121 2.15611897418567 1.25789951172844 1.92511623113868 0.764441102801856 2.04475085603209 2.32379371278859 1.4235987552148 1.55957565543753 0.1248075613416
"PMMT" 1.12421942150083 3.82348515692507 4.94069915683258 3.76216762979125 3.45544119181127 4.23026893102091 0.630572789383905 0.949236948471436 1.97156731786378 3.07900852988808 0.880905127425392 2.42370608771086 2.00896825657069 2.90943319025887 2.15351092333192 1.32471579123789 1.72842569862617 1.6090898405669 1.92516449528062 0.892434578852413 0.668538140495672 2.84460486153977 1.25852004723036 0.922917037977702 2.28172905696865 1.11553695662225 0.745764824125527 2.76120538832035 0.0438141647600076 -0.155971822430317 1.87791603726647 1.09974390427495 1.90503147715507 0.988590972866688 2.33556872348862 2.24929314886479 1.18212657639175 1.40320682026942 0.52924406977474
"NSLNA" 0.173340980234052 -0.563678992681365 0.640046505541908 0.968743505815838 0.712350356863884 0.630572789383905 2.91597101809362 -0.0923433428531413 0.486138126590099 -0.432570173019104 -0.289823710441773 0.490054577910407 -0.235758021875059 0.361759196482778 0.371647606996387 0.261547324367797 0.51463589268448 0.111521948291658 0.625803610765609 0.165244763300582 0.552777277738702 0.800638780415881 0.806089287419388 0.289881643351493 0.116593468385719 0.863180773774676 0.316394349847385 0.619296081006502 0.272956707881654 -0.25502930067289 0.47654070233552 0.470498157367762 0.594246576032296 -0.0382454086980564 1.32290800745169 -0.364454719974085 0.0363449425483904 0.145094817290236 0.229289200322699
"NSLZS" 0.235620184225352 0.796463162337423 0.914131313239639 1.37010091767594 1.43594297857217 0.949236948471436 -0.0923433428531413 3.13929182505757 1.59497480679231 1.05689858878423 1.24054880354025 0.904250875751139 0.961438339092462 1.17667738005574 0.0051845142972361 -0.331653685408449 0.374109778423096 0.826416844701323 0.837152112861535 -0.844566742711286 -0.87962125722937 0.269631934138271 -1.15934277303043 0.101878906293804 1.46077259335446 0.880238055311877 0.408641291211707 0.904826759931636 0.687182418772367 0.302591698837561 0.790575590475897 -0.444762970211995 0.633231574625035 0.599033092561762 1.3179150936491 1.56485865959715 0.933322957189887 0.747613476563023 -0.0492542807726554
"NSLZI" 0.627746745233015 1.93020848236146 2.66267906765249 2.19550142737105 2.61214179106133 1.97156731786378 0.486138126590099 1.59497480679231 2.3016520914067 1.81799704582406 1.03085332299018 1.46369165932773 1.09999078175897 1.73703053475541 0.772933711332587 0.501128707330449 1.02098182799124 1.13957092765417 1.45217029618167 -0.0159145844600741 0.276769772937931 1.57052361758831 0.88118491326557 0.22697849609309 1.27354373448151 1.07274128652206 0.74620507921795 1.85837173696504 0.159187737302332 -0.153088435752975 1.32138173845166 0.197976317966148 1.36006702471848 0.5780629215418 1.84679203281679 1.46912974256193 1.16013993401186 0.992804610063831 0.273899260074694
"NABR" 1.20449457614521 3.47559365213408 4.43809600113317 3.752690572577 3.37077734821987 3.07900852988808 -0.432570173019104 1.05689858878423 1.81799704582406 8.18321234460764 1.66547750461778 2.73098247764595 4.07552807074202 4.77512891140259 3.60324398409742 1.57446197380732 2.62457642015117 2.24176291598946 2.39690628445244 1.38155856004272 0.69815709792934 4.00946175204742 0.92804845795286 1.5448042457279 2.95995610002528 1.40205331766585 1.67893598584925 2.84208642414623 1.22659724848209 0.425611042335904 2.42678237605531 1.93940555213346 2.6387442525459 1.19652405011633 1.91759135044988 2.87081068867905 1.75091282357222 2.05734862362152 0.0160967011429272
"NAFM" 0.334315676063676 1.22612068378602 1.32249812611683 1.06453192571597 1.10306539036623 0.880905127425392 -0.289823710441773 1.24054880354025 1.03085332299018 1.66547750461778 1.48095433445193 1.15129814486326 0.888895056355662 0.936560691391773 0.393350399668412 -0.164062298703943 0.27106490976099 0.626334333575254 0.735519061038049 -0.216909217755637 0.212735745125365 0.767845078614922 -0.0769196031847846 0.242244459749707 1.22425404190861 0.489869683031441 0.490439072281591 0.657980247879349 0.370473825981201 0.297935530139921 0.626684443255677 0.11216068445348 0.821796119553179 0.404690150560335 0.751942597820231 0.949515517153047 0.595720810098622 0.40319350235958 0.0222219003301672
"NAPNS" 0.794285338467109 2.6994038919181 3.61055275537492 2.7609316336748 2.25841918257233 2.42370608771086 0.490054577910407 0.904250875751139 1.46369165932773 2.73098247764595 1.15129814486326 2.78686119307014 1.79933618415403 2.54105805868662 1.42795086623985 0.74975774245718 1.21466338051898 1.33524674465883 1.38142152060671 0.457983937245743 0.493935324761493 2.52300506380383 0.779808311179845 0.839955239782846 1.92742322091385 0.756550636756417 0.859737929229071 1.5526872042186 0.319368771131092 0.150863781293784 1.41566049340308 1.13913696123121 1.53438516061777 0.727597258526582 1.93190256478545 1.84060423605103 1.08595476312252 1.1537481979733 0.287229057181579
"BRPT" 0.751608658739349 1.8311344988656 2.28378831950827 1.88073226036492 1.7396064799639 2.00896825657069 -0.235758021875059 0.961438339092462 1.09999078175897 4.07552807074202 0.888895056355662 1.79933618415403 4.66358807360205 3.99385185798452 1.44768542556189 -0.49912952856173 0.260637577873488 0.75304936994054 -0.182660877117362 -0.737243046949403 0.195058160446232 2.36876626842502 0.10433860105711 1.25710866561692 2.31184154610385 0.824134855461975 0.886936192245705 1.8479073652574 0.570115766718051 0.333485238258669 1.31517269847446 1.44742670740786 0.760077885678535 1.07387719927638 2.19813070339443 2.34256767865975 1.49470940386612 1.29773727323004 0.0701142322765475
"BRAPET" 1.19866837224991 2.3539846970987 3.78364454794733 3.02175565438219 2.67322144429867 2.90943319025887 0.361759196482778 1.17667738005574 1.73703053475541 4.77512891140259 0.936560691391773 2.54105805868662 3.99385185798452 5.60932934536878 2.56380424550385 1.55241067142319 2.16276552458699 2.01465270635723 1.70523076303271 0.673626766451492 0.495905403926612 3.52964006077674 0.736449323308478 1.60890221791288 2.73218318783161 1.42405051325721 1.18745249472227 2.3748507137524 0.665471279525963 0.368020526376176 2.03911279165409 1.69476479359146 1.84165087415058 1.91719266854358 3.66535468376126 3.99579023356283 1.61416133417938 2.15172497787009 0.304808470160144
"PTFM" 0.798697740360274 2.52107793186812 3.03792908115374 2.47284687558173 2.00207431810503 2.15351092333192 0.371647606996387 0.0051845142972361 0.772933711332587 3.60324398409742 0.393350399668412 1.42795086623985 1.44768542556189 2.56380424550385 4.41809206643287 1.72394151192915 1.56628055270506 1.01524884849704 2.14135246812987 2.17966261060908 0.517631633614454 2.95275346378093 0.862335471466701 1.21477550706399 1.6011709225275 1.08782142323336 0.978349529939044 2.28478626018025 0.084245953822153 0.249295217173084 1.52616125014259 1.66524192368919 2.04253965316726 1.16455598043911 1.74620426709366 1.67083755118589 -0.296504685872342 1.13215500447552 0.376459346285465
"PTAPET" 0.632740936834147 1.15353669726864 2.17379696950194 1.11585875485942 0.920288329611948 1.32471579123789 0.261547324367797 -0.331653685408449 0.501128707330449 1.57446197380732 -0.164062298703943 0.74975774245718 -0.49912952856173 1.55241067142319 1.72394151192915 3.93610234973513 3.16302127167356 1.69952688030424 2.59432234679547 2.65455131867714 0.623653991242152 1.32658136549872 0.87609485374139 0.225827683664754 0.599693493185719 0.204853232175111 0.187634574358457 1.06199893179678 -0.647579088311955 -0.0198863155397845 0.881086754309504 0.0465200343035742 1.66348005717944 0.737802610552811 1.48661430635982 0.516401938334036 0.23637257691609 0.544889184842789 0.842314643392824
"PTBA" 0.774963997215476 1.30152588913441 2.70322314439014 1.77708401342136 1.65759492438872 1.72842569862617 0.51463589268448 0.374109778423096 1.02098182799124 2.62457642015117 0.27106490976099 1.21466338051898 0.260637577873488 2.16276552458699 1.56628055270506 3.16302127167356 3.62229691887414 2.33783443239952 2.61444000252485 1.95310322698958 0.641989780341042 1.94965394328856 0.831293879663736 0.522567884051941 1.23957784138356 0.701983377825763 0.571883238367762 1.38785996915528 0.498878403568821 0.0964666245137626 1.3572461593021 0.395951823965088 1.75760933765858 0.693295251711928 2.18045609931316 1.18095203727776 1.0915364947213 1.07561001526741 0.373247535174224
"PTEAM" 0.674600118610233 1.34724361498371 2.34251592923117 1.84329901208834 1.6852381368152 1.6090898405669 0.111521948291658 0.826416844701323 1.13957092765417 2.24176291598946 0.626334333575254 1.33524674465883 0.75304936994054 2.01465270635723 1.01524884849704 1.69952688030424 2.33783443239952 2.89871671505701 2.28998185068879 0.629257374511155 0.106193926428367 1.97813593729739 0.595751637581809 0.559361217844669 1.4393300049499 0.98517731201274 0.867903683806185 0.959909892345588 0.597566368384876 0.368204824632362 1.07614786508788 0.674055115887746 1.56029979953216 0.888478741835247 1.77458834771731 2.05754927104576 1.97926593988469 1.49288856206528 0.136521542672066
"PTZYGO" 0.758426705656296 2.30304538343259 3.0579921931381 2.44196601959528 2.01923597838921 1.92516449528062 0.625803610765609 0.837152112861535 1.45217029618167 2.39690628445244 0.735519061038049 1.38142152060671 -0.182660877117362 1.70523076303271 2.14135246812987 2.59432234679547 2.61444000252485 2.28998185068879 4.24858047462454 1.62154694039147 0.444499982500124 2.15805327909487 0.992131306985888 0.310020032060563 1.56491165888328 1.61992193762317 0.807219808025759 1.50683307337337 -0.0337678516887161 0.0541212139496958 1.48833509480448 0.41010500719739 3.17851749203393 0.843474917603101 1.66838246273489 1.27571592056496 0.797852412326593 1.06669700066398 0.623075852063526
"PTTSP" 0.409393725581349 1.0059401077007 1.28269124724113 0.346622681183562 0.340338010295256 0.892434578852413 0.165244763300582 -0.844566742711286 -0.0159145844600741 1.38155856004272 -0.216909217755637 0.457983937245743 -0.737243046949403 0.673626766451492 2.17966261060908 2.65455131867714 1.95310322698958 0.629257374511155 1.62154694039147 4.57147155788035 0.712857541714948 1.00229240527502 0.688423093969161 0.179409489659892 0.40562816503436 -2.08406718874778 0.0271471502038614 0.896972982440988 -0.286577280294424 -0.0635083756864945 0.297868091342785 -0.0834713157154443 1.049135114237 0.334125567242594 -0.154889946542935 0.0843698533492388 -1.09008035804675 0.363707938991037 0.370844538884586
"FMZS" 0.290706169118048 0.763498293175643 1.24737846838105 0.320771425593473 0.475089077654557 0.668538140495672 0.552777277738702 -0.87962125722937 0.276769772937931 0.69815709792934 0.212735745125365 0.493935324761493 0.195058160446232 0.495905403926612 0.517631633614454 0.623653991242152 0.641989780341042 0.106193926428367 0.444499982500124 0.712857541714948 1.58359156222118 1.18243672143423 0.986314406908633 0.130967947277295 0.459120115016905 0.331532363435005 0.216074468047557 0.588845363265063 -0.115472475909065 -0.16805883444467 0.406405623449025 0.320170830694983 0.611135484068813 0.203978821092707 0.429068185561545 0.206559048843268 -0.078490277850383 0.183442209956815 0.216086548027813
"FMMT" 1.22831851661405 3.3833752332354 4.55908918507857 3.4964206836336 2.91041868342296 2.84460486153977 0.800638780415881 0.269631934138271 1.57052361758831 4.00946175204742 0.767845078614922 2.52300506380383 2.36876626842502 3.52964006077674 2.95275346378093 1.32658136549872 1.94965394328856 1.97813593729739 2.15805327909487 1.00229240527502 1.18243672143423 4.6083061449847 1.51388542829295 1.67627416160594 2.3976946409629 1.64873041303613 1.69666450988308 2.37114908800468 0.536895841002415 0.054853919885974 1.94700907886588 1.9934387158766 2.26736944604463 1.19856207600287 2.29228737032462 2.52852100122245 1.16613808943005 1.78592942009748 0.34223777909541
"ZSZI" 0.476740220188855 1.2638996151386 2.12525495205403 1.33622207419445 1.39341494537106 1.25852004723036 0.806089287419388 -1.15934277303043 0.88118491326557 0.92804845795286 -0.0769196031847846 0.779808311179845 0.10433860105711 0.736449323308478 0.862335471466701 0.87609485374139 0.831293879663736 0.595751637581809 0.992131306985888 0.688423093969161 0.986314406908633 1.51388542829295 2.08298165145138 0.0172907886471214 0.135231050766808 0.594478513279506 0.459989572325942 1.10609620301091 -0.385352740103186 -0.409763150206792 0.728140569949037 0.648321835357661 1.04147728918755 0.0609226190099607 0.984459481476074 0.0889249641617939 0.446799422092062 0.458556283322066 0.382939789047419
"ZIMT" 0.424104825221385 0.500447376885907 0.811760694942373 0.781076212177643 0.647550700156498 0.922917037977702 0.289881643351493 0.101878906293804 0.22697849609309 1.5448042457279 0.242244459749707 0.839955239782846 1.25710866561692 1.60890221791288 1.21477550706399 0.225827683664754 0.522567884051941 0.559361217844669 0.310020032060563 0.179409489659892 0.130967947277295 1.67627416160594 0.0172907886471214 2.13390033986284 0.412936658968373 0.568651436878024 0.439688888345684 0.561133398461272 0.438717572269989 0.104315903333491 0.337112688687263 1.32379960817735 0.0998645665543354 0.41494675279096 0.716334702350038 0.921489450334365 0.0891051589275568 0.399177162877698 -0.142105591688804
"ZIZYGO" 0.970564365696161 2.9103060736009 3.57666958586753 2.56636302853499 1.84921227948468 2.28172905696865 0.116593468385719 1.46077259335446 1.27354373448151 2.95995610002528 1.22425404190861 1.92742322091385 2.31184154610385 2.73218318783161 1.6011709225275 0.599693493185719 1.23957784138356 1.4393300049499 1.56491165888328 0.40562816503436 0.459120115016905 2.3976946409629 0.135231050766808 0.412936658968373 4.33842765695488 1.22325037771923 1.0950813917411 1.85745741244453 0.482849745812743 0.444213080257778 1.55304902994772 -0.51901336670829 2.03454767738832 0.813059485048814 2.1283947032961 2.1121222024575 1.07129715912078 1.3701064608875 0.185835205950728
"ZITSP" 0.40466866038586 1.19103447388889 1.90674215314295 2.11558513717327 1.44973603138983 1.11553695662225 0.863180773774676 0.880238055311877 1.07274128652206 1.40205331766585 0.489869683031441 0.756550636756417 0.824134855461975 1.42405051325721 1.08782142323336 0.204853232175111 0.701983377825763 0.98517731201274 1.61992193762317 -2.08406718874778 0.331532363435005 1.64873041303613 0.594478513279506 0.568651436878024 1.22325037771923 4.29484244585727 0.822285046050103 1.2441870004495 0.223086848055202 0.241496187726391 1.16978399037804 1.00176671438889 1.23076664543704 0.479954711393279 1.78544454975551 1.12282835201797 1.02189079543117 0.682435737261798 0.23225659564764
"MTPNS" 0.443012139968579 1.3075643521633 1.77313214296682 1.48370933074269 1.29969178054279 0.745764824125527 0.316394349847385 0.408641291211707 0.74620507921795 1.67893598584925 0.490439072281591 0.859737929229071 0.886936192245705 1.18745249472227 0.978349529939044 0.187634574358457 0.571883238367762 0.867903683806185 0.807219808025759 0.0271471502038614 0.216074468047557 1.69666450988308 0.459989572325942 0.439688888345684 1.0950813917411 0.822285046050103 1.28173133674541 0.747594319010658 0.465523520534278 0.199772743410839 0.812280479532199 0.757842324825583 0.897917243130376 0.365473652821841 0.650606285770746 1.05978705918854 0.784652439933906 0.673920778047757 -0.146957286236267
"PNSAPET" 0.88935767715046 2.80166977178385 3.25528563064226 2.79168859392731 2.74398718551841 2.76120538832035 0.619296081006502 0.904826759931636 1.85837173696504 2.84208642414623 0.657980247879349 1.5526872042186 1.8479073652574 2.3748507137524 2.28478626018025 1.06199893179678 1.38785996915528 0.959909892345588 1.50683307337337 0.896972982440988 0.588845363265063 2.37114908800468 1.10609620301091 0.561133398461272 1.85745741244453 1.2441870004495 0.747594319010658 3.55367057199227 -0.376467267447372 -0.244225689547747 1.63906017133253 1.02702670096206 1.40542026563003 0.983676662488527 2.35742810595341 1.52839265539236 0.679897186290247 0.944044549183688 0.632850692649913
"APETBA" 0.00844987402370055 -0.309141341751637 -0.0280601986844573 0.514933123644167 0.502546109266476 0.0438141647600076 0.272956707881654 0.687182418772367 0.159187737302332 1.22659724848209 0.370473825981201 0.319368771131092 0.570115766718051 0.665471279525963 0.084245953822153 -0.647579088311955 0.498878403568821 0.597566368384876 -0.0337678516887161 -0.286577280294424 -0.115472475909065 0.536895841002415 -0.385352740103186 0.438717572269989 0.482849745812743 0.223086848055202 0.465523520534278 -0.376467267447372 1.87043430843725 0.589249057801445 0.310980601281623 0.508586393307688 0.0757812107647008 -0.0793170119641693 -0.265645125699736 0.908728969865196 0.608302203907829 0.682293757592122 -0.781958361131636
"APETTS" -0.00526819828642062 -0.0277038491605263 -0.288536775760575 0.0563323296968574 -0.0868472525567121 -0.155971822430317 -0.25502930067289 0.302591698837561 -0.153088435752975 0.425611042335904 0.297935530139921 0.150863781293784 0.333485238258669 0.368020526376176 0.249295217173084 -0.0198863155397845 0.0964666245137626 0.368204824632362 0.0541212139496958 -0.0635083756864945 -0.16805883444467 0.054853919885974 -0.409763150206792 0.104315903333491 0.444213080257778 0.241496187726391 0.199772743410839 -0.244225689547747 0.589249057801445 1.11086343645144 0.131572738511761 0.301695247095557 0.0838177147027008 0.335943711432265 -0.405050132118905 0.641433593617536 0.234089195781095 0.217212984117223 -0.195326874500936
"BAEAM" 0.633738419018479 2.19163595793572 2.90236522181962 2.39107851017225 2.15611897418567 1.87791603726647 0.47654070233552 0.790575590475897 1.32138173845166 2.42678237605531 0.626684443255677 1.41566049340308 1.31517269847446 2.03911279165409 1.52616125014259 0.881086754309504 1.3572461593021 1.07614786508788 1.48833509480448 0.297868091342785 0.406405623449025 1.94700907886588 0.728140569949037 0.337112688687263 1.55304902994772 1.16978399037804 0.812280479532199 1.63906017133253 0.310980601281623 0.131572738511761 1.97639443106205 0.773936785373942 1.58920921186246 0.670564205794199 2.07362001474948 1.15613710276533 1.0498903281943 1.16681072444637 0.451484296660213
"EAMZYGO" 0.303988785451217 1.11976088251346 1.46086349414693 1.59589002252623 1.25789951172844 1.09974390427495 0.470498157367762 -0.444762970211995 0.197976317966148 1.93940555213346 0.11216068445348 1.13913696123121 1.44742670740786 1.69476479359146 1.66524192368919 0.0465200343035742 0.395951823965088 0.674055115887746 0.41010500719739 -0.0834713157154443 0.320170830694983 1.9934387158766 0.648321835357661 1.32379960817735 -0.51901336670829 1.00176671438889 0.757842324825583 1.02702670096206 0.508586393307688 0.301695247095557 0.773936785373942 3.32994516486722 0.339528225358558 0.596421834968797 0.670945037407536 1.31238244052674 0.681588371043807 0.73999272439811 -0.136042871975228
"ZYGOTSP" 0.768033613101435 2.36528639433766 3.24899881532206 2.37967585295514 1.92511623113868 1.90503147715507 0.594246576032296 0.633231574625035 1.36006702471848 2.6387442525459 0.821796119553179 1.53438516061777 0.760077885678535 1.84165087415058 2.04253965316726 1.66348005717944 1.75760933765858 1.56029979953216 3.17851749203393 1.049135114237 0.611135484068813 2.26736944604463 1.04147728918755 0.0998645665543354 2.03454767738832 1.23076664543704 0.897917243130376 1.40542026563003 0.0757812107647008 0.0838177147027008 1.58920921186246 0.339528225358558 3.49594816253724 0.435273461157716 1.99509526866435 0.799114283536212 0.960975884011143 1.26356459157629 0.610506308583884
"LDAS" 0.481715334713945 0.666579742247338 1.06628601051913 0.539118755777751 0.764441102801856 0.988590972866688 -0.0382454086980564 0.599033092561762 0.5780629215418 1.19652405011633 0.404690150560335 0.727597258526582 1.07387719927638 1.91719266854358 1.16455598043911 0.737802610552811 0.693295251711928 0.888478741835247 0.843474917603101 0.334125567242594 0.203978821092707 1.19856207600287 0.0609226190099607 0.41494675279096 0.813059485048814 0.479954711393279 0.365473652821841 0.983676662488527 -0.0793170119641693 0.335943711432265 0.670564205794199 0.596421834968797 0.435273461157716 2.85502143386658 1.05009962591952 3.42424714992551 0.371935145563098 0.253991193380857 0.611470908916466
"BRLD" 1.31322245800645 1.34895231289288 3.65857129325747 2.4857976746613 2.04475085603209 2.33556872348862 1.32290800745169 1.3179150936491 1.84679203281679 1.91759135044988 0.751942597820231 1.93190256478545 2.19813070339443 3.66535468376126 1.74620426709366 1.48661430635982 2.18045609931316 1.77458834771731 1.66838246273489 -0.154889946542935 0.429068185561545 2.29228737032462 0.984459481476074 0.716334702350038 2.1283947032961 1.78544454975551 0.650606285770746 2.35742810595341 -0.265645125699736 -0.405050132118905 2.07362001474948 0.670945037407536 1.99509526866435 1.05009962591952 10.3610549333502 0.56715177581238 2.12842484656535 1.58052582361667 1.19873377615297
"OPILD" 0.774527473826578 1.61067415442407 2.50438221000676 2.15205826810356 2.32379371278859 2.24929314886479 -0.364454719974085 1.56485865959715 1.46912974256193 2.87081068867905 0.949515517153047 1.84060423605103 2.34256767865975 3.99579023356283 1.67083755118589 0.516401938334036 1.18095203727776 2.05754927104576 1.27571592056496 0.0843698533492388 0.206559048843268 2.52852100122245 0.0889249641617939 0.921489450334365 2.1121222024575 1.12282835201797 1.05978705918854 1.52839265539236 0.908728969865196 0.641433593617536 1.15613710276533 1.31238244052674 0.799114283536212 3.42424714992551 0.56715177581238 8.04158018393369 1.64349881075762 2.34785469272355 -0.646670037434615
"PTAS" 0.433179303307195 0.769743604057184 1.7009662314355 1.39580732101139 1.4235987552148 1.18212657639175 0.0363449425483904 0.933322957189887 1.16013993401186 1.75091282357222 0.595720810098622 1.08595476312252 1.49470940386612 1.61416133417938 -0.296504685872342 0.23637257691609 1.0915364947213 1.97926593988469 0.797852412326593 -1.09008035804675 -0.078490277850383 1.16613808943005 0.446799422092062 0.0891051589275568 1.07129715912078 1.02189079543117 0.784652439933906 0.679897186290247 0.608302203907829 0.234089195781095 1.0498903281943 0.681588371043807 0.960975884011143 0.371935145563098 2.12842484656535 1.64349881075762 3.31036923832261 1.7883474899171 0.114744835357495
"JPAS" 0.356784244821282 0.751190301159891 1.67151927159942 1.68475052849035 1.55957565543753 1.40320682026942 0.145094817290236 0.747613476563023 0.992804610063831 2.05734862362152 0.40319350235958 1.1537481979733 1.29773727323004 2.15172497787009 1.13215500447552 0.544889184842789 1.07561001526741 1.49288856206528 1.06669700066398 0.363707938991037 0.183442209956815 1.78592942009748 0.458556283322066 0.399177162877698 1.3701064608875 0.682435737261798 0.673920778047757 0.944044549183688 0.682293757592122 0.217212984117223 1.16681072444637 0.73999272439811 1.26356459157629 0.253991193380857 1.58052582361667 2.34785469272355 1.7883474899171 2.90573529409989 -0.145745709269275
"BAOPI" 0.195835499733182 0.308007951635299 0.48264118728861 0.156808147066584 0.1248075613416 0.52924406977474 0.229289200322699 -0.0492542807726554 0.273899260074694 0.0160967011429272 0.0222219003301672 0.287229057181579 0.0701142322765475 0.304808470160144 0.376459346285465 0.842314643392824 0.373247535174224 0.136521542672066 0.623075852063526 0.370844538884586 0.216086548027813 0.34223777909541 0.382939789047419 -0.142105591688804 0.185835205950728 0.23225659564764 -0.146957286236267 0.632850692649913 -0.781958361131636 -0.195326874500936 0.451484296660213 -0.136042871975228 0.610506308583884 0.611470908916466 1.19873377615297 -0.646670037434615 0.114744835357495 -0.145745709269275 1.42617531635787
