"" "ISPM" "ISNSL" "ISPNS" "PMZS" "PMZI" "PMMT" "NSLNA" "NSLZS" "NSLZI" "NABR" "NAFM" "NAPNS" "BRPT" "BRAPET" "PTFM" "PTAPET" "PTBA" "PTEAM" "PTZYGO" "PTTSP" "FMZS" "FMMT" "ZSZI" "ZIMT" "ZIZYGO" "ZITSP" "MTPNS" "PNSAPET" "APETBA" "APETTS" "BAEAM" "EAMZYGO" "ZYGOTSP" "LDAS" "BRLD" "OPILD" "PTAS" "JPAS" "BAOPI"
"ISPM" 0.681650008925442 0.794483174764119 1.53286840678039 0.694564683646649 0.722828519495245 0.735021835543165 0.325213900110607 0.492802496073881 0.739460295310991 0.646451429895004 0.446077489140692 0.742310729212181 0.172776069778709 0.819243163485149 0.554918206691574 0.459742974352402 0.480630225949032 0.546608027417602 0.641439171105291 0.240174117527993 0.238730808825981 0.874130407237503 0.313049228041433 0.344714020419722 0.312223210522559 0.356615096956482 0.536244331792829 0.0597537573220736 0.224402394240045 0.0996371876642061 0.324018937109009 0.359484975663514 0.518450363886908 0.762667466545832 0.886734427054533 1.03547553357875 0.196305386476583 0.289142463243044 -0.0553448622749624
"ISNSL" 0.794483174764119 3.47928873004623 2.62157577111079 1.95181732267266 2.24202417879755 1.14867549772027 0.331140977755234 1.011575063783 1.64297431408127 0.789065520633476 0.740161417696563 1.06488434028289 0.789997452219864 1.52125061521962 0.728473755152159 -0.267388479949745 0.239446065225971 0.549900393125589 1.08392492952036 0.249177205828888 0.751863920068969 1.81698029440817 0.338383172603462 0.386192552286477 0.921603494797941 0.167795850496543 1.48193249293297 0.718257936416408 0.72362945332509 0.280059877755367 0.692738209546615 0.59650502696519 1.24146235381251 1.31322914068671 2.0440293519291 1.92713101974681 0.260173312567622 0.463990641403759 -0.0876887777142353
"ISPNS" 1.53286840678039 2.62157577111079 6.16653092953684 3.36092306066007 3.06555474805409 2.23739336521074 1.87500585086076 1.82626677407592 2.55673773861057 2.41064167533634 1.68475136336689 2.80738445526539 1.16547049587042 2.60345493507279 1.08381108188781 0.958173815841831 1.73225225277568 1.72642744066912 1.9875068793248 0.58352940434853 0.654263946745465 2.62900816714621 1.12112889853356 0.805795050239579 1.24708497145936 1.06239479933893 2.17294227890951 -0.626347125657593 1.22879872005894 0.22701021445538 1.1387547368167 1.40110116184967 1.64178310919103 2.60459408401515 3.02441977974908 3.11071122792293 1.18220853072381 1.03479494197033 0.0713378417582617
"PMZS" 0.694564683646649 1.95181732267266 3.36092306066007 3.30499510650034 2.62312283186607 1.58452155873008 1.93815742433651 1.44862371006067 1.63680188531851 1.46262309575064 1.04338050376302 1.4336854871159 0.870544933461628 1.63845408201274 0.554843357184308 0.38485450999462 1.00221648990573 1.23800665001249 1.61746430531798 0.981523143649394 0.304668259446917 1.92783002740015 0.728480379184704 0.485902400197257 1.35481654135316 0.254270961608523 1.49357593859752 -0.0270669930077826 1.01765003217822 0.403714340224002 0.778519573011345 0.808788624978053 1.65660553126918 1.92136380795189 2.46569334120066 2.01775408936231 0.874352824793873 0.835528149120872 0.293330422026521
"PMZI" 0.722828519495245 2.24202417879755 3.06555474805409 2.62312283186607 3.31611523777487 1.59648268838703 1.36877762001366 1.29343102179196 2.30653658376644 1.27994216766942 1.2172562001163 1.25802103297137 1.08112095678508 1.76115525099803 0.37210545925623 -0.142245280803899 0.519687895598937 0.950936607566022 1.03889412134184 0.478895869046361 0.805474228743182 1.78643509130744 0.974755143959955 0.288554498384443 0.585053178208827 -0.0812694935531335 1.57630304421768 0.491090859417224 0.737873888615574 0.197126514523067 0.684812168011884 0.718642206442923 1.28954533469415 1.7950602761618 2.64214004532045 2.54637495404134 1.15003325742977 0.964599785612366 0.253969429393631
"PMMT" 0.735021835543165 1.14867549772027 2.23739336521074 1.58452155873008 1.59648268838703 2.25439251323592 0.83933302906302 0.914556720173353 1.47292627232454 1.34028459742645 0.827725669265657 1.00720092967115 0.461454121770115 1.18707141698659 0.717560222563706 0.272997475370102 0.552521143513221 0.955701529955894 1.33625524451424 0.711108187645976 0.343810016133526 1.16728393427801 0.761563259912687 0.832453902914729 0.803351929581347 0.539933108687181 0.430009095499015 0.429278307218991 0.411204690435065 0.282209595492379 0.407646023939177 1.03131509853986 1.09122267343511 1.08727430030908 1.80156464356547 1.69202081842852 0.964649170070421 0.612133476457854 0.261267049694902
"NSLNA" 0.325213900110607 0.331140977755234 1.87500585086076 1.93815742433651 1.36877762001366 0.83933302906302 2.97907697014985 0.558321453902736 0.735160873317696 0.534986702078589 0.411579979651394 0.843404844079093 0.104958889977111 0.844004337883913 0.259695821131975 0.923561777312032 1.03098326475248 0.84609293410272 1.11510502719846 1.23697015574463 0.582311662701728 1.1656563620172 0.714594619847016 0.37701428187749 1.09569664362572 0.27457590315623 0.75137074869845 0.0638745818800675 0.472351388888176 0.0211557409489296 0.62926899911972 0.285126802023035 0.663154698997334 1.02562640982178 0.956808790977778 1.09945131848285 0.837580899273076 0.653389143073621 0.367264066987309
"NSLZS" 0.492802496073881 1.011575063783 1.82626677407592 1.44862371006067 1.29343102179196 0.914556720173353 0.558321453902736 2.18937258197563 1.71543830661873 1.30831773522069 1.27682970059674 0.911687354553319 0.128787699290034 0.644195186902845 0.650029410727158 0.711835913212718 0.786556779936747 0.661678991697572 1.32474158868163 0.711347645270332 -0.142044041307429 0.759464797294585 -0.16410608421794 0.274146856957971 1.19057656787681 0.470403099093132 0.823324037554339 0.183183440382248 0.525257304055763 0.0776599949979998 0.527690500227256 -0.164747270092961 1.15546802539507 0.958358808878464 1.50517298763836 1.08617101139082 0.552311599940805 0.697473505142199 0.0892138860420715
"NSLZI" 0.739460295310991 1.64297431408127 2.55673773861057 1.63680188531851 2.30653658376644 1.47292627232454 0.735160873317696 1.71543830661873 2.87995992075106 1.52326087654093 1.36912423091302 1.21309396360497 0.366156699617761 0.85402542372321 0.712533746664459 0.138657178963607 0.502467528891025 1.02282344537316 1.67373841123295 0.390969335538568 0.443714161674766 1.25136881741818 1.18822423286601 0.269497671508434 0.603174714736108 0.960888655434465 1.32457208542882 0.913151361312115 0.359951805765908 0.276082143601903 0.61728413752875 0.836336693951246 1.3087833650543 1.33892204923635 2.26559056041252 1.86580680280842 1.29142800220614 0.736124627506083 0.0632046777614597
"NABR" 0.646451429895004 0.789065520633476 2.41064167533634 1.46262309575064 1.27994216766942 1.34028459742645 0.534986702078589 1.30831773522069 1.52326087654093 5.88232808197482 1.46602937365554 1.45359490892915 1.5658956798871 2.59780495800991 2.36925968462435 1.55786611164808 1.495673343331 1.29074245053686 1.84776530723845 1.61730696337034 0.351739307577131 1.66641030442199 0.637967829289513 0.83763233602691 0.640535251167782 0.449901468991449 0.710530439198606 0.156419243303068 0.706694958197915 0.58961709429443 0.952877267890837 1.12500933809546 1.3142992011136 0.992479842345074 1.26381269977265 1.03223717996927 0.920373575829875 1.16802231808089 -0.0307577912574456
"NAFM" 0.446077489140692 0.740161417696563 1.68475136336689 1.04338050376302 1.2172562001163 0.827725669265657 0.411579979651394 1.27682970059674 1.36912423091302 1.46602937365554 1.86138789983367 1.10120193012368 0.718479857412293 0.963159629073669 0.313909142187685 0.504526035920342 0.666774183546688 0.620176510423708 0.8386931358249 0.23563443750766 0.317867419515471 0.649100971680721 0.28600555485617 0.314866614016098 0.810606675437144 0.246011491534936 0.762247629058354 0.148692847741837 0.426774510178117 0.230072380572961 0.753238923051684 0.301476473963278 0.809456533835478 1.00346458103837 1.63292366477432 1.12886636071257 0.808775097952661 0.305844066200419 0.10467604164488
"NAPNS" 0.742310729212181 1.06488434028289 2.80738445526539 1.4336854871159 1.25802103297137 1.00720092967115 0.843404844079093 0.911687354553319 1.21309396360497 1.45359490892915 1.10120193012368 2.72453590207622 0.534737669740847 1.52625460479378 0.868189730294403 1.05946646374509 1.47015095205486 1.31308866739403 1.12042873035167 0.00718020659229122 0.361007874835929 2.13487070247855 0.613242076930336 0.633818585321011 0.686632388580495 0.766791561108399 1.04457668332395 -0.228125660156364 0.871164889846687 0.182921032862132 0.965598311516761 1.44211675994631 0.785018430969471 1.222141532413 1.23154923184893 1.36237902221027 0.94640127405325 0.596480479776514 0.174306162185707
"BRPT" 0.172776069778709 0.789997452219864 1.16547049587042 0.870544933461628 1.08112095678508 0.461454121770115 0.104958889977111 0.128787699290034 0.366156699617761 1.5658956798871 0.718479857412293 0.534737669740847 2.88088237460702 2.1226467121066 -0.310220515362958 -0.968330764960514 -0.267946654490502 -0.418307371947904 -1.20199640885465 -1.4021790349645 0.111368102960308 0.590544923296441 0.105424472215989 0.304293283013628 0.121355097596916 -0.533369294700339 0.65253581585616 -0.577284926004724 0.371152127307997 0.105604064059162 0.0813605943447975 -0.253295845723875 -0.304227478396791 0.963506695373479 0.887825088078693 0.822787224471819 -0.131289307961476 -0.167363940644335 -0.0045020995494749
"BRAPET" 0.819243163485149 1.52125061521962 2.60345493507279 1.63845408201274 1.76115525099803 1.18707141698659 0.844004337883913 0.644195186902845 0.85402542372321 2.59780495800991 0.963159629073669 1.52625460479378 2.1226467121066 4.28892250489551 1.19642072823512 1.63149670802166 1.51614492191489 0.936606764201916 0.914909642533424 0.843070102263401 0.724543063672401 2.42065022350906 0.266480090022067 1.02531535463043 0.614562050573928 -0.416982704967723 1.22767164987021 -0.805687227401163 0.725010326120369 0.237120076872608 0.824210064765866 0.837343547560914 1.08478000954812 1.6543577097918 2.09905456430561 2.43152212344597 -0.235374246881557 0.817205508020055 -0.071289511965838
"PTFM" 0.554918206691574 0.728473755152159 1.08381108188781 0.554843357184308 0.37210545925623 0.717560222563706 0.259695821131975 0.650029410727158 0.712533746664459 2.36925968462435 0.313909142187685 0.868189730294403 -0.310220515362958 1.19642072823512 3.43247080421968 1.64410845425721 1.1583856786292 0.593452905594128 2.01323550299412 2.26067498538982 0.106382427014081 1.73252981595798 0.255964076805357 1.04274932353228 0.855919458397548 0.853757056714499 0.632188682284876 0.861818980263175 0.547950310890204 0.405174239302941 0.79497122318803 1.40683278466528 1.23177896332673 0.1268230189791 0.94314991845507 0.204248189829374 -0.402489874645522 0.746108635311108 -0.19000599454304
"PTAPET" 0.459742974352402 -0.267388479949745 0.958173815841831 0.38485450999462 -0.142245280803899 0.272997475370102 0.923561777312032 0.711835913212718 0.138657178963607 1.55786611164808 0.504526035920342 1.05946646374509 -0.968330764960514 1.63149670802166 1.64410845425721 3.9528279976334 2.79103805237866 1.55245605987859 2.08435062716135 2.92691252844567 0.468758777851032 1.72232083713647 -0.174405773494136 0.954198411075584 0.667704653959895 -0.0561976589666407 0.357449132519404 -0.200624835120308 0.263853158425174 0.336185427013284 0.948921500414108 0.878079893904975 1.04056844405076 0.191297021896142 0.0467864735847797 0.773667676194538 -0.118527866205625 1.19723101511395 -0.139749554278132
"PTBA" 0.480630225949032 0.239446065225971 1.73225225277568 1.00221648990573 0.519687895598937 0.552521143513221 1.03098326475248 0.786556779936747 0.502467528891025 1.495673343331 0.666774183546688 1.47015095205486 -0.267946654490502 1.51614492191489 1.1583856786292 2.79103805237866 3.10182590017796 1.81434046448112 1.84887052087506 2.06819154210398 0.575849806759773 2.03415642703376 -0.0519829300898161 1.11243002058031 0.953714551829429 -0.293233030345012 0.66791034207295 -0.17159258068017 1.18180659805267 0.213977062168338 1.31112321422282 1.07289784220687 1.4020039468175 0.609773441774225 0.557130909238296 1.01219886952975 0.912211385348021 1.00867562678422 -0.0880186473528237
"PTEAM" 0.546608027417602 0.549900393125589 1.72642744066912 1.23800665001249 0.950936607566022 0.955701529955894 0.84609293410272 0.661678991697572 1.02282344537316 1.29074245053686 0.620176510423708 1.31308866739403 -0.418307371947904 0.936606764201916 0.593452905594128 1.55245605987859 1.81434046448112 2.43482182248933 2.57295720818542 1.48816242153109 0.459092661094833 1.75824983294316 0.668015405585317 0.627324143127336 1.2447920459549 0.281379256712691 0.765871978709086 0.242033308584346 0.681960335867088 0.40127499213332 0.867752712742078 1.12322118243399 2.10626367026507 0.863992604057491 1.40611351152142 1.00849873204498 1.69033305623367 0.569256930673127 0.0867118172503516
"PTZYGO" 0.641439171105291 1.08392492952036 1.9875068793248 1.61746430531798 1.03889412134184 1.33625524451424 1.11510502719846 1.32474158868163 1.67373841123295 1.84776530723845 0.8386931358249 1.12042873035167 -1.20199640885465 0.914909642533424 2.01323550299412 2.08435062716135 1.84887052087506 2.57295720818542 5.30724668968273 2.79484662017811 0.110258267417775 2.04363417506838 0.959631720434655 1.01623496628208 2.20270973125424 1.4123514211667 0.964388057410963 0.760582120202327 0.556431887120295 0.538425176150006 1.30196777831415 1.43001484658367 3.94688305037884 1.07424515157093 2.69228333500039 0.770844917643708 1.70461225525707 0.632887726067953 0.0791177997524956
"PTTSP" 0.240174117527993 0.249177205828888 0.58352940434853 0.981523143649394 0.478895869046361 0.711108187645976 1.23697015574463 0.711347645270332 0.390969335538568 1.61730696337034 0.23563443750766 0.00718020659229122 -1.4021790349645 0.843070102263401 2.26067498538982 2.92691252844567 2.06819154210398 1.48816242153109 2.79484662017811 6.95761755342008 0.889165127313892 2.07111533084847 -0.0656503180853905 1.09717538919922 1.36338541559051 -2.59976611649221 0.534600444351999 0.462761320592228 0.533528127410829 0.141232656424266 0.974360326886575 1.10807388382884 2.22188517718647 0.34815207952438 1.04503083710449 0.226410694439823 -0.276673104623917 0.643020556973816 -0.0932564591618978
"FMZS" 0.238730808825981 0.751863920068969 0.654263946745465 0.304668259446917 0.805474228743182 0.343810016133526 0.582311662701728 -0.142044041307429 0.443714161674766 0.351739307577131 0.317867419515471 0.361007874835929 0.111368102960308 0.724543063672401 0.106382427014081 0.468758777851032 0.575849806759773 0.459092661094833 0.110258267417775 0.889165127313892 1.34025582098825 1.09103367972238 0.231643152609796 0.295916633121517 0.0924090367119052 -0.573060026654841 0.362164442876839 0.452204353722436 0.317851819685599 0.0294192258356365 0.480786756175082 0.650587734360408 0.165932716047959 0.533582531530529 0.238246692914843 0.980325101108717 0.456858775039024 0.252682847713881 -0.0608277900511821
"FMMT" 0.874130407237503 1.81698029440817 2.62900816714621 1.92783002740015 1.78643509130744 1.16728393427801 1.1656563620172 0.759464797294585 1.25136881741818 1.66641030442199 0.649100971680721 2.13487070247855 0.590544923296441 2.42065022350906 1.73252981595798 1.72232083713647 2.03415642703376 1.75824983294316 2.04363417506838 2.07111533084847 1.09103367972238 3.90564863642534 0.581164702269492 1.52657373648056 1.22079013338273 -0.419221811129807 1.66684957729752 0.214768356113973 1.24395715697872 0.484652064297785 1.33646138344469 1.81973928461309 1.92561839964559 1.60328063805259 1.29779063024545 1.87608345780781 0.542461448261569 0.862130017390873 -0.0705777442826781
"ZSZI" 0.313049228041433 0.338383172603462 1.12112889853356 0.728480379184704 0.974755143959955 0.761563259912687 0.714594619847016 -0.16410608421794 1.18822423286601 0.637967829289513 0.28600555485617 0.613242076930336 0.105424472215989 0.266480090022067 0.255964076805357 -0.174405773494136 -0.0519829300898161 0.668015405585317 0.959631720434655 -0.0656503180853905 0.231643152609796 0.581164702269492 1.55860090588551 0.0199071311553998 -0.225340815216884 0.92082779827829 0.523683919881999 0.441286625898274 -0.0947355382605 0.323823164517933 0.1797822694128 1.06357837666097 0.509237906628114 0.663154187694931 0.984354798520998 0.820299072759455 0.829790775444217 0.20821234219611 0.0996669316341929
"ZIMT" 0.344714020419722 0.386192552286477 0.805795050239579 0.485902400197257 0.288554498384443 0.832453902914729 0.37701428187749 0.274146856957971 0.269497671508434 0.83763233602691 0.314866614016098 0.633818585321011 0.304293283013628 1.02531535463043 1.04274932353228 0.954198411075584 1.11243002058031 0.627324143127336 1.01623496628208 1.09717538919922 0.295916633121517 1.52657373648056 0.0199071311553998 1.52118349493017 0.971511692187235 -0.138444752162486 0.285236587537588 0.237234295683863 0.521548675826936 0.268491021969333 0.756976176047096 0.710831129925093 0.916449637012035 0.286778887476373 0.36093208610147 0.524177772172529 0.11633011670378 0.470453706795686 -0.0215135242743024
"ZIZYGO" 0.312223210522559 0.921603494797941 1.24708497145936 1.35481654135316 0.585053178208827 0.803351929581347 1.09569664362572 1.19057656787681 0.603174714736108 0.640535251167782 0.810606675437144 0.686632388580495 0.121355097596916 0.614562050573928 0.855919458397548 0.667704653959895 0.953714551829429 1.2447920459549 2.20270973125424 1.36338541559051 0.0924090367119052 1.22079013338273 -0.225340815216884 0.971511692187235 4.21013308872236 0.459830697090609 0.634352673987334 0.351423416281533 0.851585582871953 0.183697238275913 0.761882501136594 -1.09129744655856 2.19791553789798 0.955156252277636 1.14145102880055 0.332385983956456 0.611869982756809 0.172052949658515 0.134784787791027
"ZITSP" 0.356615096956482 0.167795850496543 1.06239479933893 0.254270961608523 -0.0812694935531335 0.539933108687181 0.27457590315623 0.470403099093132 0.960888655434465 0.449901468991449 0.246011491534936 0.766791561108399 -0.533369294700339 -0.416982704967723 0.853757056714499 -0.0561976589666407 -0.293233030345012 0.281379256712691 1.4123514211667 -2.59976611649221 -0.573060026654841 -0.419221811129807 0.92082779827829 -0.138444752162486 0.459830697090609 5.0124246812255 0.0800282112910659 0.507589292467449 -0.321987116773943 0.338627022373242 -0.0861421833165589 0.499618889203864 0.0145887338952783 0.102091578251075 1.18579727975236 0.387762547404269 1.02349261456058 0.518210303704195 0.0721770878590762
"MTPNS" 0.536244331792829 1.48193249293297 2.17294227890951 1.49357593859752 1.57630304421768 0.430009095499015 0.75137074869845 0.823324037554339 1.32457208542882 0.710530439198606 0.762247629058354 1.04457668332395 0.65253581585616 1.22767164987021 0.632188682284876 0.357449132519404 0.66791034207295 0.765871978709086 0.964388057410963 0.534600444351999 0.362164442876839 1.66684957729752 0.523683919881999 0.285236587537588 0.634352673987334 0.0800282112910659 1.84717890367625 0.160655051852852 0.535184476211595 0.282582378761557 0.574595154960237 0.662105995210904 0.928149574847767 1.13245210127077 1.43793554151131 1.23365773827477 0.342770173494836 0.362810127181398 -0.117506557183916
"PNSAPET" 0.0597537573220736 0.718257936416408 -0.626347125657593 -0.0270669930077826 0.491090859417224 0.429278307218991 0.0638745818800675 0.183183440382248 0.913151361312115 0.156419243303068 0.148692847741837 -0.228125660156364 -0.577284926004724 -0.805687227401163 0.861818980263175 -0.200624835120308 -0.17159258068017 0.242033308584346 0.760582120202327 0.462761320592228 0.452204353722436 0.214768356113973 0.441286625898274 0.237234295683863 0.351423416281533 0.507589292467449 0.160655051852852 2.65072793091988 -0.345354061992348 0.102385418261544 0.230862704301316 0.856863861330247 0.34223657790882 -0.303516989409573 0.495244421257008 -0.0573231294346713 0.747633216977166 0.00347987129059786 0.0656166062897629
"APETBA" 0.224402394240045 0.72362945332509 1.22879872005894 1.01765003217822 0.737873888615574 0.411204690435065 0.472351388888176 0.525257304055763 0.359951805765908 0.706694958197915 0.426774510178117 0.871164889846687 0.371152127307997 0.725010326120369 0.547950310890204 0.263853158425174 1.18180659805267 0.681960335867088 0.556431887120295 0.533528127410829 0.317851819685599 1.24395715697872 -0.0947355382605 0.521548675826936 0.851585582871953 -0.321987116773943 0.535184476211595 -0.345354061992348 1.45553863761893 0.17015745479145 0.764556538336561 0.347228372943162 0.944290980297784 0.691397720316133 0.329508516752165 0.535047634366557 0.496822522111095 0.339648702943696 -0.000874331713889811
"APETTS" 0.0996371876642061 0.280059877755367 0.22701021445538 0.403714340224002 0.197126514523067 0.282209595492379 0.0211557409489296 0.0776599949979998 0.276082143601903 0.58961709429443 0.230072380572961 0.182921032862132 0.105604064059162 0.237120076872608 0.405174239302941 0.336185427013284 0.213977062168338 0.40127499213332 0.538425176150006 0.141232656424266 0.0294192258356365 0.484652064297785 0.323823164517933 0.268491021969333 0.183697238275913 0.338627022373242 0.282582378761557 0.102385418261544 0.17015745479145 1.06818628660439 0.345688500929938 0.565742466595999 0.506458963478138 0.0954985373781779 -0.0545457389591806 -0.0586751939825758 0.0153795970444915 0.137641484950987 0.0244594626230908
"BAEAM" 0.324018937109009 0.692738209546615 1.1387547368167 0.778519573011345 0.684812168011884 0.407646023939177 0.62926899911972 0.527690500227256 0.61728413752875 0.952877267890837 0.753238923051684 0.965598311516761 0.0813605943447975 0.824210064765866 0.79497122318803 0.948921500414108 1.31112321422282 0.867752712742078 1.30196777831415 0.974360326886575 0.480786756175082 1.33646138344469 0.1797822694128 0.756976176047096 0.761882501136594 -0.0861421833165589 0.574595154960237 0.230862704301316 0.764556538336561 0.345688500929938 1.39371063108709 0.828291901479498 1.22468229982059 0.667929998372238 1.04197618449842 0.605380542894036 0.709275368438887 0.392882116413503 0.160941820127636
"EAMZYGO" 0.359484975663514 0.59650502696519 1.40110116184967 0.808788624978053 0.718642206442923 1.03131509853986 0.285126802023035 -0.164747270092961 0.836336693951246 1.12500933809546 0.301476473963278 1.44211675994631 -0.253295845723875 0.837343547560914 1.40683278466528 0.878079893904975 1.07289784220687 1.12322118243399 1.43001484658367 1.10807388382884 0.650587734360408 1.81973928461309 1.06357837666097 0.710831129925093 -1.09129744655856 0.499618889203864 0.662105995210904 0.856863861330247 0.347228372943162 0.565742466595999 0.828291901479498 3.91533920974042 0.84856296217293 0.443120324828637 1.23641442363935 0.862613458539196 0.902540690917334 0.253978494531694 0.196466443062995
"ZYGOTSP" 0.518450363886908 1.24146235381251 1.64178310919103 1.65660553126918 1.28954533469415 1.09122267343511 0.663154698997334 1.15546802539507 1.3087833650543 1.3142992011136 0.809456533835478 0.785018430969471 -0.304227478396791 1.08478000954812 1.23177896332673 1.04056844405076 1.4020039468175 2.10626367026507 3.94688305037884 2.22188517718647 0.165932716047959 1.92561839964559 0.509237906628114 0.916449637012035 2.19791553789798 0.0145887338952783 0.928149574847767 0.34223657790882 0.944290980297784 0.506458963478138 1.22468229982059 0.84856296217293 4.14690690908578 1.41569837402755 2.07287003345038 1.12933492669755 1.26104603421034 0.181808231820935 0.107149483940475
"LDAS" 0.762667466545832 1.31322914068671 2.60459408401515 1.92136380795189 1.7950602761618 1.08727430030908 1.02562640982178 0.958358808878464 1.33892204923635 0.992479842345074 1.00346458103837 1.222141532413 0.963506695373479 1.6543577097918 0.1268230189791 0.191297021896142 0.609773441774225 0.863992604057491 1.07424515157093 0.34815207952438 0.533582531530529 1.60328063805259 0.663154187694931 0.286778887476373 0.955156252277636 0.102091578251075 1.13245210127077 -0.303516989409573 0.691397720316133 0.0954985373781779 0.667929998372238 0.443120324828637 1.41569837402755 3.09033913348508 2.19238129265573 2.72089955481318 0.60007222012203 0.058606293468983 0.129877654918841
"BRLD" 0.886734427054533 2.0440293519291 3.02441977974908 2.46569334120066 2.64214004532045 1.80156464356547 0.956808790977778 1.50517298763836 2.26559056041252 1.26381269977265 1.63292366477432 1.23154923184893 0.887825088078693 2.09905456430561 0.94314991845507 0.0467864735847797 0.557130909238296 1.40611351152142 2.69228333500039 1.04503083710449 0.238246692914843 1.29779063024545 0.984354798520998 0.36093208610147 1.14145102880055 1.18579727975236 1.43793554151131 0.495244421257008 0.329508516752165 -0.0545457389591806 1.04197618449842 1.23641442363935 2.07287003345038 2.19238129265573 8.75283503506427 2.4078865990882 2.16325838001194 0.48407619733325 -0.0415429635202904
"OPILD" 1.03547553357875 1.92713101974681 3.11071122792293 2.01775408936231 2.54637495404134 1.69202081842852 1.09945131848285 1.08617101139082 1.86580680280842 1.03223717996927 1.12886636071257 1.36237902221027 0.822787224471819 2.43152212344597 0.204248189829374 0.773667676194538 1.01219886952975 1.00849873204498 0.770844917643708 0.226410694439823 0.980325101108717 1.87608345780781 0.820299072759455 0.524177772172529 0.332385983956456 0.387762547404269 1.23365773827477 -0.0573231294346713 0.535047634366557 -0.0586751939825758 0.605380542894036 0.862613458539196 1.12933492669755 2.72089955481318 2.4078865990882 4.54050359750073 0.812762361752057 1.37346115416372 0.0517371058286419
"PTAS" 0.196305386476583 0.260173312567622 1.18220853072381 0.874352824793873 1.15003325742977 0.964649170070421 0.837580899273076 0.552311599940805 1.29142800220614 0.920373575829875 0.808775097952661 0.94640127405325 -0.131289307961476 -0.235374246881557 -0.402489874645522 -0.118527866205625 0.912211385348021 1.69033305623367 1.70461225525707 -0.276673104623917 0.456858775039024 0.542461448261569 0.829790775444217 0.11633011670378 0.611869982756809 1.02349261456058 0.342770173494836 0.747633216977166 0.496822522111095 0.0153795970444915 0.709275368438887 0.902540690917334 1.26104603421034 0.60007222012203 2.16325838001194 0.812762361752057 3.82444496868303 0.532180776227871 0.484641180047113
"JPAS" 0.289142463243044 0.463990641403759 1.03479494197033 0.835528149120872 0.964599785612366 0.612133476457854 0.653389143073621 0.697473505142199 0.736124627506083 1.16802231808089 0.305844066200419 0.596480479776514 -0.167363940644335 0.817205508020055 0.746108635311108 1.19723101511395 1.00867562678422 0.569256930673127 0.632887726067953 0.643020556973816 0.252682847713881 0.862130017390873 0.20821234219611 0.470453706795686 0.172052949658515 0.518210303704195 0.362810127181398 0.00347987129059786 0.339648702943696 0.137641484950987 0.392882116413503 0.253978494531694 0.181808231820935 0.058606293468983 0.48407619733325 1.37346115416372 0.532180776227871 2.35905176103444 0.00175763510474988
"BAOPI" -0.0553448622749624 -0.0876887777142353 0.0713378417582617 0.293330422026521 0.253969429393631 0.261267049694902 0.367264066987309 0.0892138860420715 0.0632046777614597 -0.0307577912574456 0.10467604164488 0.174306162185707 -0.0045020995494749 -0.071289511965838 -0.19000599454304 -0.139749554278132 -0.0880186473528237 0.0867118172503516 0.0791177997524956 -0.0932564591618978 -0.0608277900511821 -0.0705777442826781 0.0996669316341929 -0.0215135242743024 0.134784787791027 0.0721770878590762 -0.117506557183916 0.0656166062897629 -0.000874331713889811 0.0244594626230908 0.160941820127636 0.196466443062995 0.107149483940475 0.129877654918841 -0.0415429635202904 0.0517371058286419 0.484641180047113 0.00175763510474988 0.692209248676594
