"" "ISPM" "ISNSL" "ISPNS" "PMZS" "PMZI" "PMMT" "NSLNA" "NSLZS" "NSLZI" "NABR" "NAFM" "NAPNS" "BRPT" "BRAPET" "PTFM" "PTAPET" "PTBA" "PTEAM" "PTZYGO" "PTTSP" "FMZS" "FMMT" "ZSZI" "ZIMT" "ZIZYGO" "ZITSP" "MTPNS" "PNSAPET" "APETBA" "APETTS" "BAEAM" "EAMZYGO" "ZYGOTSP" "LDAS" "BRLD" "OPILD" "PTAS" "JPAS" "BAOPI"
"ISPM" 0.928683505869224 1.17539431317172 2.94789236742219 1.63029042921243 1.49621794371975 1.22138366353378 0.549438983727831 0.89048840696406 0.73600273387155 0.740122464118557 0.530640094768628 0.735036934146155 0.550433660959651 0.307294866594808 0.704188810037102 0.229220433236874 0.993600738618296 0.869637616058661 0.248834134174968 0.295257324327548 -0.151008107526286 0.525853449420246 -0.0384779733966234 -0.0852994888888708 1.30747689800342 0.433390155060672 0.990262541729131 0.566370936069671 0.846416199295601 0.315978452124425 0.813543820876171 0.270084163795984 0.11916820174678 0.547908508774624 1.34577925259766 0.28760653297753 0.892848376663953 0.459555172669454 0.2568576668589
"ISNSL" 1.17539431317172 8.04292355596199 7.27285469201361 5.64054165750985 5.17680851035858 3.77889462768587 0.217259362243514 2.24363386064546 2.69176692780792 1.49900334012104 1.66139476297643 2.60330407984369 0.724979105620217 0.378648009340265 1.48355391296929 2.42650286624227 4.44336969476127 2.78237434806319 2.10904364843684 1.56223271453727 -0.256680432733137 0.928425225663219 0.253888183601038 -0.0794163234664192 3.34317954046378 1.85234407306032 2.73823743216687 3.36221481739171 1.86852382987713 -0.64612194367902 1.74664580952438 0.946017886715609 1.3644537797846 0.755126904819527 1.12587217175358 0.608642909916894 2.86671134207968 1.4045437907466 0.566111624999548
"ISPNS" 2.94789236742219 7.27285469201361 18.1428168450719 10.8164506773459 10.5644533907119 8.6406484660787 1.95282423142588 6.32481522471162 4.18225964015068 2.840673001766 3.13320063491985 4.90067442535795 2.4189659701303 0.71321187888287 2.08115244025745 3.19515228967882 8.63675573210392 5.677050184193 1.26191864984582 0.385330994513556 -2.21196975745293 1.39735937496601 -1.33224709656092 -0.977251794518604 6.30459571134752 3.67956286025672 6.3394682456196 5.01231960212701 4.35002735486492 -0.424851008708123 4.04378527069589 2.00056558266982 0.205577578248417 2.75077461492185 5.90844698556173 0.396588909710203 6.27180094275166 1.98707081609586 0.886431697829321
"PMZS" 1.63029042921243 5.64054165750985 10.8164506773459 8.77779398794415 8.04119380253138 5.84177658881071 1.63088609529316 4.49174697020137 2.84596658650338 1.78998955522644 2.11966106880412 2.4575551919759 1.09876486460942 0.352003199993643 0.944585608488542 2.14131217008838 5.69287874232975 3.85782144102419 1.21928327347231 0.413263294506659 -1.40693995996896 0.558331478233782 -1.07297931877245 -0.805661864091754 3.93048629590013 2.63658897359483 3.98700735991445 4.54441688276549 2.96301525175389 -0.546589089180412 2.77368574277738 1.32517512090042 0.606704632006934 1.66777167606421 4.23044299088342 -0.0471159495183575 3.74035824666579 1.45397388421699 0.603587596608191
"PMZI" 1.49621794371975 5.17680851035858 10.5644533907119 8.04119380253138 8.85442762673063 5.64605878422956 1.10494254588658 4.41691996878909 3.59034164439564 1.76044765453191 2.42645708992072 2.51684160560116 1.4487988896615 0.41289470110647 0.484769192254561 1.9156491614712 5.84686067356312 3.69950440240092 0.39570099856438 -0.0551063577237328 -1.39239978484239 -0.0587918320525077 -0.48332207821905 -1.15216779554574 3.29965117842954 2.06913349641106 4.09514980414195 5.17170624731103 2.96337093342723 -0.952901236712852 2.65792714543162 0.916929725755434 -0.0108861575045801 1.52881533750931 4.51346012071861 -0.239941575772503 3.79790644110697 1.24462029609809 0.407895711048942
"PMMT" 1.22138366353378 3.77889462768587 8.6406484660787 5.84177658881071 5.64605878422956 5.34625993983007 0.790303995285327 3.20267908420599 2.11931950871532 1.5055315816804 1.93545730919036 2.34032426267513 0.962196469297027 0.267015959523532 0.848726688252615 1.80820797799514 4.65285659822965 3.3132322697523 1.03689855241604 0.367218318642547 -0.970583885327795 0.84854940206024 -0.584110533577229 -0.110479025075465 3.33013178367539 2.3811338802678 3.13786864703849 3.218447161419 2.26853006065592 -0.399665389368795 2.10457789635626 1.13717986496854 0.454852124629612 1.52032763872468 2.68835249764395 0.761375481591082 3.59439533187371 1.44982011601789 0.240484192865301
"NSLNA" 0.549438983727831 0.217259362243514 1.95282423142588 1.63088609529316 1.10494254588658 0.790303995285327 2.46286193398243 -0.0796911575479481 -0.0353690424146199 0.20543478892097 -0.139841365923705 0.530755378269705 0.209397373665417 0.0930468770213726 0.495256861740388 -0.0698867486900163 -0.115890687463838 0.166428687921623 -0.537389298608161 -0.426296090043116 0.324260364563144 0.488274659659838 0.186229883191423 0.160653532176797 0.522725019332114 0.916380693416341 0.302201816248596 0.0505064840355483 0.258976143773008 0.717571278686699 0.434423551434014 0.632351742790337 -0.257823645511797 0.334800025364767 0.580763934085593 -0.029094703354854 0.166206088634195 0.287913997881175 0.599844553000819
"NSLZS" 0.89048840696406 2.24363386064546 6.32481522471162 4.49174697020137 4.41691996878909 3.20267908420599 -0.0796911575479481 5.52302654990269 2.67239926396658 0.865545461711534 2.26980210336909 1.5683562185199 1.15228106272014 -0.101385473161168 0.534522852185191 1.59593893629633 4.40788247976378 2.53560960769488 1.04488716263299 0.680418570179648 -2.62207450378165 -1.17994190161306 -2.2203431893577 -1.37741867007846 2.73007316728022 1.40915689684008 2.73722062256346 3.93620059778516 1.77390458875724 -1.22820116327965 1.8052231614092 0.50409745435304 0.191864582969797 1.66281733309122 2.6828246612735 -0.115614707595841 2.3266413208821 0.292770250216875 0.403649215456411
"NSLZI" 0.73600273387155 2.69176692780792 4.18225964015068 2.84596658650338 3.59034164439564 2.11931950871532 -0.0353690424146199 2.67239926396658 3.54585070709059 1.58521163857607 1.78841980611694 1.86862824779823 1.23111765800042 0.573424042157518 0.705968149575533 1.153903908778 2.90860578324234 1.97601926914191 1.06659035741855 0.416149621091275 -0.872406926010666 -0.0644924826994334 0.995485067174475 -0.470693150303502 1.52802786200065 1.58635567222663 1.89536830191217 2.53861088762125 1.39641044285436 -0.21840952115276 1.37055916144782 1.06632966132769 0.732281593884383 1.01259544922333 1.912406193713 0.71482903621598 2.23908843933667 0.608457828432075 0.334192149472622
"NABR" 0.740122464118557 1.49900334012104 2.840673001766 1.78998955522644 1.76044765453191 1.5055315816804 0.20543478892097 0.865545461711534 1.58521163857607 6.20452434803686 1.34403309722075 1.43633234794976 3.51985884313752 1.97316638948957 0.862019008874894 0.26623297005746 1.11833296603895 1.46385002833581 0.94962860787039 0.730560404327095 0.468112258612984 1.2487674035793 0.746797304251984 0.203726306354764 1.41766655534174 0.690305180437395 1.10560898277831 0.573088290145189 0.867461332084131 0.692270124885062 0.778917033118171 0.960682362979438 0.432618575018395 1.48582323836708 -0.253471115070987 0.615218647732686 2.78467398285946 0.281896266932813 0.971979580329148
"NAFM" 0.530640094768628 1.66139476297643 3.13320063491985 2.11966106880412 2.42645708992072 1.93545730919036 -0.139841365923705 2.26980210336909 1.78841980611694 1.34403309722075 2.36374450852788 1.38795369043667 0.935939904132464 0.146980502621065 0.787242311208518 0.768819074505862 2.29908805255172 1.5163270184232 0.86731175049537 0.780725318313245 -0.536269978150636 -0.0855654876470252 -0.335922830738606 -0.147435992957534 1.99744731591835 0.848125286769487 1.44607791279887 1.96551285064391 1.31574806138016 -0.184365360524395 1.2936346630856 0.394008484779895 0.496373839266504 1.13029702023499 1.1773590724912 0.647208657435205 1.55848140941067 0.647572690143622 0.254885853055554
"NAPNS" 0.735036934146155 2.60330407984369 4.90067442535795 2.4575551919759 2.51684160560116 2.34032426267513 0.530755378269705 1.5683562185199 1.86862824779823 1.43633234794976 1.38795369043667 3.47475551432675 1.07253520913399 1.07247920161003 1.26703705702837 1.53654934317583 2.56805863702936 1.60800871311057 0.679666554984356 0.292978660865178 -0.243352498042128 1.56366418449158 0.425431145929024 0.473530319784079 2.15100992181015 0.920583185111987 1.40260944692434 0.831898796592084 1.17370577723974 0.29251984091639 1.37797107259967 0.998373256722762 0.541989902618771 1.39419480091775 1.64485215885895 1.1394369978925 1.92386452666773 1.0702032893967 0.545200661030388
"BRPT" 0.550433660959651 0.724979105620217 2.4189659701303 1.09876486460942 1.4487988896615 0.962196469297027 0.209397373665417 1.15228106272014 1.23111765800042 3.51985884313752 0.935939904132464 1.07253520913399 5.53761046392041 2.38149547276549 -1.10544482454624 -1.68679165370831 -0.402409626786263 -0.235737915780898 -2.11854977180764 -1.03418634503999 0.0825999755675935 0.615905445046006 0.0297877629165821 -0.197484515647585 0.474054064623147 -1.25210996722106 0.782372086724613 0.0156233489488773 0.179467618823889 0.422986157428105 0.930359614345461 0.383110272398467 -1.51181230508663 1.82654730481699 1.28533524557382 1.15255853793901 1.89667840112171 0.34006021964602 0.953232184000987
"BRAPET" 0.307294866594808 0.378648009340265 0.71321187888287 0.352003199993643 0.41289470110647 0.267015959523532 0.0930468770213726 -0.101385473161168 0.573424042157518 1.97316638948957 0.146980502621065 1.07247920161003 2.38149547276549 3.35215824243482 0.176648386947242 0.633587518161307 -0.108388446217412 0.263522781729832 0.0287324592015703 0.172919670700869 0.514399472989327 1.46338127641695 0.683566934005264 0.192650303032611 -0.169670028069942 -0.186405784033632 0.0999169354674894 -0.798178208886134 -0.16363806184397 0.329706622950854 0.56122890515057 0.511552257708004 0.0886706338897724 1.55411400457131 1.73634439359677 1.51767781393644 0.544168153175576 0.443474403151151 0.750419616836364
"PTFM" 0.704188810037102 1.48355391296929 2.08115244025745 0.944585608488542 0.484769192254561 0.848726688252615 0.495256861740388 0.534522852185191 0.705968149575533 0.862019008874894 0.787242311208518 1.26703705702837 -1.10544482454624 0.176648386947242 4.27255156125208 1.77728943458545 1.13057274643218 -0.13612858367068 1.7503307229083 1.09579979420363 0.0274386234967925 0.933444991200765 0.300492153300631 -0.0922060604463707 1.53199649018391 2.2316772745293 0.973351309594086 0.703419301257816 0.872731313217728 0.357875369178679 0.830545238137804 1.1797680723277 1.26795549743033 0.759334829215203 1.88585236760507 -0.356715570219034 -0.56279846969046 0.91128570563705 0.70586944427561
"PTAPET" 0.229220433236874 2.42650286624227 3.19515228967882 2.14131217008838 1.9156491614712 1.80820797799514 -0.0698867486900163 1.59593893629633 1.153903908778 0.26623297005746 0.768819074505862 1.53654934317583 -1.68679165370831 0.633587518161307 1.77728943458545 4.83608982692776 4.63014735925617 2.67042176259927 3.11770590519282 2.66701238458513 -0.983268704793721 0.103918544009513 -0.163316303575616 -0.277014140997216 1.47022535567929 1.83504571168956 1.41470116871082 2.25474476899937 0.38343264309209 -0.929175801339349 0.541809898615358 0.649354595455492 1.54789376202543 1.07324723358429 0.0942279263244654 0.212696004771643 1.06547359247903 0.276266887052277 0.391399295061362
"PTBA" 0.993600738618296 4.44336969476127 8.63675573210392 5.69287874232975 5.84686067356312 4.65285659822965 -0.115890687463838 4.40788247976378 2.90860578324234 1.11833296603895 2.29908805255172 2.56805863702936 -0.402409626786263 -0.108388446217412 1.13057274643218 4.63014735925617 8.46880749036674 5.10748309218226 2.79762948330298 2.2175870547964 -2.08958110808249 -0.349832144254122 -1.01898029010286 -0.730874750207113 3.71343625714032 2.58738318423209 3.62095510126251 5.05610859924393 2.88641843567 -1.43372834800811 2.18802862324024 1.18539063158938 1.06473565641804 1.87358627925958 1.89513463368357 0.852878458876311 4.09510155222151 0.692446494114911 0.164843282707117
"PTEAM" 0.869637616058661 2.78237434806319 5.677050184193 3.85782144102419 3.69950440240092 3.3132322697523 0.166428687921623 2.53560960769488 1.97601926914191 1.46385002833581 1.5163270184232 1.60800871311057 -0.235737915780898 0.263522781729832 -0.13612858367068 2.67042176259927 5.10748309218226 5.47025338948221 3.11854510723578 1.66065583377737 -1.01417414233021 0.749306270333103 -0.131631861609689 0.360777608919336 2.91498330630543 2.24996666110092 2.28728024743096 2.47330339346566 1.89900294608087 -0.0952231822663021 1.35922092752579 1.18952145917844 1.69132929858338 0.858617720436427 0.577355124557738 1.08473819181946 4.44138498135938 0.673362903188394 -0.00903850475751493
"PTZYGO" 0.248834134174968 2.10904364843684 1.26191864984582 1.21928327347231 0.39570099856438 1.03689855241604 -0.537389298608161 1.04488716263299 1.06659035741855 0.94962860787039 0.86731175049537 0.679666554984356 -2.11854977180764 0.0287324592015703 1.7503307229083 3.11770590519282 2.79762948330298 3.11854510723578 5.21355049626184 2.31452164680157 -0.383950240976688 0.859593313786022 0.336432926587496 0.507809891030652 1.67325219093116 2.84326844477255 0.849159435549259 1.03322721622038 0.637489376653816 0.0374633531190594 0.764320410360507 1.1244952144418 3.71985260454163 0.455436201505447 -0.906386125554009 0.434637058955529 1.64011443791069 0.478765755427381 0.067379431399658
"PTTSP" 0.295257324327548 1.56223271453727 0.385330994513556 0.413263294506659 -0.0551063577237328 0.367218318642547 -0.426296090043116 0.680418570179648 0.416149621091275 0.730560404327095 0.780725318313245 0.292978660865178 -1.03418634503999 0.172919670700869 1.09579979420363 2.66701238458513 2.2175870547964 1.66065583377737 2.31452164680157 5.37468123813442 -0.447699545733552 -0.240503624633001 -0.148987533819932 -0.000764975675676224 1.5247914740837 -1.5780016285954 0.444826204811751 1.21372090426657 -0.0991771698091847 -0.407004861291564 -0.20333606132704 -0.318561467441855 0.293357881690685 0.25132569350929 -1.05395956308428 0.749417830472359 0.665271487057272 -0.0356837214055033 0.336018497956847
"FMZS" -0.151008107526286 -0.256680432733137 -2.21196975745293 -1.40693995996896 -1.39239978484239 -0.970583885327795 0.324260364563144 -2.62207450378165 -0.872406926010666 0.468112258612984 -0.536269978150636 -0.243352498042128 0.0825999755675935 0.514399472989327 0.0274386234967925 -0.983268704793721 -2.08958110808249 -1.01417414233021 -0.383950240976688 -0.447699545733552 2.92318983175375 2.19150147473129 1.25422344682941 0.956293301234285 -0.498343545387849 -0.166039043314383 -0.868069660473893 -1.54559725129569 -0.289293624011859 1.07831095813155 -0.383932391322503 0.122280934254788 0.415402553113506 -0.338713851902065 -0.298355490359887 0.593216906658864 -0.782904911741588 0.451941689343949 -0.140091323757201
"FMMT" 0.525853449420246 0.928425225663219 1.39735937496601 0.558331478233782 -0.0587918320525077 0.84854940206024 0.488274659659838 -1.17994190161306 -0.0644924826994334 1.2487674035793 -0.0855654876470252 1.56366418449158 0.615905445046006 1.46338127641695 0.933444991200765 0.103918544009513 -0.349832144254122 0.749306270333103 0.859593313786022 -0.240503624633001 2.19150147473129 4.22392773403695 1.09585648739451 1.5604671738942 1.00379856667951 0.446043001384886 0.352787279118828 -1.88767920621827 0.63934063202116 1.87532965795435 0.685871505376255 1.06965455078317 1.32168443898993 0.610817346506809 1.25258992187095 1.72536075896861 0.866467635432606 1.14211429767504 -0.0577960158260006
"ZSZI" -0.0384779733966234 0.253888183601038 -1.33224709656092 -1.07297931877245 -0.48332207821905 -0.584110533577229 0.186229883191423 -2.2203431893577 0.995485067174475 0.746797304251984 -0.335922830738606 0.425431145929024 0.0297877629165821 0.683566934005264 0.300492153300631 -0.163316303575616 -1.01898029010286 -0.131631861609689 0.336432926587496 -0.148987533819932 1.25422344682941 1.09585648739451 2.98725907550489 0.712547387391166 -0.852548603480518 0.529210788093329 -0.529549824529578 -1.22952367532168 -0.1953764221471 1.06820383117399 -0.178951845689603 0.653135874188191 0.65839547881008 -0.311554447561581 -0.442504197863102 0.952677883003953 0.189262901491926 0.336869668786273 -0.0393139610290086
"ZIMT" -0.0852994888888708 -0.0794163234664192 -0.977251794518604 -0.805661864091754 -1.15216779554574 -0.110479025075465 0.160653532176797 -1.37741867007846 -0.470693150303502 0.203726306354764 -0.147435992957534 0.473530319784079 -0.197484515647585 0.192650303032611 -0.0922060604463707 -0.277014140997216 -0.730874750207113 0.360777608919336 0.507809891030652 -0.000764975675676224 0.956293301234285 1.5604671738942 0.712547387391166 2.10207044811691 0.186946650217669 -0.0707823108039419 -0.690552990910174 -1.63475372242823 -0.0456523115231665 0.94455578382563 -0.0252135585117719 0.664069295434563 0.774262130409153 -0.0990648657342944 -1.13008666853929 1.30562335564253 0.548365710314639 0.749518583532353 -0.154183099361588
"ZIZYGO" 1.30747689800342 3.34317954046378 6.30459571134752 3.93048629590013 3.29965117842954 3.33013178367539 0.522725019332114 2.73007316728022 1.52802786200065 1.41766655534174 1.99744731591835 2.15100992181015 0.474054064623147 -0.169670028069942 1.53199649018391 1.47022535567929 3.71343625714032 2.91498330630543 1.67325219093116 1.5247914740837 -0.498343545387849 1.00379856667951 -0.852548603480518 0.186946650217669 5.12244040882104 1.63096914355568 2.4381504101535 2.66824687752832 2.03058622899051 0.0981468041548741 2.04201354121312 0.0796423100791729 0.937348508171898 1.52644357184434 1.58282309504604 1.00310696079885 2.65686274062504 1.48018926778458 0.481227876084497
"ZITSP" 0.433390155060672 1.85234407306032 3.67956286025672 2.63658897359483 2.06913349641106 2.3811338802678 0.916380693416341 1.40915689684008 1.58635567222663 0.690305180437395 0.848125286769487 0.920583185111987 -1.25210996722106 -0.186405784033632 2.2316772745293 1.83504571168956 2.58738318423209 2.24996666110092 2.84326844477255 -1.5780016285954 -0.166039043314383 0.446043001384886 0.529210788093329 -0.0707823108039419 1.63096914355568 8.6155705880436 1.43007853712902 2.14522213502397 1.55649791374197 -0.0541894404369308 1.11596228607049 1.96810216535816 1.81916806611869 0.303826501102979 1.29766249412093 -0.818553105465518 1.49984013713289 0.849489696303262 0.111245514175541
"MTPNS" 0.990262541729131 2.73823743216687 6.3394682456196 3.98700735991445 4.09514980414195 3.13786864703849 0.302201816248596 2.73722062256346 1.89536830191217 1.10560898277831 1.44607791279887 1.40260944692434 0.782372086724613 0.0999169354674894 0.973351309594086 1.41470116871082 3.62095510126251 2.28728024743096 0.849159435549259 0.444826204811751 -0.868069660473893 0.352787279118828 -0.529549824529578 -0.690552990910174 2.4381504101535 1.43007853712902 2.96384404231592 2.74728957346154 1.65257546445983 -0.377573929286295 1.5662867926593 0.848221284078472 0.203354962212619 0.899475712900265 2.16607471276133 -0.0533314616155156 2.15347539482728 0.668087940450824 0.239085020384773
"PNSAPET" 0.566370936069671 3.36221481739171 5.01231960212701 4.54441688276549 5.17170624731103 3.218447161419 0.0505064840355483 3.93620059778516 2.53861088762125 0.573088290145189 1.96551285064391 0.831898796592084 0.0156233489488773 -0.798178208886134 0.703419301257816 2.25474476899937 5.05610859924393 2.47330339346566 1.03322721622038 1.21372090426657 -1.54559725129569 -1.88767920621827 -1.22952367532168 -1.63475372242823 2.66824687752832 2.14522213502397 2.74728957346154 6.76401971156303 1.48196903493554 -2.33761416194304 1.34883211743346 0.404427801480372 0.0824091764688308 0.754132570588972 2.00013405657998 -1.16234137986103 1.73578448875261 0.179472763497561 0.342886209369464
"APETBA" 0.846416199295601 1.86852382987713 4.35002735486492 2.96301525175389 2.96337093342723 2.26853006065592 0.258976143773008 1.77390458875724 1.39641044285436 0.867461332084131 1.31574806138016 1.17370577723974 0.179467618823889 -0.16363806184397 0.872731313217728 0.38343264309209 2.88641843567 1.89900294608087 0.637489376653816 -0.0991771698091847 -0.289293624011859 0.63934063202116 -0.1953764221471 -0.0456523115231665 2.03058622899051 1.55649791374197 1.65257546445983 1.48196903493554 2.69832159119574 0.331339633316105 1.59779477646591 0.887353504106565 0.648128671307614 0.921004867920235 2.02049781411214 0.704827310665143 2.00387713860098 0.794646204329395 -0.217705613665482
"APETTS" 0.315978452124425 -0.64612194367902 -0.424851008708123 -0.546589089180412 -0.952901236712852 -0.399665389368795 0.717571278686699 -1.22820116327965 -0.21840952115276 0.692270124885062 -0.184365360524395 0.29251984091639 0.422986157428105 0.329706622950854 0.357875369178679 -0.929175801339349 -1.43372834800811 -0.0952231822663021 0.0374633531190594 -0.407004861291564 1.07831095813155 1.87532965795435 1.06820383117399 0.94455578382563 0.0981468041548741 -0.0541894404369308 -0.377573929286295 -2.33761416194304 0.331339633316105 2.26930650795054 0.377817039626158 0.386465909416817 0.486526705369008 0.0722434825793937 -0.205075222771294 0.863370121074842 0.0594997442641676 0.439097734700487 -0.0433240924798606
"BAEAM" 0.813543820876171 1.74664580952438 4.04378527069589 2.77368574277738 2.65792714543162 2.10457789635626 0.434423551434014 1.8052231614092 1.37055916144782 0.778917033118171 1.2936346630856 1.37797107259967 0.930359614345461 0.56122890515057 0.830545238137804 0.541809898615358 2.18802862324024 1.35922092752579 0.764320410360507 -0.20333606132704 -0.383932391322503 0.685871505376255 -0.178951845689603 -0.0252135585117719 2.04201354121312 1.11596228607049 1.5662867926593 1.34883211743346 1.59779477646591 0.377817039626158 2.23898033680504 0.690163959210817 0.88230087010238 1.37584476591744 2.20883627106342 0.91149249829056 1.4894290273509 1.14028818176051 0.369899222173757
"EAMZYGO" 0.270084163795984 0.946017886715609 2.00056558266982 1.32517512090042 0.916929725755434 1.13717986496854 0.632351742790337 0.50409745435304 1.06632966132769 0.960682362979438 0.394008484779895 0.998373256722762 0.383110272398467 0.511552257708004 1.1797680723277 0.649354595455492 1.18539063158938 1.18952145917844 1.1244952144418 -0.318561467441855 0.122280934254788 1.06965455078317 0.653135874188191 0.664069295434563 0.0796423100791729 1.96810216535816 0.848221284078472 0.404427801480372 0.887353504106565 0.386465909416817 0.690163959210817 2.71593116399124 1.21982111529966 0.338248051097757 0.733736943126956 0.504256315412302 1.60046056310934 0.650316478281971 0.182980195120111
"ZYGOTSP" 0.11916820174678 1.3644537797846 0.205577578248417 0.606704632006934 -0.0108861575045801 0.454852124629612 -0.257823645511797 0.191864582969797 0.732281593884383 0.432618575018395 0.496373839266504 0.541989902618771 -1.51181230508663 0.0886706338897724 1.26795549743033 1.54789376202543 1.06473565641804 1.69132929858338 3.71985260454163 0.293357881690685 0.415402553113506 1.32168443898993 0.65839547881008 0.774262130409153 0.937348508171898 1.81916806611869 0.203354962212619 0.0824091764688308 0.648128671307614 0.486526705369008 0.88230087010238 1.21982111529966 4.41172886025872 0.713115532019805 -0.254240475669004 0.868429546789365 0.915944703901213 0.733762470146972 -0.211414407749492
"LDAS" 0.547908508774624 0.755126904819527 2.75077461492185 1.66777167606421 1.52881533750931 1.52032763872468 0.334800025364767 1.66281733309122 1.01259544922333 1.48582323836708 1.13029702023499 1.39419480091775 1.82654730481699 1.55411400457131 0.759334829215203 1.07324723358429 1.87358627925958 0.858617720436427 0.455436201505447 0.25132569350929 -0.338713851902065 0.610817346506809 -0.311554447561581 -0.0990648657342944 1.52644357184434 0.303826501102979 0.899475712900265 0.754132570588972 0.921004867920235 0.0722434825793937 1.37584476591744 0.338248051097757 0.713115532019805 3.9686776863723 1.31476803860734 2.71238156229642 1.15996021915238 0.606075451645575 0.817796962389373
"BRLD" 1.34577925259766 1.12587217175358 5.90844698556173 4.23044299088342 4.51346012071861 2.68835249764395 0.580763934085593 2.6828246612735 1.912406193713 -0.253471115070987 1.1773590724912 1.64485215885895 1.28533524557382 1.73634439359677 1.88585236760507 0.0942279263244654 1.89513463368357 0.577355124557738 -0.906386125554009 -1.05395956308428 -0.298355490359887 1.25258992187095 -0.442504197863102 -1.13008666853929 1.58282309504604 1.29766249412093 2.16607471276133 2.00013405657998 2.02049781411214 -0.205075222771294 2.20883627106342 0.733736943126956 -0.254240475669004 1.31476803860734 11.5674193056895 -1.11304715203791 0.930655313449645 1.82841963603935 0.856103604320883
"OPILD" 0.28760653297753 0.608642909916894 0.396588909710203 -0.0471159495183575 -0.239941575772503 0.761375481591082 -0.029094703354854 -0.115614707595841 0.71482903621598 0.615218647732686 0.647208657435205 1.1394369978925 1.15255853793901 1.51767781393644 -0.356715570219034 0.212696004771643 0.852878458876311 1.08473819181946 0.434637058955529 0.749417830472359 0.593216906658864 1.72536075896861 0.952677883003953 1.30562335564253 1.00310696079885 -0.818553105465518 -0.0533314616155156 -1.16234137986103 0.704827310665143 0.863370121074842 0.91149249829056 0.504256315412302 0.868429546789365 2.71238156229642 -1.11304715203791 5.92192435645678 1.77665595183881 0.901051468456172 -0.286017162528999
"PTAS" 0.892848376663953 2.86671134207968 6.27180094275166 3.74035824666579 3.79790644110697 3.59439533187371 0.166206088634195 2.3266413208821 2.23908843933667 2.78467398285946 1.55848140941067 1.92386452666773 1.89667840112171 0.544168153175576 -0.56279846969046 1.06547359247903 4.09510155222151 4.44138498135938 1.64011443791069 0.665271487057272 -0.782904911741588 0.866467635432606 0.189262901491926 0.548365710314639 2.65686274062504 1.49984013713289 2.15347539482728 1.73578448875261 2.00387713860098 0.0594997442641676 1.4894290273509 1.60046056310934 0.915944703901213 1.15996021915238 0.930655313449645 1.77665595183881 6.15655207560873 1.13553766965281 0.146210161017573
"JPAS" 0.459555172669454 1.4045437907466 1.98707081609586 1.45397388421699 1.24462029609809 1.44982011601789 0.287913997881175 0.292770250216875 0.608457828432075 0.281896266932813 0.647572690143622 1.0702032893967 0.34006021964602 0.443474403151151 0.91128570563705 0.276266887052277 0.692446494114911 0.673362903188394 0.478765755427381 -0.0356837214055033 0.451941689343949 1.14211429767504 0.336869668786273 0.749518583532353 1.48018926778458 0.849489696303262 0.668087940450824 0.179472763497561 0.794646204329395 0.439097734700487 1.14028818176051 0.650316478281971 0.733762470146972 0.606075451645575 1.82841963603935 0.901051468456172 1.13553766965281 2.11515712223644 0.331623193332472
"BAOPI" 0.2568576668589 0.566111624999548 0.886431697829321 0.603587596608191 0.407895711048942 0.240484192865301 0.599844553000819 0.403649215456411 0.334192149472622 0.971979580329148 0.254885853055554 0.545200661030388 0.953232184000987 0.750419616836364 0.70586944427561 0.391399295061362 0.164843282707117 -0.00903850475751493 0.067379431399658 0.336018497956847 -0.140091323757201 -0.0577960158260006 -0.0393139610290086 -0.154183099361588 0.481227876084497 0.111245514175541 0.239085020384773 0.342886209369464 -0.217705613665482 -0.0433240924798606 0.369899222173757 0.182980195120111 -0.211414407749492 0.817796962389373 0.856103604320883 -0.286017162528999 0.146210161017573 0.331623193332472 1.32949472017952
