"" "ISPM" "ISNSL" "ISPNS" "PMZS" "PMZI" "PMMT" "NSLNA" "NSLZS" "NSLZI" "NABR" "NAFM" "NAPNS" "BRPT" "BRAPET" "PTFM" "PTAPET" "PTBA" "PTEAM" "PTZYGO" "PTTSP" "FMZS" "FMMT" "ZSZI" "ZIMT" "ZIZYGO" "ZITSP" "MTPNS" "PNSAPET" "APETBA" "APETTS" "BAEAM" "EAMZYGO" "ZYGOTSP" "LDAS" "BRLD" "OPILD" "PTAS" "JPAS" "BAOPI"
"ISPM" 4.75746246552378 6.18924225793915 11.2301403156618 4.74536143576304 5.57077653853418 5.50633339116494 1.25425711225953 2.37218136663699 6.9006688677838 5.0457398661065 1.80925509390234 3.63679810279375 3.54028476905316 6.23549536146625 3.10628229682018 4.14465258499409 4.91192959023313 2.03933473673821 4.24060362267881 1.64916237728282 0.24945934975513 6.35484138402958 6.31438190991655 3.43915845186524 0.22160240062284 4.39892240964749 3.98682214463849 1.08711620976363 2.46078385235016 2.770673331768 3.74337325721456 3.22146984700858 3.33674637740932 7.55926151473414 2.3922362323299 7.12759676733646 1.16905583186187 6.69653645852068 1.38916378498294
"ISNSL" 6.18924225793915 34.6585193629018 28.825447683685 32.8972027991667 24.7549765241678 13.2312020837567 8.70581444863891 4.93452556196321 16.2954042480371 14.7314254460998 3.56332821396762 11.5102004760662 6.15443260680753 13.9475745476422 10.2125862460228 8.53101165812076 10.1449187411025 6.599309716999 15.3194627814286 6.56300526420111 5.3085717023945 25.8096617060022 16.5654636493763 10.9783047456396 10.1139210814036 17.1034933006272 11.8964543984991 11.6462903244318 8.16562333711251 4.88685153200082 10.4576033908591 7.38854723791577 13.6104021378836 14.1682261204403 1.91445508126424 13.5447386926705 7.89579329616859 21.6410134638347 1.71280083728126
"ISPNS" 11.2301403156618 28.825447683685 48.3635599107423 30.6033795995994 26.6457715943068 19.0027111340923 9.41596250189067 9.48681792267832 24.3527706082914 19.6810007154786 4.97151924492973 16.459930427298 10.3197058596395 20.4514023194187 16.5227742151821 13.7225741517292 16.1647862243372 6.70921846243971 20.0951270001508 8.91986651801408 2.92320987746977 29.8918440074978 24.6084540168383 12.8833945431093 9.6849029275741 22.2782584885836 17.7393299996464 6.05007141540347 11.9013383258873 11.4584181887821 14.7873931984002 16.2424264822508 17.7655794480231 20.2869509996191 9.88464001574596 18.7825118917905 6.53906308483521 27.7726922469143 2.93987178414344
"PMZS" 4.74536143576304 32.8972027991667 30.6033795995994 50.965464586635 34.6574536497154 13.6225347700152 22.5823943494321 12.2167935146873 17.753287136763 17.8807373611783 3.26543027699955 14.7626944622202 3.96287404132248 13.9457928883532 12.2352685103826 9.01500674925474 12.2228403289471 7.19167258467525 19.2295903192571 6.42721611546777 7.56941944081279 37.2461612437883 18.757029600817 18.8054994309158 12.17478476289 22.0420628340721 15.5876371701648 17.8555758925853 11.0834359040978 5.80307450833081 15.608463859404 10.8209001477261 18.439660112537 12.3635698046756 5.26965440172065 16.3004402476669 6.62309306994188 25.3566733387553 0.65906311592103
"PMZI" 5.57077653853418 24.7549765241678 26.6457715943068 34.6574536497154 39.4724594907963 14.136691717132 14.7846591553978 9.01447838528245 22.511219964641 13.4242034463566 2.69676409370309 11.6272527141703 4.56012160478276 10.802234699133 9.06239948865979 6.37267027022626 10.1005933931845 5.95794291357593 12.9963080568732 4.39693459612901 6.1260341793737 29.2258249576768 16.8074019838134 19.5634373526512 -2.82957008711098 11.641445622539 12.8027731936589 12.5322358990886 9.64696715413623 5.4278097165094 11.1456710199473 8.50087058040694 12.1502673872327 13.3492255485538 -1.7027454193111 16.7579297906383 2.54326929312389 22.0082003450241 0.25770008110519
"PMMT" 5.50633339116494 13.2312020837567 19.0027111340923 13.6225347700152 14.136691717132 16.1492614910217 3.74629883597773 3.857444942496 11.2725816027717 7.87533693641132 2.50295469353788 5.90486711214931 6.596437163609 10.6030688495519 5.42445207994161 5.70853297200827 8.24708179946488 4.06095711069076 8.03498449074859 3.4458837616077 0.22168009266814 12.0612338858587 10.8649247656739 7.24430312838294 2.26493709577043 6.19609849504788 6.11802771857817 3.912364947548 5.48551502185662 4.65769770811524 6.27539427780643 6.86729812454211 5.59807083904918 12.1877785354394 5.76144999025371 10.6707013688925 5.13497891343505 10.4890741920918 2.16041040786807
"NSLNA" 1.25425711225953 8.70581444863891 9.41596250189067 22.5823943494321 14.7846591553978 3.74629883597773 31.5823442394161 5.70336677533006 4.61688001974549 -2.28853445675376 0.142779342314564 16.7216704116684 -1.31953862924217 6.19449594319869 3.9176994163251 8.02740102709516 7.08803814381976 2.70331887440709 7.0477485133166 4.57466878837136 6.4698708779398 15.4879151471893 5.44285936935506 8.37747543175835 0.410270603358688 8.72038899269751 7.84961304141032 5.18519384843243 3.72908125850519 3.49253246891615 6.40971156487724 3.01659320803839 6.85487942159566 1.12428482735798 -1.63390312722113 5.69021272155163 -1.57203358438367 10.0758441451463 1.94949480536836
"NSLZS" 2.37218136663699 4.93452556196321 9.48681792267832 12.2167935146873 9.01447838528245 3.857444942496 5.70336677533006 8.08708403751539 7.63585999305777 5.02034985926411 2.81547928640928 3.7663755420686 1.83878793854261 4.52212649670308 3.97249814328348 3.21743138907038 4.01972404448969 2.39675842941245 6.81621028378064 2.30166078810194 0.104568101958423 10.7922243503476 5.40891640941711 5.796303310344 3.89215076057838 7.00982808437113 5.58933170408654 4.5119736565952 2.54935149414418 1.99916435299384 5.92299517936873 4.55190157329361 6.50824889962547 6.20241246547584 2.32919990021313 6.86908291218736 0.72457515190785 6.72040786620193 1.24757577427512
"NSLZI" 6.9006688677838 16.2954042480371 24.3527706082914 17.753287136763 22.511219964641 11.2725816027717 4.61688001974549 7.63585999305777 26.2738962044269 12.9668024031036 5.86467126811307 12.0099177601829 8.21368333505819 14.256368190367 11.5762050168219 6.59355716485706 10.1018813824585 5.70555281689747 16.8443542677395 4.96904218776611 4.0394857777389 23.852345516931 23.3891365899185 12.7719592972492 3.26981155573275 18.9467693862648 10.6698175194057 7.63321810752961 9.16410967549681 7.5460222935183 11.9186407199502 10.9078646978445 15.8340696160663 16.1612347144302 5.96429502294626 15.3631652427544 6.20201415714851 22.6071733782808 1.97986053923177
"NABR" 5.0457398661065 14.7314254460998 19.6810007154786 17.8807373611783 13.4242034463566 7.87533693641132 -2.28853445675376 5.02034985926411 12.9668024031036 42.1077527512157 2.82911237249414 5.27070038333672 19.3477443214573 22.4467828022705 9.87099400800941 5.2121493202527 9.86347779287981 6.93039873571799 13.6368179816268 1.87171877872712 4.24516402578731 21.9143966347681 13.6184422482526 13.877360914129 10.1731145362878 17.6572332318693 5.82378964091727 10.2140038495265 8.54630917872721 4.65584332076694 11.9458969259604 7.80734292924872 14.0466982532684 13.2365577847904 -3.92249448794905 15.9669844035658 8.13502228886992 18.1017307885818 -2.49046626063317
"NAFM" 1.80925509390234 3.56332821396762 4.97151924492973 3.26543027699955 2.69676409370309 2.50295469353788 0.142779342314564 2.81547928640928 5.86467126811307 2.82911237249414 5.89049840311064 2.43641798931321 3.13164929234558 3.97089840119635 1.97908307398061 0.400890769722194 2.50070962215374 2.95897437151745 5.94939640841203 -0.82672537696573 0.527472099800037 3.41290751540505 4.21298459595942 2.50758088879652 4.70774595476994 7.44032638304514 2.05201142191016 3.47127576194012 2.9146419379877 1.97170445356703 4.52955219943051 3.94801374612599 5.61490216136827 5.46085922494566 1.30354804485573 2.87108448855949 3.77316625211835 3.53765789601612 0.508693951244182
"NAPNS" 3.63679810279375 11.5102004760662 16.459930427298 14.7626944622202 11.6272527141703 5.90486711214931 16.7216704116684 3.7663755420686 12.0099177601829 5.27070038333672 2.43641798931321 20.2600355322657 4.87848861211683 12.7696123180016 9.36340495432739 9.38927183221486 10.9185096855415 4.23908076054349 12.0574743810816 4.53528486625572 4.5885001669602 18.6588790276681 13.1746811448721 8.74327096405889 3.37499620694854 14.7388361573445 7.50272985604779 4.69019332516361 6.85393410702527 5.56313001919623 9.43376469035724 8.47216237251987 11.4391499449453 8.80836003870344 4.30285854981617 10.5758740619285 4.51522824301515 16.5273854391521 2.80945313409137
"BRPT" 3.54028476905316 6.15443260680753 10.3197058596395 3.96287404132248 4.56012160478276 6.596437163609 -1.31953862924217 1.83878793854261 8.21368333505819 19.3477443214573 3.13164929234558 4.87848861211683 21.4917517698642 18.0776384680459 1.69368165797408 -2.67043616353696 5.19261742366008 2.67988527130468 1.05394288232884 0.278341011584292 0.952782653698099 8.1344906351462 7.01588157975231 7.61296714981063 5.24659508825502 3.64303321568354 2.76687548762755 4.15714172320559 5.78420866103328 2.35804436059269 6.48395513237342 3.87942822566238 2.38771646784318 13.7310420906746 0.0331862239091802 15.666295601391 9.49639189244949 7.85656017375477 0.424873723987275
"BRAPET" 6.23549536146625 13.9475745476422 20.4514023194187 13.9457928883532 10.802234699133 10.6030688495519 6.19449594319869 4.52212649670308 14.256368190367 22.4467828022705 3.97089840119635 12.7696123180016 18.0776384680459 27.3202809997284 9.44513070665343 10.0448146781643 12.6189857827608 5.59457005987367 13.149147671132 4.24047962031309 1.93773625685151 18.9036102879361 14.6126980163296 12.6153863724988 6.73746161361923 13.8871049916954 8.2851724837423 4.89349176175609 7.25210215094967 6.9245532939688 12.2647294202945 8.64709090961803 12.4487884536042 17.7693919961599 8.09303556868045 20.5463476671765 6.38290796065983 21.5165839033972 1.96960740252918
"PTFM" 3.10628229682018 10.2125862460228 16.5227742151821 12.2352685103826 9.06239948865979 5.42445207994161 3.9176994163251 3.97249814328348 11.5762050168219 9.87099400800941 1.97908307398061 9.36340495432739 1.69368165797408 9.44513070665343 19.45461096453 8.11129308145497 6.19722300741936 -0.911819254775414 14.1691607887137 5.00343550440292 0.465933258001559 16.5635652565074 13.7035253970892 7.65690036879159 8.27624005289935 14.7981435420647 8.06235530740395 5.76495296149 6.20262819749805 5.30581472625489 9.01433016214179 8.9948783206887 13.5681914086193 9.26851316224965 6.45093178774056 7.42838791159322 -2.08670758391848 17.8266750864919 3.30740529995651
"PTAPET" 4.14465258499409 8.53101165812076 13.7225741517292 9.01500674925474 6.37267027022626 5.70853297200827 8.02740102709516 3.21743138907038 6.59355716485706 5.2121493202527 0.400890769722194 9.38927183221486 -2.67043616353696 10.0448146781643 8.11129308145497 19.2627014287916 12.612857804354 2.5012801055611 10.5805022064892 6.81575315537488 0.241293793814563 10.6538652540633 8.05478558736119 3.62860886723265 1.05865285522606 6.62690669345671 6.78076247583308 -0.787763744205061 0.63849560829174 5.99791068353549 5.61153464705938 2.73053199508939 7.28488597263499 5.18238166865846 3.86220028607444 3.24329815630615 -4.15951030331437 13.5755169563094 3.10743349588218
"PTBA" 4.91192959023313 10.1449187411025 16.1647862243372 12.2228403289471 10.1005933931845 8.24708179946488 7.08803814381976 4.01972404448969 10.1018813824585 9.86347779287981 2.50070962215374 10.9185096855415 5.19261742366008 12.6189857827608 6.19722300741936 12.612857804354 19.3034457962839 7.15152721612357 9.20811329471394 3.35452206507277 1.25276324024141 13.9590373138288 10.4170991362325 7.23474405556892 2.8925502368564 10.0939722893445 6.96846227557671 4.95991137556079 8.48239731084241 6.36038120050958 10.0479047718713 6.89904625915678 7.00514693276968 11.1929942490506 2.33959117341146 12.044257355545 6.45357626158984 14.2413894591901 1.8121446502757
"PTEAM" 2.03933473673821 6.599309716999 6.70921846243971 7.19167258467525 5.95794291357593 4.06095711069076 2.70331887440709 2.39675842941245 5.70555281689747 6.93039873571799 2.95897437151745 4.23908076054349 2.67988527130468 5.59457005987367 -0.911819254775414 2.5012801055611 7.15152721612357 12.0337137054704 9.86129448934391 -0.677398640200999 2.4519052618248 8.44470555813334 5.0883271940337 4.11522836876079 2.33774744718881 12.3118337291884 3.12334774699973 5.2465746552447 4.60579924523062 3.04194611891758 5.27790591987542 8.16582844562562 7.94976796378434 4.84024352341827 2.46782351221351 5.23383444744655 12.339734079333 6.24522937025262 -1.49573052195462
"PTZYGO" 4.24060362267881 15.3194627814286 20.0951270001508 19.2295903192571 12.9963080568732 8.03498449074859 7.0477485133166 6.81621028378064 16.8443542677395 13.6368179816268 5.94939640841203 12.0574743810816 1.05394288232884 13.149147671132 14.1691607887137 10.5805022064892 9.20811329471394 9.86129448934391 28.2492563830711 4.17845926616641 3.54048770622334 23.1853293016261 18.5773532855834 9.92177018152275 9.14997816804076 28.3687547057096 10.6195138354749 9.33980516010238 7.15375354739908 6.04899169047359 12.9915784825529 17.3291158850983 25.8403195173144 10.3629908838018 10.1637171571908 9.25011986336636 6.67690171101176 22.8880298652216 0.879354988336849
"PTTSP" 1.64916237728282 6.56300526420111 8.91986651801408 6.42721611546777 4.39693459612901 3.4458837616077 4.57466878837136 2.30166078810194 4.96904218776611 1.87171877872712 -0.82672537696573 4.53528486625572 0.278341011584292 4.24047962031309 5.00343550440292 6.81575315537488 3.35452206507277 -0.677398640200999 4.17845926616641 12.8867689360081 0.582253862401604 6.43874225370438 5.10467724162375 2.61715569948002 3.73560260723521 -0.10439716897993 4.17896026551953 -0.0769094441836832 -0.00722498512211866 2.87352343322913 1.84320193012989 -0.479220599839386 1.43955642738494 3.00548275471958 1.00027706995268 2.03706853296514 -3.14414462873259 8.16416034583377 3.22563185301043
"FMZS" 0.24945934975513 5.3085717023945 2.92320987746977 7.56941944081279 6.1260341793737 0.22168009266814 6.4698708779398 0.104568101958423 4.0394857777389 4.24516402578731 0.527472099800037 4.5885001669602 0.952782653698099 1.93773625685151 0.465933258001559 0.241293793814563 1.25276324024141 2.4519052618248 3.54048770622334 0.582253862401604 8.30917346333554 9.87530830478772 3.60036624484289 3.74448952001663 0.786949566905545 6.56229465298664 1.16840299217752 3.95155412037382 2.44285978926095 3.31304396861328 2.34024844116898 1.9731855066522 4.04246365729507 -0.192333739125592 1.0117277416065 0.891782877086214 0.957001567600665 3.50553145362241 -1.01636868423131
"FMMT" 6.35484138402958 25.8096617060022 29.8918440074978 37.2461612437883 29.2258249576768 12.0612338858587 15.4879151471893 10.7922243503476 23.852345516931 21.9143966347681 3.41290751540505 18.6588790276681 8.1344906351462 18.9036102879361 16.5635652565074 10.6538652540633 13.9590373138288 8.44470555813334 23.1853293016261 6.43874225370438 9.87530830478772 45.9959607824936 24.9090817198549 22.1515727112021 10.7481007191463 26.2973956399083 16.7050698821271 15.4558372030694 12.6797808917899 9.01127851554516 18.2323367934076 14.9798365548201 23.0300161487164 18.2732139480367 8.34545978394479 20.4361898746081 7.55298556615128 31.107733992768 1.74289107576611
"ZSZI" 6.31438190991655 16.5654636493763 24.6084540168383 18.757029600817 16.8074019838134 10.8649247656739 5.44285936935506 5.40891640941711 23.3891365899185 13.6184422482526 4.21298459595942 13.1746811448721 7.01588157975231 14.6126980163296 13.7035253970892 8.05478558736119 10.4170991362325 5.0883271940337 18.5773532855834 5.10467724162375 3.60036624484289 24.9090817198549 27.2964309442192 9.23108616601806 7.90144879350397 23.4188458039493 10.2664940963317 7.43708843951934 9.37642327730279 7.51420061798588 12.0137675139392 11.6522184817489 17.5799210685145 14.0280402409889 9.7400515698284 11.886101481639 8.70236294036104 23.6338798912666 2.49712087278921
"ZIMT" 3.43915845186524 10.9783047456396 12.8833945431093 18.8054994309158 19.5634373526512 7.24430312838294 8.37747543175835 5.796303310344 12.7719592972492 13.877360914129 2.50758088879652 8.74327096405889 7.61296714981063 12.6153863724988 7.65690036879159 3.62860886723265 7.23474405556892 4.11522836876079 9.92177018152275 2.61715569948002 3.74448952001663 22.1515727112021 9.23108616601806 22.1689056470588 1.08434106511221 7.68792889716558 6.93144523947453 8.95873923620332 7.69751711757909 3.49746533896735 10.7604930948286 7.05067996820062 9.57364103822971 12.8264450467955 2.26965136906063 17.5002142495 2.67133379567499 18.3905210446206 0.638776796378627
"ZIZYGO" 0.22160240062284 10.1139210814036 9.6849029275741 12.17478476289 -2.82957008711098 2.26493709577043 0.410270603358688 3.89215076057838 3.26981155573275 10.1731145362878 4.70774595476994 3.37499620694854 5.24659508825502 6.73746161361923 8.27624005289935 1.05865285522606 2.8925502368564 2.33774744718881 9.14997816804076 3.73560260723521 0.786949566905545 10.7481007191463 7.90144879350397 1.08434106511221 31.2709701524438 16.5535395466876 4.59284014192651 9.48037293113304 4.97442410758715 1.77613255448278 8.67115942184311 -2.2008109007171 8.48811872602235 5.3800672692041 2.871536955537 1.08605771432632 8.33903327255481 6.5610201351482 1.60046350196605
"ZITSP" 4.39892240964749 17.1034933006272 22.2782584885836 22.0420628340721 11.641445622539 6.19609849504788 8.72038899269751 7.00982808437113 18.9467693862648 17.6572332318693 7.44032638304514 14.7388361573445 3.64303321568354 13.8871049916954 14.7981435420647 6.62690669345671 10.0939722893445 12.3118337291884 28.3687547057096 -0.10439716897993 6.56229465298664 26.2973956399083 23.4188458039493 7.68792889716558 16.5535395466876 47.67865164727 10.8977742403926 14.0835952087595 10.1687614254209 7.89705303423115 16.2278869427351 19.3708456521856 29.2859893514167 9.67303625771638 12.0828648444178 9.55745515988729 13.0694299331509 21.209800784442 0.304507946873517
"MTPNS" 3.98682214463849 11.8964543984991 17.7393299996464 15.5876371701648 12.8027731936589 6.11802771857817 7.84961304141032 5.58933170408654 10.6698175194057 5.82378964091727 2.05201142191016 7.50272985604779 2.76687548762755 8.2851724837423 8.06235530740395 6.78076247583308 6.96846227557671 3.12334774699973 10.6195138354749 4.17896026551953 1.16840299217752 16.7050698821271 10.2664940963317 6.93144523947453 4.59284014192651 10.8977742403926 12.3334518094834 4.41794434478803 4.72848656560869 4.48144379571455 7.80164774167011 7.37722242443992 10.3953098372634 9.90270042598979 2.82573748800896 9.55450142605992 1.17424476909698 14.6116870862239 2.1854011515661
"PNSAPET" 1.08711620976363 11.6462903244318 6.05007141540347 17.8555758925853 12.5322358990886 3.912364947548 5.18519384843243 4.5119736565952 7.63321810752961 10.2140038495265 3.47127576194012 4.69019332516361 4.15714172320559 4.89349176175609 5.76495296149 -0.787763744205061 4.95991137556079 5.2465746552447 9.33980516010238 -0.0769094441836832 3.95155412037382 15.4558372030694 7.43708843951934 8.95873923620332 9.48037293113304 14.0835952087595 4.41794434478803 18.2748473160767 6.12268362420926 -0.549358833237183 9.38010140941338 7.31078268185997 9.33277017498591 6.805733973705 2.8553839403954 7.27199345413601 8.42967040697935 8.59260300653751 1.01469411750947
"APETBA" 2.46078385235016 8.16562333711251 11.9013383258873 11.0834359040978 9.64696715413623 5.48551502185662 3.72908125850519 2.54935149414418 9.16410967549681 8.54630917872721 2.9146419379877 6.85393410702527 5.78420866103328 7.25210215094967 6.20262819749805 0.63849560829174 8.48239731084241 4.60579924523062 7.15375354739908 -0.00722498512211866 2.44285978926095 12.6797808917899 9.37642327730279 7.69751711757909 4.97442410758715 10.1687614254209 4.72848656560869 6.12268362420926 10.9664326007515 3.77617453077193 7.51717954705031 8.29370295909093 7.41420500655627 8.07143405415241 0.76043349009884 7.69991969942051 8.33232750664421 9.51581523533476 -0.725552867040613
"APETTS" 2.770673331768 4.88685153200082 11.4584181887821 5.80307450833081 5.4278097165094 4.65769770811524 3.49253246891615 1.99916435299384 7.5460222935183 4.65584332076694 1.97170445356703 5.56313001919623 2.35804436059269 6.9245532939688 5.30581472625489 5.99791068353549 6.36038120050958 3.04194611891758 6.04899169047359 2.87352343322913 3.31304396861328 9.01127851554516 7.51420061798588 3.49746533896735 1.77613255448278 7.89705303423115 4.48144379571455 -0.549358833237183 3.77617453077193 18.0167139598212 5.69975895352117 5.05215731777615 4.92157978762701 5.92457016526098 6.15486241650278 6.05300120344269 3.43444809717461 7.75249762364313 -0.255579080915277
"BAEAM" 3.74337325721456 10.4576033908591 14.7873931984002 15.608463859404 11.1456710199473 6.27539427780643 6.40971156487724 5.92299517936873 11.9186407199502 11.9458969259604 4.52955219943051 9.43376469035724 6.48395513237342 12.2647294202945 9.01433016214179 5.61153464705938 10.0479047718713 5.27790591987542 12.9915784825529 1.84320193012989 2.34024844116898 18.2323367934076 12.0137675139392 10.7604930948286 8.67115942184311 16.2278869427351 7.80164774167011 9.38010140941338 7.51717954705031 5.69975895352117 15.7771000465523 7.71793352069564 12.3362172242363 12.3978303236823 6.31972966025884 12.244288996982 6.49949241405046 15.9068970841909 2.58483984929123
"EAMZYGO" 3.22146984700858 7.38854723791577 16.2424264822508 10.8209001477261 8.50087058040694 6.86729812454211 3.01659320803839 4.55190157329361 10.9078646978445 7.80734292924872 3.94801374612599 8.47216237251987 3.87942822566238 8.64709090961803 8.9948783206887 2.73053199508939 6.89904625915678 8.16582844562562 17.3291158850983 -0.479220599839386 1.9731855066522 14.9798365548201 11.6522184817489 7.05067996820062 -2.2008109007171 19.3708456521856 7.37722242443992 7.31078268185997 8.29370295909093 5.05215731777615 7.71793352069564 27.296934527716 17.2463263800906 9.4261439676956 13.668480976111 8.52380645255398 10.7981312584581 12.9215344182353 1.00839452910347
"ZYGOTSP" 3.33674637740932 13.6104021378836 17.7655794480231 18.439660112537 12.1502673872327 5.59807083904918 6.85487942159566 6.50824889962547 15.8340696160663 14.0466982532684 5.61490216136827 11.4391499449453 2.38771646784318 12.4487884536042 13.5681914086193 7.28488597263499 7.00514693276968 7.94976796378434 25.8403195173144 1.43955642738494 4.04246365729507 23.0300161487164 17.5799210685145 9.57364103822971 8.48811872602235 29.2859893514167 10.3953098372634 9.33277017498591 7.41420500655627 4.92157978762701 12.3362172242363 17.2463263800906 26.8864320369989 9.15681853844345 9.0536146645813 10.2011740301355 5.94561011589206 22.3394273947547 0.247508396121053
"LDAS" 7.55926151473414 14.1682261204403 20.2869509996191 12.3635698046756 13.3492255485538 12.1877785354394 1.12428482735798 6.20241246547584 16.1612347144302 13.2365577847904 5.46085922494566 8.80836003870344 13.7310420906746 17.7693919961599 9.26851316224965 5.18238166865846 11.1929942490506 4.84024352341827 10.3629908838018 3.00548275471958 -0.192333739125592 18.2732139480367 14.0280402409889 12.8264450467955 5.3800672692041 9.67303625771638 9.90270042598979 6.805733973705 8.07143405415241 5.92457016526098 12.3978303236823 9.4261439676956 9.15681853844345 32.8628426029055 5.64427016565751 27.6201324312151 5.43304825507816 17.365080841858 5.81278870940073
"BRLD" 2.3922362323299 1.91445508126424 9.88464001574596 5.26965440172065 -1.7027454193111 5.76144999025371 -1.63390312722113 2.32919990021313 5.96429502294626 -3.92249448794905 1.30354804485573 4.30285854981617 0.0331862239091802 8.09303556868045 6.45093178774056 3.86220028607444 2.33959117341146 2.46782351221351 10.1637171571908 1.00027706995268 1.0117277416065 8.34545978394479 9.7400515698284 2.26965136906063 2.871536955537 12.0828648444178 2.82573748800896 2.8553839403954 0.76043349009884 6.15486241650278 6.31972966025884 13.668480976111 9.0536146645813 5.64427016565751 62.1650012273648 2.08041709759814 9.57784244186447 11.6391123798943 5.75336021378919
"OPILD" 7.12759676733646 13.5447386926705 18.7825118917905 16.3004402476669 16.7579297906383 10.6707013688925 5.69021272155163 6.86908291218736 15.3631652427544 15.9669844035658 2.87108448855949 10.5758740619285 15.666295601391 20.5463476671765 7.42838791159322 3.24329815630615 12.044257355545 5.23383444744655 9.25011986336636 2.03706853296514 0.891782877086214 20.4361898746081 11.886101481639 17.5002142495 1.08605771432632 9.55745515988729 9.55450142605992 7.27199345413601 7.69991969942051 6.05300120344269 12.244288996982 8.52380645255398 10.2011740301355 27.6201324312151 2.08041709759814 43.9502803130086 3.20859472625658 23.9697661155771 -1.03333685659349
"PTAS" 1.16905583186187 7.89579329616859 6.53906308483521 6.62309306994188 2.54326929312389 5.13497891343505 -1.57203358438367 0.72457515190785 6.20201415714851 8.13502228886992 3.77316625211835 4.51522824301515 9.49639189244949 6.38290796065983 -2.08670758391848 -4.15951030331437 6.45357626158984 12.339734079333 6.67690171101176 -3.14414462873259 0.957001567600665 7.55298556615128 8.70236294036104 2.67133379567499 8.33903327255481 13.0694299331509 1.17424476909698 8.42967040697935 8.33232750664421 3.43444809717461 6.49949241405046 10.7981312584581 5.94561011589206 5.43304825507816 9.57784244186447 3.20859472625658 40.6601147540298 9.65998078151774 2.10956206372787
"JPAS" 6.69653645852068 21.6410134638347 27.7726922469143 25.3566733387553 22.0082003450241 10.4890741920918 10.0758441451463 6.72040786620193 22.6071733782808 18.1017307885818 3.53765789601612 16.5273854391521 7.85656017375477 21.5165839033972 17.8266750864919 13.5755169563094 14.2413894591901 6.24522937025262 22.8880298652216 8.16416034583377 3.50553145362241 31.107733992768 23.6338798912666 18.3905210446206 6.5610201351482 21.209800784442 14.6116870862239 8.59260300653751 9.51581523533476 7.75249762364313 15.9068970841909 12.9215344182353 22.3394273947547 17.365080841858 11.6391123798943 23.9697661155771 9.65998078151774 46.7397284729259 5.57299660771882
"BAOPI" 1.38916378498294 1.71280083728126 2.93987178414344 0.65906311592103 0.25770008110519 2.16041040786807 1.94949480536836 1.24757577427512 1.97986053923177 -2.49046626063317 0.508693951244182 2.80945313409137 0.424873723987275 1.96960740252918 3.30740529995651 3.10743349588218 1.8121446502757 -1.49573052195462 0.879354988336849 3.22563185301043 -1.01636868423131 1.74289107576611 2.49712087278921 0.638776796378627 1.60046350196605 0.304507946873517 2.1854011515661 1.01469411750947 -0.725552867040613 -0.255579080915277 2.58483984929123 1.00839452910347 0.247508396121053 5.81278870940073 5.75336021378919 -1.03333685659349 2.10956206372787 5.57299660771882 14.4083195808763
