"" "ISPM" "ISNSL" "ISPNS" "PMZS" "PMZI" "PMMT" "NSLNA" "NSLZS" "NSLZI" "NABR" "NAFM" "NAPNS" "BRPT" "BRAPET" "PTFM" "PTAPET" "PTBA" "PTEAM" "PTZYGO" "PTTSP" "FMZS" "FMMT" "ZSZI" "ZIMT" "ZIZYGO" "ZITSP" "MTPNS" "PNSAPET" "APETBA" "APETTS" "BAEAM" "EAMZYGO" "ZYGOTSP" "LDAS" "BRLD" "OPILD" "PTAS" "JPAS" "BAOPI"
"ISPM" 0.288520925578866 0.352446591313673 0.309320256898194 0.138474082114954 0.094418400772587 0.305690336016318 -0.089777256704896 0.239250913151258 0.286214731443734 0.348361984588227 0.164258336154315 0.128234803886349 0.161975372447957 0.169442743790384 0.169066801783113 -0.114289038200452 -0.071036878080952 0.0237149697802434 0.147618820633113 -0.101451555286962 0.0154029929269374 0.251876415911281 0.0679081806323851 0.255556857575802 -0.00303919280687688 0.183558774095586 0.00423394373053203 0.156475165110466 0.0651571148983223 0.167875539531107 0.157386448431909 0.321101525152021 0.139395585028156 0.060412977974168 -0.135308702501238 0.0556257013300818 0.139184994880093 0.00642857230551374 0.00620674541664266
"ISNSL" 0.352446591313673 2.50373131211905 1.15668512375613 1.13648509302398 0.924846376423516 0.48696474254811 -0.244013928817572 0.80151636219872 1.34280633281856 0.454301589213127 0.665516174790183 0.228041827759339 0.0718651520441437 -0.155977878782568 0.43614852241357 -0.0757229979118568 -0.0477418725793951 0.010388670207187 0.194454298829408 -0.340138806097249 0.326577731345878 0.689805100388229 0.504259526864326 0.337472972748759 -0.200481511132255 0.610009311172844 0.321027579679128 0.294289444336426 0.25435222427459 -0.263209226766235 0.225661844665631 0.789128322209984 0.336886173179727 -0.246711199076247 -0.766552751676379 -0.719615945686808 0.301422541244811 -0.128838372282653 0.368224553485648
"ISPNS" 0.309320256898194 1.15668512375613 1.74562490131828 0.845268388563094 0.766904433207108 0.662815541385166 0.269597672936663 0.414261929308064 0.751155299341412 0.365217217673665 0.562586546447943 0.357099044205342 0.0816584964656345 0.13662253489996 0.472540729344924 0.0417170391139965 0.270761892692555 0.34792350335904 0.529266563408773 0.194688296459413 0.031460676521131 0.468637479756383 0.531329438562508 0.154914018548765 0.336015607142907 0.848906691358586 0.493172661913182 0.0230979775247945 0.32993770287126 0.308527208423199 0.313021606017032 0.766726479418298 0.332610976817339 0.11430628118663 -0.448602511558377 0.147529005975791 0.707781608575898 0.28431459029854 0.274669105085985
"PMZS" 0.138474082114954 1.13648509302398 0.845268388563094 1.85908190822398 0.768324685823342 0.62528073218678 0.359553744906126 1.05492738228459 0.470581492632359 -0.106946454124245 0.711235058110526 0.0836869313176433 -0.123074963008313 -0.0637526249960602 0.478994187017373 0.149133724775809 0.426346226931418 0.323512275255077 0.501786462060198 0.137556171370318 -0.693562199377756 0.257608357185637 -0.011122169031554 0.143359213281016 0.269055909306593 0.685489850137957 0.387823166271766 0.501783649751333 0.434797502257637 0.027000097276033 0.412463654039479 0.871544139462053 0.553720774335855 0.269712472046852 -0.424311515997181 0.266319733722138 0.363249795030822 -0.120706348600143 0.0910508507889202
"PMZI" 0.094418400772587 0.924846376423516 0.766904433207108 0.768324685823342 1.70605058397888 0.520491366063031 0.0638982624531928 0.365593096623504 1.55415320561397 0.0899782482530069 0.610261137048066 0.0511428804382976 -0.0911535350655412 0.0600403561019945 0.428560888803685 -0.130512784813481 -0.0836288193991542 0.26848528570074 0.445191365065975 0.280692088345021 0.276995018098383 0.312959024375725 1.00541977535136 0.160701143091925 -0.317673465350297 0.414763419641388 0.396618930251722 0.369039398827496 0.2069234072766 0.341520095080177 0.141435241783552 0.470894862840354 0.264532604259535 -0.287020955573903 -0.10549656190856 0.0732931039651414 0.460405479334258 0.015166097580526 0.318817123091878
"PMMT" 0.305690336016318 0.48696474254811 0.662815541385166 0.62528073218678 0.520491366063031 1.1044221859953 0.322306394289963 0.468907758790143 0.458803114798275 -0.094553929647474 0.409441704998749 0.0338378158560505 -0.0605019362765908 0.0279593449964965 0.426415952598933 -0.228745861465339 0.0292274571630773 0.127332025425487 0.39837428322186 -0.0699168127628663 0.0353152077345107 0.356716654189732 0.214126078418075 0.33808984912159 0.0699076569626345 0.61494421477085 0.260686333357885 0.687076368006585 0.29936300858616 0.173428977452392 0.297368607763894 0.704231219269405 0.441041158793934 -0.0209384810897753 0.0588158492205888 0.456235339573434 0.307928110024305 0.0975806756237328 -0.233976811325378
"NSLNA" -0.089777256704896 -0.244013928817572 0.269597672936663 0.359553744906126 0.0638982624531928 0.322306394289963 1.6704221529575 0.243381486889802 -0.0105167492579387 -1.04930774347448 -0.0529775587297736 0.505634266437298 -0.227864909656708 0.266648661702288 0.195247678818498 0.648509662469426 0.869245399336877 0.464465200486148 0.609601260963898 0.660395879627782 -0.138568518746887 0.0268308412164806 -0.0913995891604128 0.0258939396494702 0.550287644002728 0.647882500946154 0.289984777522677 0.205974770583594 0.278669108482419 -0.0564967555265562 0.196299085813073 -0.125875598965606 0.17171578982715 0.348348766364993 0.30658955801167 0.587009916844786 0.288294386780828 0.0219375620521786 -0.104127137865784
"NSLZS" 0.239250913151258 0.80151636219872 0.414261929308064 1.05492738228459 0.365593096623504 0.468907758790143 0.243381486889802 1.62943050783685 0.957970540281583 0.122727791257483 0.676000804366785 0.354295831765763 0.287579894383409 0.0607167559511525 0.372192207381568 -0.0470945940038704 0.138857909622282 -0.156267255959449 0.281728607234731 0.14008289845536 -0.355947534826588 0.264956524785108 -0.385141266788481 0.261497792795569 -0.149027674449866 0.602142283487409 0.0492914739527477 0.5558312815173 0.231567585495349 0.0063082906144861 0.313638514624551 1.03825293197976 0.278972280217944 0.501476448110948 -0.315594560104631 0.241437250800708 0.204115156277617 -0.190776294111117 0.187653389542589
"NSLZI" 0.286214731443734 1.34280633281856 0.751155299341412 0.470581492632359 1.55415320561397 0.458803114798275 -0.0105167492579387 0.957970540281583 2.56943123800219 0.63618933028612 0.662101902854127 0.417961501049074 0.406678100879285 0.285676231292752 0.547552658050459 -0.196963975001566 -0.171153347962949 0.141128894236821 0.562445788390116 0.31371856412504 0.48727171982929 0.676415479908909 1.21230437309503 0.494773938955134 -0.66049003637088 0.776744623601639 0.370234551709489 0.322251555847667 0.242895879365959 0.212210339707159 0.245834976701582 0.875277214516089 0.247782601667636 -0.0787495286966088 -0.157287922499573 -0.154629481433762 0.614234007209383 0.0231841612248848 0.489748093506903
"NABR" 0.348361984588227 0.454301589213127 0.365217217673665 -0.106946454124245 0.0899782482530069 -0.094553929647474 -1.04930774347448 0.122727791257483 0.63618933028612 4.05848124225632 0.241944444846118 0.712459875678816 1.63209256249202 1.19883607997172 0.503442197510848 0.0728837609790078 -0.436590907447481 -0.0736932134553151 0.620388225361533 -0.206315744848624 0.372281283954166 1.0219715632113 0.401633803190466 0.912896179236095 -0.186941139704181 -0.0222848175584045 -0.138964143488517 -0.580327602814564 -0.300296306333334 0.308406322243925 0.25932523570089 0.674791369650666 0.352388494468414 0.379491737701668 -1.47224173995615 -0.801654274971529 -0.0483189791629187 0.465215344205491 0.890777379794222
"NAFM" 0.164258336154315 0.665516174790183 0.562586546447943 0.711235058110526 0.610261137048066 0.409441704998749 -0.0529775587297736 0.676000804366785 0.662101902854127 0.241944444846118 0.986238389884231 0.287733629612743 0.0808899945038126 0.072050501245283 0.265352646682082 0.0137665795594646 0.0797475917058203 0.126643718594357 0.311925096428275 -0.0185250405355799 -0.122900524415891 0.165369454363005 0.155725284322805 0.161205962325649 0.148338149101963 0.43762034306178 0.130381915936814 0.311324498502269 0.200399373352287 0.185868199077842 0.238120945712277 0.69583132963992 0.343361691441357 0.316864576364494 0.20183331747633 0.24602572592863 0.130090785290187 -0.0323045457233288 0.123444833357775
"NAPNS" 0.128234803886349 0.228041827759339 0.357099044205342 0.0836869313176433 0.0511428804382976 0.0338378158560505 0.505634266437298 0.354295831765763 0.417961501049074 0.712459875678816 0.287733629612743 1.39843124719491 0.324021345767159 0.547656975189171 0.485647074050608 0.279128262015975 0.320359504041389 0.442071449557003 0.452133582573487 0.128663453621521 0.0941009487349273 0.793097948762815 0.0802948451391202 0.322722077444784 0.384924366530982 0.162750958699922 -0.00101639673213548 -0.280962477020482 0.19977448374676 -0.0558851498730136 0.450327185667222 0.532823734804915 0.196269767123053 0.0560102489921662 0.0457200756596986 -0.264331354074472 0.465958558932779 0.0862592092140449 0.160318829724903
"BRPT" 0.161975372447957 0.0718651520441437 0.0816584964656345 -0.123074963008313 -0.0911535350655412 -0.0605019362765908 -0.227864909656708 0.287579894383409 0.406678100879285 1.63209256249202 0.0808899945038126 0.324021345767159 1.99381418288685 1.30174526129829 -0.0750586041998838 -0.224192903627867 -0.0682568415641755 -0.229425641448103 -0.124254274271978 -0.0829752714521126 0.122512897762395 0.446912990731211 0.167814714729725 0.405006300343236 -0.36075176722972 -0.150491208522479 -0.085408330969419 -0.0144203931619049 -0.0588311326831842 0.157648571500968 0.149848004724894 0.532686145137736 -0.0423410451899758 0.611918436742665 -0.046068017443392 -0.0871514791693125 0.0586322295124034 0.113478894054132 0.486102584815271
"BRAPET" 0.169442743790384 -0.155977878782568 0.13662253489996 -0.0637526249960602 0.0600403561019945 0.0279593449964965 0.266648661702288 0.0607167559511525 0.285676231292752 1.19883607997172 0.072050501245283 0.547656975189171 1.30174526129829 1.80367655961675 0.268313592034612 0.337886232369413 0.435156890786598 0.428549002641225 0.7694100664487 0.332704748047252 0.00554628564370391 0.502411925140385 0.274406634276845 0.578315250282929 0.031699844243494 0.272798735784725 -0.0709578489771833 0.0126951719157733 0.0947421111676676 0.298634036581555 0.366917980910134 0.442583384586101 0.467491232888402 0.76652183075177 0.720109539008111 0.409552194657768 0.232455091504119 0.105350003755692 0.394081416242142
"PTFM" 0.169066801783113 0.43614852241357 0.472540729344924 0.478994187017373 0.428560888803685 0.426415952598933 0.195247678818498 0.372192207381568 0.547552658050459 0.503442197510848 0.265352646682082 0.485647074050608 -0.0750586041998838 0.268313592034612 1.77571985282456 0.061288365605687 -0.12507377306397 -0.353027828463034 0.41358362020387 0.285739270103805 -0.0333021257398583 0.829049316329443 0.297962383921682 0.328679749200254 0.190869915293925 0.484722608190813 0.29017818939913 0.352258389611974 0.352695861342198 0.20983903888688 0.428577009559889 0.937221081646974 0.257133137968972 0.356273101574447 0.0246264607598848 0.553103292424177 -0.269798417096731 0.191895552649442 0.0717797621820406
"PTAPET" -0.114289038200452 -0.0757229979118568 0.0417170391139965 0.149133724775809 -0.130512784813481 -0.228745861465339 0.648509662469426 -0.0470945940038704 -0.196963975001566 0.0728837609790078 0.0137665795594646 0.279128262015975 -0.224192903627867 0.337886232369413 0.061288365605687 1.97668374162472 1.39086632276538 0.423346339565924 0.768930480195933 0.484567705687357 -0.28794267835939 -0.185654094659218 -0.0180494092133091 -0.0133877942240998 0.744243626630625 0.428099479312911 -0.0109359511137566 -0.0594053904609482 -0.0772091016255292 -0.100333897688931 -0.0250019666533974 -0.601406928204992 0.574701249123265 0.596002046487014 -0.603291998277347 0.192752454263112 -0.24402289965293 0.179838249798927 0.18302555070404
"PTBA" -0.071036878080952 -0.0477418725793951 0.270761892692555 0.426346226931418 -0.0836288193991542 0.0292274571630773 0.869245399336877 0.138857909622282 -0.171153347962949 -0.436590907447481 0.0797475917058203 0.320359504041389 -0.0682568415641755 0.435156890786598 -0.12507377306397 1.39086632276538 1.79247038894483 0.879810799606696 0.982054089221228 0.689381466204868 -0.23067268668913 0.0535683661735246 -0.0861118378995382 -0.0292017397589359 1.00859248064557 0.961717575009246 0.0886804155871107 0.258575455716689 0.560835475135837 -0.0755777676550195 0.247887638291 -0.125141837990915 0.609089594556656 0.751615217406942 0.0182979691235248 0.550752673205039 0.465159175914273 0.200074181784344 0.135461322029022
"PTEAM" 0.0237149697802434 0.010388670207187 0.34792350335904 0.323512275255077 0.26848528570074 0.127332025425487 0.464465200486148 -0.156267255959449 0.141128894236821 -0.0736932134553151 0.126643718594357 0.442071449557003 -0.229425641448103 0.428549002641225 -0.353027828463034 0.423346339565924 0.879810799606696 2.16170225284235 1.39808063533507 0.926634491978616 -0.318090997177366 0.257260321591686 0.397432746837782 0.175880929426746 0.711200885073693 1.13981411593425 0.266518517547971 0.0637378820668691 0.185938856558914 -0.153246888163481 0.377503414825177 0.205925381034257 0.468758679745986 -0.0147350171927832 0.890738417876616 -0.0666794877018369 1.78445763554021 0.137181713373264 0.199658709968569
"PTZYGO" 0.147618820633113 0.194454298829408 0.529266563408773 0.501786462060198 0.445191365065975 0.39837428322186 0.609601260963898 0.281728607234731 0.562445788390116 0.620388225361533 0.311925096428275 0.452133582573487 -0.124254274271978 0.7694100664487 0.41358362020387 0.768930480195933 0.982054089221228 1.39808063533507 2.29923035921371 0.929049694301263 0.0027113117257449 0.588892953964044 0.299400347943564 0.453443308044663 0.837365913160936 1.62123866553959 0.230757823908951 0.315006573666555 0.326433819324065 -0.096215583858431 0.359924922192823 0.429677840487079 1.3561478079999 0.490302317316305 0.712886733896557 0.119903298973621 1.01702479988217 0.218492375891573 0.529915800729233
"PTTSP" -0.101451555286962 -0.340138806097249 0.194688296459413 0.137556171370318 0.280692088345021 -0.0699168127628663 0.660395879627782 0.14008289845536 0.31371856412504 -0.206315744848624 -0.0185250405355799 0.128663453621521 -0.0829752714521126 0.332704748047252 0.285739270103805 0.484567705687357 0.689381466204868 0.926634491978616 0.929049694301263 2.4565217790485 0.103648215981279 0.241019990770578 0.0267751969090619 0.114309688186878 0.562607481514656 0.915555503822873 0.25933968975587 0.333511580179029 0.105761302542574 0.106969754951987 0.312875772756029 -0.143168691119994 -1.06772082672069 0.818102727833851 0.62335972051237 0.599754961795716 0.913271043013075 0.0340991468575189 0.727224586082394
"FMZS" 0.0154029929269374 0.326577731345878 0.031460676521131 -0.693562199377756 0.276995018098383 0.0353152077345107 -0.138568518746887 -0.355947534826588 0.48727171982929 0.372281283954166 -0.122900524415891 0.0941009487349273 0.122512897762395 0.00554628564370391 -0.0333021257398583 -0.28794267835939 -0.23067268668913 -0.318090997177366 0.0027113117257449 0.103648215981279 1.68574064329789 0.862169641589473 0.338054486393523 0.156545689530993 0.144935025624082 0.292748584156691 -0.00679390723346923 -0.095272997869647 0.111395173104002 0.0582124610519703 -0.00966009742474395 -0.275821121489202 -0.343168734468943 -0.28427112591854 0.621333587368917 -0.553674561819948 -0.258045295076313 -0.130520737199147 0.26839455296949
"FMMT" 0.251876415911281 0.689805100388229 0.468637479756383 0.257608357185637 0.312959024375725 0.356716654189732 0.0268308412164806 0.264956524785108 0.676415479908909 1.0219715632113 0.165369454363005 0.793097948762815 0.446912990731211 0.502411925140385 0.829049316329443 -0.185654094659218 0.0535683661735246 0.257260321591686 0.588892953964044 0.241019990770578 0.862169641589473 1.70226295647313 0.377811359873414 0.645882172766768 0.435443195693148 0.67664887051831 0.20267754348986 0.032866842324648 0.400802164324782 0.0886046500449805 0.635042240075386 0.706456362845749 0.1208727366336 -0.119820468006988 0.52294351362646 -0.524278259558244 0.438538742172506 0.0512768777811519 0.360819960058649
"ZSZI" 0.0679081806323851 0.504259526864326 0.531329438562508 -0.011122169031554 1.00541977535136 0.214126078418075 -0.0913995891604128 -0.385141266788481 1.21230437309503 0.401633803190466 0.155725284322805 0.0802948451391202 0.167814714729725 0.274406634276845 0.297962383921682 -0.0180494092133091 -0.0861118378995382 0.397432746837782 0.299400347943564 0.0267751969090619 0.338054486393523 0.377811359873414 1.44118435170073 0.144134476854198 -0.259026891836157 0.395988345499773 0.467650650918544 -0.0494865000936148 0.122400371152967 0.145178165692683 0.0290379804235191 0.155867563653112 0.264733274200152 -0.354406938245124 0.154389961978619 0.0140947157201992 0.409151664532042 0.216432415050048 -0.00462381725184757
"ZIMT" 0.255556857575802 0.337472972748759 0.154914018548765 0.143359213281016 0.160701143091925 0.33808984912159 0.0258939396494702 0.261497792795569 0.494773938955134 0.912896179236095 0.161205962325649 0.322722077444784 0.405006300343236 0.578315250282929 0.328679749200254 -0.0133877942240998 -0.0292017397589359 0.175880929426746 0.453443308044663 0.114309688186878 0.156545689530993 0.645882172766768 0.144134476854198 0.948153082214437 -0.0262973919136942 0.121209141320357 -0.146908017276837 0.00774585261844768 0.0270657173473622 -0.0692782371088259 0.398664678843944 0.368122781812083 0.20898812923536 0.0272567976575466 -0.0516779306045687 -0.260133243456529 0.233461851358763 0.200168897907431 0.353300104348455
"ZIZYGO" -0.00303919280687688 -0.200481511132255 0.336015607142907 0.269055909306593 -0.317673465350297 0.0699076569626345 0.550287644002728 -0.149027674449866 -0.66049003637088 -0.186941139704181 0.148338149101963 0.384924366530982 -0.36075176722972 0.031699844243494 0.190869915293925 0.744243626630625 1.00859248064557 0.711200885073693 0.837365913160936 0.562607481514656 0.144935025624082 0.435443195693148 -0.259026891836157 -0.0262973919136942 1.8738874521501 0.906080540524455 0.0904089859565926 -0.0649981799816347 0.576148633675163 -0.0442328351570838 0.416014392162912 -0.549281095673392 0.367674079096978 0.51670555104317 0.45035228898848 0.416279746976248 0.495988731555382 0.0834212894723105 0.00806995578499614
"ZITSP" 0.183558774095586 0.610009311172844 0.848906691358586 0.685489850137957 0.414763419641388 0.61494421477085 0.647882500946154 0.602142283487409 0.776744623601639 -0.0222848175584045 0.43762034306178 0.162750958699922 -0.150491208522479 0.272798735784725 0.484722608190813 0.428099479312911 0.961717575009246 1.13981411593425 1.62123866553959 0.915555503822873 0.292748584156691 0.67664887051831 0.395988345499773 0.121209141320357 0.906080540524455 2.88224157157348 0.594437755229292 0.74434584188897 0.679864876582799 0.0925161615466357 0.521342232025031 1.05174130654337 0.780418259825196 0.956598574072853 1.0327551487074 0.384693523827659 0.99504617322722 -0.036768018444845 0.359602167095201
"MTPNS" 0.00423394373053203 0.321027579679128 0.493172661913182 0.387823166271766 0.396618930251722 0.260686333357885 0.289984777522677 0.0492914739527477 0.370234551709489 -0.138964143488517 0.130381915936814 -0.00101639673213548 -0.085408330969419 -0.0709578489771833 0.29017818939913 -0.0109359511137566 0.0886804155871107 0.266518517547971 0.230757823908951 0.25933968975587 -0.00679390723346923 0.20267754348986 0.467650650918544 -0.146908017276837 0.0904089859565926 0.594437755229292 0.573510967226363 0.161848490262336 0.146443384151145 0.151002948872646 0.058255791369912 0.221281055089952 0.0245940705002907 -0.0262086853634803 -0.0471756301494294 0.103572034954526 0.250562655165876 -0.0588644041529087 -0.0264621303039391
"PNSAPET" 0.156475165110466 0.294289444336426 0.0230979775247945 0.501783649751333 0.369039398827496 0.687076368006585 0.205974770583594 0.5558312815173 0.322251555847667 -0.580327602814564 0.311324498502269 -0.280962477020482 -0.0144203931619049 0.0126951719157733 0.352258389611974 -0.0594053904609482 0.258575455716689 0.0637378820668691 0.315006573666555 0.333511580179029 -0.095272997869647 0.032866842324648 -0.0494865000936148 0.00774585261844768 -0.0649981799816347 0.74434584188897 0.161848490262336 1.32753555059606 0.162768955470077 -0.0436252612928292 0.100741607989669 0.675967589936594 0.238111165437708 0.279366789925986 0.589731615201057 0.590939302541753 0.0570067198476099 -0.278687030458186 -0.264129250387865
"APETBA" 0.0651571148983223 0.25435222427459 0.32993770287126 0.434797502257637 0.2069234072766 0.29936300858616 0.278669108482419 0.231567585495349 0.242895879365959 -0.300296306333334 0.200399373352287 0.19977448374676 -0.0588311326831842 0.0947421111676676 0.352695861342198 -0.0772091016255292 0.560835475135837 0.185938856558914 0.326433819324065 0.105761302542574 0.111395173104002 0.400802164324782 0.122400371152967 0.0270657173473622 0.576148633675163 0.679864876582799 0.146443384151145 0.162768955470077 0.892590271539112 0.220062443488173 0.385500383809886 0.446346227172577 0.256284785432671 0.385535896197547 0.336297432443864 0.60287711266855 0.344118759935586 0.122495716177627 -0.111827428996377
"APETTS" 0.167875539531107 -0.263209226766235 0.308527208423199 0.027000097276033 0.341520095080177 0.173428977452392 -0.0564967555265562 0.0063082906144861 0.212210339707159 0.308406322243925 0.185868199077842 -0.0558851498730136 0.157648571500968 0.298634036581555 0.20983903888688 -0.100333897688931 -0.0755777676550195 -0.153246888163481 -0.096215583858431 0.106969754951987 0.0582124610519703 0.0886046500449805 0.145178165692683 -0.0692782371088259 -0.0442328351570838 0.0925161615466357 0.151002948872646 -0.0436252612928292 0.220062443488173 1.47827655655536 0.172508233041961 0.445118220104333 -0.254124544815532 0.34890061568141 -0.218589231275786 0.766252438939137 -0.0849404152020268 0.0600839941646556 -0.0572188763390739
"BAEAM" 0.157386448431909 0.225661844665631 0.313021606017032 0.412463654039479 0.141435241783552 0.297368607763894 0.196299085813073 0.313638514624551 0.245834976701582 0.25932523570089 0.238120945712277 0.450327185667222 0.149848004724894 0.366917980910134 0.428577009559889 -0.0250019666533974 0.247887638291 0.377503414825177 0.359924922192823 0.312875772756029 -0.00966009742474395 0.635042240075386 0.0290379804235191 0.398664678843944 0.416014392162912 0.521342232025031 0.058255791369912 0.100741607989669 0.385500383809886 0.172508233041961 0.752827576871496 0.551178097255258 -0.0379085998525951 0.296784687891601 0.447448488620762 0.103287403293748 0.56522146797344 0.148183848929459 0.26488562199423
"EAMZYGO" 0.321101525152021 0.789128322209984 0.766726479418298 0.871544139462053 0.470894862840354 0.704231219269405 -0.125875598965606 1.03825293197976 0.875277214516089 0.674791369650666 0.69583132963992 0.532823734804915 0.532686145137736 0.442583384586101 0.937221081646974 -0.601406928204992 -0.125141837990915 0.205925381034257 0.429677840487079 -0.143168691119994 -0.275821121489202 0.706456362845749 0.155867563653112 0.368122781812083 -0.549281095673392 1.05174130654337 0.221281055089952 0.675967589936594 0.446346227172577 0.445118220104333 0.551178097255258 2.65299334921844 0.657315905341764 0.400653246165603 0.801066878497015 0.113933730822777 0.269805578115957 -0.0270957445182775 0.00918492142763313
"ZYGOTSP" 0.139395585028156 0.336886173179727 0.332610976817339 0.553720774335855 0.264532604259535 0.441041158793934 0.17171578982715 0.278972280217944 0.247782601667636 0.352388494468414 0.343361691441357 0.196269767123053 -0.0423410451899758 0.467491232888402 0.257133137968972 0.574701249123265 0.609089594556656 0.468758679745986 1.3561478079999 -1.06772082672069 -0.343168734468943 0.1208727366336 0.264733274200152 0.20898812923536 0.367674079096978 0.780418259825196 0.0245940705002907 0.238111165437708 0.256284785432671 -0.254124544815532 -0.0379085998525951 0.657315905341764 2.49212937872739 -0.0249266318919889 0.18327354753178 -0.0559248117926447 -0.102207733112565 0.0909782854080246 -0.332269853019725
"LDAS" 0.060412977974168 -0.246711199076247 0.11430628118663 0.269712472046852 -0.287020955573903 -0.0209384810897753 0.348348766364993 0.501476448110948 -0.0787495286966088 0.379491737701668 0.316864576364494 0.0560102489921662 0.611918436742665 0.76652183075177 0.356273101574447 0.596002046487014 0.751615217406942 -0.0147350171927832 0.490302317316305 0.818102727833851 -0.28427112591854 -0.119820468006988 -0.354406938245124 0.0272567976575466 0.51670555104317 0.956598574072853 -0.0262086853634803 0.279366789925986 0.385535896197547 0.34890061568141 0.296784687891601 0.400653246165603 -0.0249266318919889 2.19790641447792 0.430836308358499 1.50073197956075 -0.151551014682844 0.160717216297706 0.438181682787759
"BRLD" -0.135308702501238 -0.766552751676379 -0.448602511558377 -0.424311515997181 -0.10549656190856 0.0588158492205888 0.30658955801167 -0.315594560104631 -0.157287922499573 -1.47224173995615 0.20183331747633 0.0457200756596986 -0.046068017443392 0.720109539008111 0.0246264607598848 -0.603291998277347 0.0182979691235248 0.890738417876616 0.712886733896557 0.62335972051237 0.621333587368917 0.52294351362646 0.154389961978619 -0.0516779306045687 0.45035228898848 1.0327551487074 -0.0471756301494294 0.589731615201057 0.336297432443864 -0.218589231275786 0.447448488620762 0.801066878497015 0.18327354753178 0.430836308358499 6.42479649833516 0.0669880012695262 0.763880084733278 -0.480956613546004 -0.0584579995954959
"OPILD" 0.0556257013300818 -0.719615945686808 0.147529005975791 0.266319733722138 0.0732931039651414 0.456235339573434 0.587009916844786 0.241437250800708 -0.154629481433762 -0.801654274971529 0.24602572592863 -0.264331354074472 -0.0871514791693125 0.409552194657768 0.553103292424177 0.192752454263112 0.550752673205039 -0.0666794877018369 0.119903298973621 0.599754961795716 -0.553674561819948 -0.524278259558244 0.0140947157201992 -0.260133243456529 0.416279746976248 0.384693523827659 0.103572034954526 0.590939302541753 0.60287711266855 0.766252438939137 0.103287403293748 0.113933730822777 -0.0559248117926447 1.50073197956075 0.0669880012695262 3.61599602984502 0.0672800397769378 0.561293054552805 -1.10493095268047
"PTAS" 0.139184994880093 0.301422541244811 0.707781608575898 0.363249795030822 0.460405479334258 0.307928110024305 0.288294386780828 0.204115156277617 0.614234007209383 -0.0483189791629187 0.130090785290187 0.465958558932779 0.0586322295124034 0.232455091504119 -0.269798417096731 -0.24402289965293 0.465159175914273 1.78445763554021 1.01702479988217 0.913271043013075 -0.258045295076313 0.438538742172506 0.409151664532042 0.233461851358763 0.495988731555382 0.99504617322722 0.250562655165876 0.0570067198476099 0.344118759935586 -0.0849404152020268 0.56522146797344 0.269805578115957 -0.102207733112565 -0.151551014682844 0.763880084733278 0.0672800397769378 2.58100854207796 0.592260284043639 0.441946213637016
"JPAS" 0.00642857230551374 -0.128838372282653 0.28431459029854 -0.120706348600143 0.015166097580526 0.0975806756237328 0.0219375620521786 -0.190776294111117 0.0231841612248848 0.465215344205491 -0.0323045457233288 0.0862592092140449 0.113478894054132 0.105350003755692 0.191895552649442 0.179838249798927 0.200074181784344 0.137181713373264 0.218492375891573 0.0340991468575189 -0.130520737199147 0.0512768777811519 0.216432415050048 0.200168897907431 0.0834212894723105 -0.036768018444845 -0.0588644041529087 -0.278687030458186 0.122495716177627 0.0600839941646556 0.148183848929459 -0.0270957445182775 0.0909782854080246 0.160717216297706 -0.480956613546004 0.561293054552805 0.592260284043639 1.0721260095931 0.198920799333353
"BAOPI" 0.00620674541664266 0.368224553485648 0.274669105085985 0.0910508507889202 0.318817123091878 -0.233976811325378 -0.104127137865784 0.187653389542589 0.489748093506903 0.890777379794222 0.123444833357775 0.160318829724903 0.486102584815271 0.394081416242142 0.0717797621820406 0.18302555070404 0.135461322029022 0.199658709968569 0.529915800729233 0.727224586082394 0.26839455296949 0.360819960058649 -0.00462381725184757 0.353300104348455 0.00806995578499614 0.359602167095201 -0.0264621303039391 -0.264129250387865 -0.111827428996377 -0.0572188763390739 0.26488562199423 0.00918492142763313 -0.332269853019725 0.438181682787759 -0.0584579995954959 -1.10493095268047 0.441946213637016 0.198920799333353 1.74032288417364
