"" "ISPM" "ISNSL" "ISPNS" "PMZS" "PMZI" "PMMT" "NSLNA" "NSLZS" "NSLZI" "NABR" "NAFM" "NAPNS" "BRPT" "BRAPET" "PTFM" "PTAPET" "PTBA" "PTEAM" "PTZYGO" "PTTSP" "FMZS" "FMMT" "ZSZI" "ZIMT" "ZIZYGO" "ZITSP" "MTPNS" "PNSAPET" "APETBA" "APETTS" "BAEAM" "EAMZYGO" "ZYGOTSP" "LDAS" "BRLD" "OPILD" "PTAS" "JPAS" "BAOPI"
"ISPM" 0.226582810273556 0.0600218829194378 0.215747988445738 0.203515570873965 0.0287674590876039 0.183427792103433 -0.0174937736697375 0.286124584283491 0.0532347469205974 0.151915691704787 -0.121315725766295 -0.0138218796698469 0.0496344940341696 0.0506507401346381 0.144343544049501 0.223260847849786 0.244481672555437 0.139067111761375 -0.00285295168545119 -0.121058378839189 -0.27702117303046 0.0296002663530074 -0.141788872180523 0.0183207598643909 0.0675199723571723 0.0403501826301673 0.0709680335536231 0.148034031513991 0.0694480660681958 0.0693369067517623 0.0952183444678767 0.197680635038126 0.105047016965088 -0.120861557908402 -0.0248164795611819 0.0340753277628042 0.168756857572591 0.0256678892990217 -0.0395547618117509
"ISNSL" 0.0600218829194378 1.07100186627275 0.384182883030513 0.752509571910197 0.507950964702679 0.379560974610687 -0.100984712178485 0.647910788861064 0.495277708830635 0.197797969137536 -0.000508067530979776 0.224249745701784 0.0609973271307371 0.0832649591304616 0.195394398369559 0.210306899278658 0.302667242710036 0.251184841462003 -0.0531912468597834 -0.0360637476928654 -0.148264080464735 0.301386143156406 -0.155730249743377 0.0968045699019104 0.102215467180402 -0.0563902151755028 0.224177726649445 0.190313962887907 0.147229624721972 0.0164175396419895 0.489633736925136 0.197892921993549 0.197727373996092 0.185368515965862 0.0337444749429192 -0.000369013307820809 0.306596695832146 0.137014957019128 0.137720473304948
"ISPNS" 0.215747988445738 0.384182883030513 1.25675894121455 0.448136360869935 0.144740097685329 0.584781459461292 0.0195855431220496 0.351511222494597 0.378494908550582 0.745028273749614 0.0244229914674852 0.614534755560858 0.48553313588622 0.330364044431038 0.336870352488769 0.341502013268464 0.457256896626054 0.234028005961374 0.317914534306871 -0.16074697735468 -0.191866813540725 0.247982616844994 0.0570582799815849 0.151502600656427 0.639921617923501 0.468100881976234 0.0352545149207045 -0.0753116566039846 0.112539922263203 0.0699906751031223 0.27514114170735 0.439930643303586 0.438719658835148 0.477689309509204 0.443582656207345 0.284287307180832 0.415891539589027 -0.169379488694646 0.0854722402905946
"PMZS" 0.203515570873965 0.752509571910197 0.448136360869935 1.72509199163839 1.05799134425987 0.662434987881474 0.544024946162395 1.77369957027101 0.759380820962589 0.210506465409399 -0.227702838985004 0.284377261314255 -0.00878625657530678 0.00651371718770079 0.747639808543529 0.306950626907313 0.315676080277259 0.200854012270467 0.0363884026447174 -0.460782927803607 -1.16977175384327 0.329649790076388 -0.653339335702154 0.0487439994190439 0.206894286972748 0.0593131599711544 0.537930019079372 0.608163561064565 0.263621798819393 0.0346683140574263 0.746240008238228 0.237056087033994 0.528265286551017 -0.134346463513367 -0.384024355165352 0.0923132622698193 0.0731975978645186 0.0990178218960894 -0.122280772686837
"PMZI" 0.0287674590876039 0.507950964702679 0.144740097685329 1.05799134425987 1.28343214736756 0.415640392610761 0.481274387256613 0.994387091445484 0.904953738631726 -0.0209273344611693 0.0323893586602279 0.24290113952555 0.08855680854678 0.0937826962257789 0.332910562648603 0.260745302822072 0.312816686449935 0.168890614625476 0.0380249584361423 -0.180978557948656 -0.476858400879628 0.397438051508279 0.0078202884263585 0.0263013535378159 -0.37048142025741 -0.192694025583488 0.501670881963284 0.265513426012542 0.221103283053719 -0.0519989070588614 0.514198225264313 0.114379542608625 0.223347293944722 -0.115187242999631 0.210912301059383 -0.0794657628842898 0.115473477686995 0.139213625960256 0.0209417006951069
"PMMT" 0.183427792103433 0.379560974610687 0.584781459461292 0.662434987881474 0.415640392610761 0.953832637294222 0.179015933089946 0.683441696590369 0.294261305983357 0.255963174688621 -0.203268371410842 0.246600415406946 0.254814205233996 0.100168628337614 0.342933429010761 0.449639940216605 0.413750643145492 0.1838982675939 -0.0463601927914109 -0.0562209299587371 -0.393127398059944 0.363505196907573 -0.295032438287575 0.389144991512135 0.167025809973311 0.395290294211249 0.251002099793851 0.413187663611834 0.0319499682813263 -0.00072836961170709 0.291176908812747 0.470522748673864 0.137046532750355 0.141469602909984 0.314341764503839 0.108136921481133 0.277599770488854 0.153163559392112 0.161505492991611
"NSLNA" -0.0174937736697375 -0.100984712178485 0.0195855431220496 0.544024946162395 0.481274387256613 0.179015933089946 1.87974068978518 0.26648854512999 0.321000022315121 -1.60235648329444 -0.298410589442195 0.405695312888694 -0.33769658724363 -0.272643203785596 0.0839092486517919 0.144694449910325 -0.108823128982989 -0.193890483034498 0.200987661016031 0.326615632557917 -0.0905145814874657 0.295724971775972 0.190963080826137 0.0482983770644006 -0.137262382575146 0.327739011171795 0.069472515508653 0.0536220261399358 0.160079229189968 -0.157257109214414 -0.00316210957339775 -0.250057325204426 -0.0426457370820248 0.463215146633674 -0.64568722225348 0.776234846680075 -0.304599273479879 -0.102132610348958 -0.510326394777832
"NSLZS" 0.286124584283491 0.647910788861064 0.351511222494597 1.77369957027101 0.994387091445484 0.683441696590369 0.26648854512999 2.57191032549298 0.858524805824552 0.474058325936827 -0.191435633922031 0.346810551471273 -0.130515060266271 -0.313182832438771 1.3347493319125 0.18338798430657 0.16297326219969 -0.036701043968365 -0.127945649471052 -0.970968363347321 -1.75509630387654 0.242488921844919 -1.26891303918547 0.160667967791364 0.395614755375401 -0.0257714205063655 0.623179977990758 0.942591898749551 0.220153999194656 0.222513811791384 0.985163322012706 0.519233138527462 0.590493331982307 -0.733294977494366 -0.398557115147844 -0.335514268533226 -0.10463718824113 0.318554956489672 -0.116500153329273
"NSLZI" 0.0532347469205974 0.495277708830635 0.378494908550582 0.759380820962589 0.904953738631726 0.294261305983357 0.321000022315121 0.858524805824552 1.39445298705386 0.0882733605982606 0.292943688680908 0.484700955596164 0.393704090761215 0.164064419768271 0.283928088414205 0.0324349278516252 0.0911451916007784 0.141829516435669 0.232372323900945 -0.40281615844947 -0.301712481705396 0.389177851000677 0.617096368763781 0.0992627050401454 0.109049747846057 0.0600317547419099 0.453214803560863 0.318033058804671 0.00852891349936858 -0.00658174462605683 0.397195652788498 0.33454858057363 0.457300423244251 0.29116673098696 0.313688217832159 0.193725100879907 0.0648492223445539 -0.222769527748403 -0.117283889561815
"NABR" 0.151915691704787 0.197797969137536 0.745028273749614 0.210506465409399 -0.0209273344611693 0.255963174688621 -1.60235648329444 0.474058325936827 0.0882733605982606 5.36750753914512 0.690543944315591 0.148048080251783 2.46630864734638 2.00621911962464 1.00934832182042 0.110992359191499 0.391752392683626 0.543366293611893 0.185926377982635 -0.218594948724613 -0.280479846765405 0.186130255302307 -0.587159862891335 0.412231984983432 0.4243452882295 0.319504703737132 0.264737498093639 0.133668255597265 0.139035105561837 0.607617921072761 0.703169112022406 1.16558436688328 0.148957510864643 -0.0695609460253125 0.563642296040682 -0.72213454115887 1.13798643608021 0.21500399490544 0.763103423309207
"NAFM" -0.121315725766295 -0.000508067530979776 0.0244229914674852 -0.227702838985004 0.0323893586602279 -0.203268371410842 -0.298410589442195 -0.191435633922031 0.292943688680908 0.690543944315591 0.677212025237704 0.128628630580391 0.599529161394463 0.577309163431071 0.0820898651289149 -0.203993371571298 -0.107993736431648 -0.0208216971464344 0.117939702367651 -0.174712680684475 0.509138951508828 0.162546804878917 0.347397143811548 -0.0193855168544966 0.45492287279572 -0.163442156869324 0.0666540117357108 -6.64664368695429e-05 0.0390109982099391 0.113386958671313 0.0716759996448092 0.0024206147282754 -0.14010653009656 0.0952748415495514 0.734272377329217 -0.031540279592486 0.0594961458515919 -0.0867050085296872 0.025270899804222
"NAPNS" -0.0138218796698469 0.224249745701784 0.614534755560858 0.284377261314255 0.24290113952555 0.246600415406946 0.405695312888694 0.346810551471273 0.484700955596164 0.148048080251783 0.128628630580391 1.00983494128347 0.183104897880323 0.101151728538199 0.36079283800852 0.216498356292383 0.295565736426381 0.0727872187140155 0.400017780444996 0.184548826724798 -0.0940743387232637 0.413766674555037 0.104522635231005 0.264727833069133 0.218641570175887 0.674056840991993 -0.0347489799083976 0.0581034022028239 0.133789645688929 0.0435990670035302 0.261904391729611 0.347339891045173 0.417035236666996 0.394017049038513 0.252942216240557 0.176724554239074 -0.047716249695559 -0.314741924290336 -0.118072444585398
"BRPT" 0.0496344940341696 0.0609973271307371 0.48553313588622 -0.00878625657530678 0.08855680854678 0.254814205233996 -0.33769658724363 -0.130515060266271 0.393704090761215 2.46630864734638 0.599529161394463 0.183104897880323 3.00731328563674 2.26381017814778 -0.402752039966965 -0.59911544468517 -0.508200341995925 -0.173460547732815 -0.382462614141673 0.253886615872292 0.352272028780852 0.313122775719328 0.326920766207241 0.275312635907642 0.334050562215208 -0.67310691141322 0.0209659325802723 -0.187360396732352 -0.337737721897366 0.049382547371623 0.186503943449797 0.102775912148558 -0.890610869240302 0.619905818939572 1.52276746028063 0.589878608887414 0.58089628593387 0.279272518776688 -0.333935231838186
"BRAPET" 0.0506507401346381 0.0832649591304616 0.330364044431038 0.00651371718770079 0.0937826962257789 0.100168628337614 -0.272643203785596 -0.313182832438771 0.164064419768271 2.00621911962464 0.577309163431071 0.101151728538199 2.26381017814778 2.53186967240343 -0.149678068720896 0.144401038607813 0.0998632857433238 0.406972825409233 0.241661116971466 0.306492416225769 0.422398184312752 0.393330022481544 0.304629183865452 0.0653618242471824 0.449816847580049 -0.369851651054562 0.107900012500799 -0.0216289418151592 -0.187063704908935 0.0919336053037955 0.105206862331299 0.121388756735801 -0.324283484059239 0.504838549106652 1.67444007250014 0.447155914812608 0.474458638441472 0.0158789682597418 -0.195695760791704
"PTFM" 0.144343544049501 0.195394398369559 0.336870352488769 0.747639808543529 0.332910562648603 0.342933429010761 0.0839092486517919 1.3347493319125 0.283928088414205 1.00934832182042 0.0820898651289149 0.36079283800852 -0.402752039966965 -0.149678068720896 3.24612827152 0.437787063345562 0.0778648131426721 -0.523778187983457 0.153057065801659 -1.48285780489437 -0.895533232812355 0.846415337795312 -0.879130137429814 0.560389565345867 1.20885549187463 -0.00383161505741034 0.359456019565373 1.04409754287823 0.496970004643916 0.630484054115124 0.904869403737748 0.771609597859325 0.453062546014434 -0.659931989112975 -0.00709765966310514 -0.612356398145218 -0.782171900840223 0.0987971974825298 0.155290522446752
"PTAPET" 0.223260847849786 0.210306899278658 0.341502013268464 0.306950626907313 0.260745302822072 0.449639940216605 0.144694449910325 0.18338798430657 0.0324349278516252 0.110992359191499 -0.203993371571298 0.216498356292383 -0.59911544468517 0.144401038607813 0.437787063345562 2.26268047041242 1.88033329534354 1.24178496482653 0.953622090835605 0.197164641116335 -0.145240490506644 0.0929925532257948 -0.0211805546281738 0.0401028786966882 0.117547958695788 1.13167334765607 0.211448480981142 0.405726105613641 0.179305734253374 0.27290864196152 -0.0498451712227607 0.53192465540128 1.03006861951396 0.313388325943551 0.398723030875481 0.0282676323887097 0.386124185224299 -0.351575222000469 0.27340117214555
"PTBA" 0.244481672555437 0.302667242710036 0.457256896626054 0.315676080277259 0.312816686449935 0.413750643145492 -0.108823128982989 0.16297326219969 0.0911451916007784 0.391752392683626 -0.107993736431648 0.295565736426381 -0.508200341995925 0.0998632857433238 0.0778648131426721 1.88033329534354 2.13395700539085 1.3849003276179 0.959802230726069 0.55704315332584 -0.0231860941421703 0.207058580227705 0.0205581269640882 0.0533610800801879 -0.207203345774971 1.03971610608141 0.192645208864768 0.29105798540861 0.464297464823394 0.238715308895165 0.168531750125149 0.665579156142388 0.948296467782996 0.318250113825469 0.872210065841841 -0.145618671559095 0.74300773770419 -0.47899805317915 0.377460259046088
"PTEAM" 0.139067111761375 0.251184841462003 0.234028005961374 0.200854012270467 0.168890614625476 0.1838982675939 -0.193890483034498 -0.036701043968365 0.141829516435669 0.543366293611893 -0.0208216971464344 0.0727872187140155 -0.173460547732815 0.406972825409233 -0.523778187983457 1.24178496482653 1.3849003276179 1.6698122466109 1.03079156284413 0.706818130760621 -0.1403904298027 -0.0116825633867864 0.190931015767742 0.0452464566387074 -0.221371224621067 0.980085018058249 0.187819793941057 0.103494189729068 0.0341353192349572 0.0647980038939016 -0.163270112807839 0.441164061194925 0.925109009776411 0.351837599454952 0.569166837495866 -0.0264267257096686 0.957785302350771 -0.371776865050841 0.322308606552438
"PTZYGO" -0.00285295168545119 -0.0531912468597834 0.317914534306871 0.0363884026447174 0.0380249584361423 -0.0463601927914109 0.200987661016031 -0.127945649471052 0.232372323900945 0.185926377982635 0.117939702367651 0.400017780444996 -0.382462614141673 0.241661116971466 0.153057065801659 0.953622090835605 0.959802230726069 1.03079156284413 1.59008061188103 0.0751943365894113 -0.160185007630403 0.170195715494365 0.452445058170918 0.0683061763902925 0.277978470108882 1.00105941261635 0.0046765412019301 0.247148631708443 -0.00352204452208408 0.0573874230492957 -0.124482232789403 0.326925231949895 1.43956036123925 0.480583128184982 -0.0181861157933552 0.172821628305395 0.200006924727076 -0.615756220515423 0.199132175010434
"PTTSP" -0.121058378839189 -0.0360637476928654 -0.16074697735468 -0.460782927803607 -0.180978557948656 -0.0562209299587371 0.326615632557917 -0.970968363347321 -0.40281615844947 -0.218594948724613 -0.174712680684475 0.184548826724798 0.253886615872292 0.306492416225769 -1.48285780489437 0.197164641116335 0.55704315332584 0.706818130760621 0.0751943365894113 2.80675339572828 0.694978677637313 -0.0764227288449958 0.329821865361271 -0.105599473530259 -1.13151590944985 0.346270096304102 -0.341513247658202 -0.708255097479127 0.00687734796680021 -0.191393574892957 -0.352287572012524 -0.391387978569302 -0.994948610943426 1.23546523342068 0.786978521931227 0.567399669394371 0.738825261810405 -0.479962849535711 0.110556989327406
"FMZS" -0.27702117303046 -0.148264080464735 -0.191866813540725 -1.16977175384327 -0.476858400879628 -0.393127398059944 -0.0905145814874657 -1.75509630387654 -0.301712481705396 -0.280479846765405 0.509138951508828 -0.0940743387232637 0.352272028780852 0.422398184312752 -0.895533232812355 -0.145240490506644 -0.0231860941421703 -0.1403904298027 -0.160185007630403 0.694978677637313 1.96954899518899 0.197888452777257 0.994486815936229 -0.103118654560504 -0.0247234957818647 -0.0234562920510064 -0.251539820670978 -0.588643085772176 0.0605558976562806 -0.0337496188573405 -0.456958378811098 -0.286205102222263 -0.855526755735156 0.6225787215709 0.840490378103987 0.289415583353934 0.102709469701386 -0.310048453516235 0.0324517457169414
"FMMT" 0.0296002663530074 0.301386143156406 0.247982616844994 0.329649790076388 0.397438051508279 0.363505196907573 0.295724971775972 0.242488921844919 0.389177851000677 0.186130255302307 0.162546804878917 0.413766674555037 0.313122775719328 0.393330022481544 0.846415337795312 0.0929925532257948 0.207058580227705 -0.0116825633867864 0.170195715494365 -0.0764227288449958 0.197888452777257 1.05704096806788 0.128645481419295 0.453689491891869 0.276064127246367 -0.279628507336276 0.266106466550847 0.495954423545529 0.155611264290814 0.0562651759749441 0.286916534586466 0.35121110090994 -0.123897776289454 0.0236725142037306 0.746816963552328 0.111406728999024 -0.108347875130742 -0.174337308979933 -0.146157557357924
"ZSZI" -0.141788872180523 -0.155730249743377 0.0570582799815849 -0.653339335702154 0.0078202884263585 -0.295032438287575 0.190963080826137 -1.26891303918547 0.617096368763781 -0.587159862891335 0.347397143811548 0.104522635231005 0.326920766207241 0.304629183865452 -0.879130137429814 -0.0211805546281738 0.0205581269640882 0.190931015767742 0.452445058170918 0.329821865361271 0.994486815936229 0.128645481419295 1.77524235783416 -0.19164531565717 -0.107907258567745 0.0384984076587327 -0.0660667209153928 -0.347591402281966 -0.218112572159885 -0.229757411501015 -0.529991541505075 -0.243851114083722 0.117042596735848 0.783554016706455 0.568112096240688 0.52782752965155 0.117608640153729 -0.51018426292836 -0.136483399843656
"ZIMT" 0.0183207598643909 0.0968045699019104 0.151502600656427 0.0487439994190439 0.0263013535378159 0.389144991512135 0.0482983770644006 0.160667967791364 0.0992627050401454 0.412231984983432 -0.0193855168544966 0.264727833069133 0.275312635907642 0.0653618242471824 0.560389565345867 0.0401028786966882 0.0533610800801879 0.0452464566387074 0.0683061763902925 -0.105599473530259 -0.103118654560504 0.453689491891869 -0.19164531565717 0.98407736676102 0.0920107600468263 0.281283998188775 -0.117488594281186 0.270256825329497 -0.0550024797137988 0.0620465739630169 0.201768897777405 0.606168575167703 0.0361704579655749 0.247372290924502 0.0744737338083206 -0.0160244757355275 -0.0656244971243457 -0.00137023291254857 0.163304570762225
"ZIZYGO" 0.0675199723571723 0.102215467180402 0.639921617923501 0.206894286972748 -0.37048142025741 0.167025809973311 -0.137262382575146 0.395614755375401 0.109049747846057 0.4243452882295 0.45492287279572 0.218641570175887 0.334050562215208 0.449816847580049 1.20885549187463 0.117547958695788 -0.207203345774971 -0.221371224621067 0.277978470108882 -1.13151590944985 -0.0247234957818647 0.276064127246367 -0.107907258567745 0.0920107600468263 2.70245865780792 0.516896354324634 0.0742411654566614 0.68245790255804 -0.0343515766458891 0.412938737715233 0.453926230818904 -0.0916971397511322 0.381312682200433 -0.138651370339764 0.357099521325459 0.423542947036365 -0.365618388363579 -0.193254050756319 -0.232932596859951
"ZITSP" 0.0403501826301673 -0.0563902151755028 0.468100881976234 0.0593131599711544 -0.192694025583488 0.395290294211249 0.327739011171795 -0.0257714205063655 0.0600317547419099 0.319504703737132 -0.163442156869324 0.674056840991993 -0.67310691141322 -0.369851651054562 -0.00383161505741034 1.13167334765607 1.03971610608141 0.980085018058249 1.00105941261635 0.346270096304102 -0.0234562920510064 -0.279628507336276 0.0384984076587327 0.281283998188775 0.516896354324634 3.81346813053919 -0.110030211151319 0.207116646903191 0.287425653296017 0.328094231631602 0.190742247886655 1.00347216897827 1.83309055758151 0.375413525831985 -1.09683420100149 -0.0519510177939137 0.265091378437258 -0.647759108672072 0.50407431584015
"MTPNS" 0.0709680335536231 0.224177726649445 0.0352545149207045 0.537930019079372 0.501670881963284 0.251002099793851 0.069472515508653 0.623179977990758 0.453214803560863 0.264737498093639 0.0666540117357108 -0.0347489799083976 0.0209659325802723 0.107900012500799 0.359456019565373 0.211448480981142 0.192645208864768 0.187819793941057 0.0046765412019301 -0.341513247658202 -0.251539820670978 0.266106466550847 -0.0660667209153928 -0.117488594281186 0.0742411654566614 -0.110030211151319 0.56571417423322 0.363655428693647 0.0901261590201925 0.0346031414269754 0.346816522795264 0.237617557460969 0.124364455776476 -0.323106456796024 0.230842797818786 -0.122364213112221 0.12031004644553 0.018050714105161 0.0106228051902439
"PNSAPET" 0.148034031513991 0.190313962887907 -0.0753116566039846 0.608163561064565 0.265513426012542 0.413187663611834 0.0536220261399358 0.942591898749551 0.318033058804671 0.133668255597265 -6.64664368695429e-05 0.0581034022028239 -0.187360396732352 -0.0216289418151592 1.04409754287823 0.405726105613641 0.29105798540861 0.103494189729068 0.247148631708443 -0.708255097479127 -0.588643085772176 0.495954423545529 -0.347591402281966 0.270256825329497 0.68245790255804 0.207116646903191 0.363655428693647 1.11868689172277 0.0110941542235291 0.164282985001418 0.368974294841169 0.394595985667481 0.518087680377413 -0.551378620823894 0.0361034844027611 -0.170855394318454 -0.272816921899185 0.0054689183140711 -0.052325837131523
"APETBA" 0.0694480660681958 0.147229624721972 0.112539922263203 0.263621798819393 0.221103283053719 0.0319499682813263 0.160079229189968 0.220153999194656 0.00852891349936858 0.139035105561837 0.0390109982099391 0.133789645688929 -0.337737721897366 -0.187063704908935 0.496970004643916 0.179305734253374 0.464297464823394 0.0341353192349572 -0.00352204452208408 0.00687734796680021 0.0605558976562806 0.155611264290814 -0.218112572159885 -0.0550024797137988 -0.0343515766458891 0.287425653296017 0.0901261590201925 0.0110941542235291 0.696717108588404 0.228364811046766 0.464094266088688 0.204175331922188 0.00896855475005721 -0.0954374939545513 0.0672245247294489 -0.285965901132704 0.193488921512968 0.025178798090234 0.166659248617773
"APETTS" 0.0693369067517623 0.0164175396419895 0.0699906751031223 0.0346683140574263 -0.0519989070588614 -0.00072836961170709 -0.157257109214414 0.222513811791384 -0.00658174462605683 0.607617921072761 0.113386958671313 0.0435990670035302 0.049382547371623 0.0919336053037955 0.630484054115124 0.27290864196152 0.238715308895165 0.0647980038939016 0.0573874230492957 -0.191393574892957 -0.0337496188573405 0.0562651759749441 -0.229757411501015 0.0620465739630169 0.412938737715233 0.328094231631602 0.0346031414269754 0.164282985001418 0.228364811046766 0.679772450946973 0.326440509037829 0.202118633699159 0.115482855405669 0.225418580705438 0.422568865238815 -0.279779015226964 -0.0258454102219549 -0.251490727173746 0.193892991721667
"BAEAM" 0.0952183444678767 0.489633736925136 0.27514114170735 0.746240008238228 0.514198225264313 0.291176908812747 -0.00316210957339775 0.985163322012706 0.397195652788498 0.703169112022406 0.0716759996448092 0.261904391729611 0.186503943449797 0.105206862331299 0.904869403737748 -0.0498451712227607 0.168531750125149 -0.163270112807839 -0.124482232789403 -0.352287572012524 -0.456958378811098 0.286916534586466 -0.529991541505075 0.201768897777405 0.453926230818904 0.190742247886655 0.346816522795264 0.368974294841169 0.464094266088688 0.326440509037829 1.48513935283314 0.435780243465339 0.110730409348704 -0.360550529822745 0.266801320532676 -0.224644995550758 0.21204977756391 0.480590898771025 0.185850036276011
"EAMZYGO" 0.197680635038126 0.197892921993549 0.439930643303586 0.237056087033994 0.114379542608625 0.470522748673864 -0.250057325204426 0.519233138527462 0.33454858057363 1.16558436688328 0.0024206147282754 0.347339891045173 0.102775912148558 0.121388756735801 0.771609597859325 0.53192465540128 0.665579156142388 0.441164061194925 0.326925231949895 -0.391387978569302 -0.286205102222263 0.35121110090994 -0.243851114083722 0.606168575167703 -0.0916971397511322 1.00347216897827 0.237617557460969 0.394595985667481 0.204175331922188 0.202118633699159 0.435780243465339 1.5341550555753 0.793701922178728 -0.243665912338201 0.113514514413719 -0.549456665478184 0.288740319709083 -0.128796236474425 0.350891496874585
"ZYGOTSP" 0.105047016965088 0.197727373996092 0.438719658835148 0.528265286551017 0.223347293944722 0.137046532750355 -0.0426457370820248 0.590493331982307 0.457300423244251 0.148957510864643 -0.14010653009656 0.417035236666996 -0.890610869240302 -0.324283484059239 0.453062546014434 1.03006861951396 0.948296467782996 0.925109009776411 1.43956036123925 -0.994948610943426 -0.855526755735156 -0.123897776289454 0.117042596735848 0.0361704579655749 0.381312682200433 1.83309055758151 0.124364455776476 0.518087680377413 0.00896855475005721 0.115482855405669 0.110730409348704 0.793701922178728 2.56989414376175 -0.185087711241155 -1.11181941429726 -0.290465893298808 -0.0241227455194481 -0.48675895592443 0.330057456890156
"LDAS" -0.120861557908402 0.185368515965862 0.477689309509204 -0.134346463513367 -0.115187242999631 0.141469602909984 0.463215146633674 -0.733294977494366 0.29116673098696 -0.0695609460253125 0.0952748415495514 0.394017049038513 0.619905818939572 0.504838549106652 -0.659931989112975 0.313388325943551 0.318250113825469 0.351837599454952 0.480583128184982 1.23546523342068 0.6225787215709 0.0236725142037306 0.783554016706455 0.247372290924502 -0.138651370339764 0.375413525831985 -0.323106456796024 -0.551378620823894 -0.0954374939545513 0.225418580705438 -0.360550529822745 -0.243665912338201 -0.185087711241155 3.00484549125001 0.131988151470525 1.33024627010649 -0.293950543680001 -1.42369031855539 0.183196995368609
"BRLD" -0.0248164795611819 0.0337444749429192 0.443582656207345 -0.384024355165352 0.210912301059383 0.314341764503839 -0.64568722225348 -0.398557115147844 0.313688217832159 0.563642296040682 0.734272377329217 0.252942216240557 1.52276746028063 1.67444007250014 -0.00709765966310514 0.398723030875481 0.872210065841841 0.569166837495866 -0.0181861157933552 0.786978521931227 0.840490378103987 0.746816963552328 0.568112096240688 0.0744737338083206 0.357099521325459 -1.09683420100149 0.230842797818786 0.0361034844027611 0.0672245247294489 0.422568865238815 0.266801320532676 0.113514514413719 -1.11181941429726 0.131988151470525 6.41844781490818 -0.697835546122702 0.927219601519964 0.165668902939996 -0.237961426957929
"OPILD" 0.0340753277628042 -0.000369013307820809 0.284287307180832 0.0923132622698193 -0.0794657628842898 0.108136921481133 0.776234846680075 -0.335514268533226 0.193725100879907 -0.72213454115887 -0.031540279592486 0.176724554239074 0.589878608887414 0.447155914812608 -0.612356398145218 0.0282676323887097 -0.145618671559095 -0.0264267257096686 0.172821628305395 0.567399669394371 0.289415583353934 0.111406728999024 0.52782752965155 -0.0160244757355275 0.423542947036365 -0.0519510177939137 -0.122364213112221 -0.170855394318454 -0.285965901132704 -0.279779015226964 -0.224644995550758 -0.549456665478184 -0.290465893298808 1.33024627010649 -0.697835546122702 1.73839531401199 -0.328329443566026 -0.485243739721209 -0.581709990798209
"PTAS" 0.168756857572591 0.306596695832146 0.415891539589027 0.0731975978645186 0.115473477686995 0.277599770488854 -0.304599273479879 -0.10463718824113 0.0648492223445539 1.13798643608021 0.0594961458515919 -0.047716249695559 0.58089628593387 0.474458638441472 -0.782171900840223 0.386124185224299 0.74300773770419 0.957785302350771 0.200006924727076 0.738825261810405 0.102709469701386 -0.108347875130742 0.117608640153729 -0.0656244971243457 -0.365618388363579 0.265091378437258 0.12031004644553 -0.272816921899185 0.193488921512968 -0.0258454102219549 0.21204977756391 0.288740319709083 -0.0241227455194481 -0.293950543680001 0.927219601519964 -0.328329443566026 1.75280163663579 0.794536491284949 0.395440557313949
"JPAS" 0.0256678892990217 0.137014957019128 -0.169379488694646 0.0990178218960894 0.139213625960256 0.153163559392112 -0.102132610348958 0.318554956489672 -0.222769527748403 0.21500399490544 -0.0867050085296872 -0.314741924290336 0.279272518776688 0.0158789682597418 0.0987971974825298 -0.351575222000469 -0.47899805317915 -0.371776865050841 -0.615756220515423 -0.479962849535711 -0.310048453516235 -0.174337308979933 -0.51018426292836 -0.00137023291254857 -0.193254050756319 -0.647759108672072 0.018050714105161 0.0054689183140711 0.025178798090234 -0.251490727173746 0.480590898771025 -0.128796236474425 -0.48675895592443 -1.42369031855539 0.165668902939996 -0.485243739721209 0.794536491284949 2.15249750288177 0.06268502399952
"BAOPI" -0.0395547618117509 0.137720473304948 0.0854722402905946 -0.122280772686837 0.0209417006951069 0.161505492991611 -0.510326394777832 -0.116500153329273 -0.117283889561815 0.763103423309207 0.025270899804222 -0.118072444585398 -0.333935231838186 -0.195695760791704 0.155290522446752 0.27340117214555 0.377460259046088 0.322308606552438 0.199132175010434 0.110556989327406 0.0324517457169414 -0.146157557357924 -0.136483399843656 0.163304570762225 -0.232932596859951 0.50407431584015 0.0106228051902439 -0.052325837131523 0.166659248617773 0.193892991721667 0.185850036276011 0.350891496874585 0.330057456890156 0.183196995368609 -0.237961426957929 -0.581709990798209 0.395440557313949 0.06268502399952 0.976288623368937
