"" "ISPM" "ISNSL" "ISPNS" "PMZS" "PMZI" "PMMT" "NSLNA" "NSLZS" "NSLZI" "NABR" "NAFM" "NAPNS" "BRPT" "BRAPET" "PTFM" "PTAPET" "PTBA" "PTEAM" "PTZYGO" "PTTSP" "FMZS" "FMMT" "ZSZI" "ZIMT" "ZIZYGO" "ZITSP" "MTPNS" "PNSAPET" "APETBA" "APETTS" "BAEAM" "EAMZYGO" "ZYGOTSP" "LDAS" "BRLD" "OPILD" "PTAS" "JPAS" "BAOPI"
"ISPM" 0.245948304392934 0.29721126319392 0.660767396079114 0.237341769265793 0.357225683325424 0.295252466376122 -0.0114664607233964 0.217487248971711 0.284382013289808 -0.213506728632941 0.17616612403079 0.103225165038359 0.0550681883197346 0.167455749429482 0.282212691486469 -0.208795074494293 -0.0374329566684576 -0.0301188800088657 -0.10939334549642 0.0814468251473749 -0.177739958544128 -0.147641257211604 0.176870080316271 0.0547094698096039 0.106944525275066 0.120026907188051 0.110290842764578 -0.0146081192093752 0.28036002349966 0.221340335968534 0.242090210269552 0.27291884333752 -0.0804996026989233 0.051938528415838 0.923305111654111 0.00335702315454647 0.0861242253505592 0.1947700195876 0.154829169902481
"ISNSL" 0.29721126319392 2.20964905270052 1.58707168794136 1.36478652404763 0.532121030787371 0.669149662671265 -0.273293914022857 0.872308044554529 0.801802770096507 -0.402873725453942 0.217764062636797 0.265211765493382 -0.0464511802160798 -0.390893550029901 0.211843198132493 -0.696262229720013 -0.158800331056211 0.197686133446071 0.0741485329766766 0.228863891832187 -0.594391266434824 -0.0696376654780339 -0.023040474177093 0.242146574410277 0.0176005599211428 0.554533200823491 0.344083518150544 -0.114399677493648 0.846266490241416 0.520447921745868 0.376784895354868 1.00247244705379 0.17888761822028 -0.0789244009951328 0.341044024173622 -0.568534599910638 0.517491355842818 0.422562983029371 0.236576215241097
"ISPNS" 0.660767396079114 1.58707168794136 3.45759330055358 1.35370365279554 0.750244058830591 1.49677974106285 -0.0350334449971712 0.740129998614804 0.525167732797501 -1.26888905267761 0.0108506971728003 0.802655248148973 -0.0839786729731289 0.288472283440499 1.03772087582675 -0.599497481697453 0.322051576168 0.155123363632709 -0.163738906487271 0.0451839286086622 -0.709378159075832 0.0236750529742961 -0.00447874569570135 0.548940081282644 0.337626559867663 0.581770200643595 0.360183913463401 -0.927759131836599 1.59589704764409 0.957162859212212 1.09809125977462 1.7751597725328 -0.0506523553947006 -0.442669939706697 1.62375853747555 -0.398681687825642 0.516246404177023 0.922287531677681 0.293881208071929
"PMZS" 0.237341769265793 1.36478652404763 1.35370365279554 1.89080435643193 0.467358197788623 0.888738032327199 -0.0441372940878003 1.12878666521298 0.270779738775052 -0.283979887350011 0.126666970904516 0.0512202279215635 -0.074461566258509 -0.00661276256429508 0.107053788962091 -0.0843844458801215 0.591399461352458 0.411735583285941 0.0624674501991658 -0.266024095979991 -1.03256732133385 -0.175840594971539 -0.719868225530587 -0.0926544258875792 -0.280134596274023 -0.00750936648328916 0.466845352910697 -0.306619830347091 1.32867909987362 0.613586580933246 0.640657764747651 1.04638759261579 0.364965860883831 -0.583234094069668 0.258144470425532 -0.851608859092827 0.409162895857371 0.50955973624198 0.00311142261002336
"PMZI" 0.357225683325424 0.532121030787371 0.750244058830591 0.467358197788623 4.69428724226759 -0.0708024065907973 0.59832510900312 0.77231873864823 3.25666103931502 0.450224234024745 0.889089242114938 0.47925157962853 -0.178045326793104 -0.184669941091354 1.71276704466407 -0.751130158706335 -0.724119339902839 -0.724920610251707 -0.482630077149851 -0.583939588773133 0.0246679860946729 0.0738792630883949 3.54059423555995 1.16200419062816 -0.806931783440074 -0.0724146571862878 0.544552409709138 0.204474704102421 0.453963160148399 0.333493866868212 1.12244312081051 0.488736463577803 -0.0773955160801025 -0.30444527950764 0.0612415434851523 -0.862748084635995 -0.448640681166266 0.21827874420976 0.466236478343697
"PMMT" 0.295252466376122 0.669149662671265 1.49677974106285 0.888738032327199 -0.0708024065907973 1.27485115296671 -0.102990310253348 0.422849509189315 -0.110083291794018 -0.346732868143906 0.0806738065158036 0.133624219875051 0.187642505204247 0.357870830470824 0.0459082159172529 0.0907658550769944 0.632229617298058 0.325149814237623 -0.14227707735331 -0.0668345908362653 -0.302475374631203 -0.000271018802087717 -0.586125360812705 0.265774480637888 0.225184130802094 0.26774866687779 0.23993968601783 -0.162450860479655 0.95013514487253 0.553238468889321 0.564894985138977 0.95524797849232 0.109160809113802 -0.206533907545346 0.706691058528297 -0.354043208211364 0.504972333768715 0.590255517187998 0.281701396208899
"NSLNA" -0.0114664607233964 -0.273293914022857 -0.0350334449971712 -0.0441372940878003 0.59832510900312 -0.102990310253348 1.32097610728975 -0.0606962831317412 0.189519495746118 0.0861177787154936 0.114331804550743 0.269852735237812 0.0961432643046592 0.105267291633813 0.304869604376737 0.0462446432954275 0.135575240301026 0.0294518644008064 0.0108266911063183 0.195062854410276 0.39507702896877 0.0682088834841522 0.381480728554384 0.345790416971353 -0.0650869377214652 0.480604738835543 0.130454172352811 0.207906047754692 0.0962697767467867 0.0324872720582959 0.363479211731462 0.297518878484086 0.057621927349399 0.127337375392706 -0.510943963490326 -0.00160299713525533 -0.0812055636365668 -0.217714684008356 0.174613301925033
"NSLZS" 0.217487248971711 0.872308044554529 0.740129998614804 1.12878666521298 0.77231873864823 0.422849509189315 -0.0606962831317412 1.48372518562016 0.869021652774468 -0.21793009805944 0.53820917307797 0.421054920017415 -0.0350465457229023 0.0983498227024404 0.0582103068593875 -0.142821225000363 0.249853854889855 0.238418295402594 0.159249044863626 0.162450249230765 -0.783992205413978 -0.458447974037358 -0.272708105624837 -0.328146233486071 0.00381169810905033 -0.0575713350371983 0.195421304209275 -0.175005940168981 0.816111728565816 0.34176710061879 0.385720063382901 0.14726448651432 -0.00965065846733208 -0.147204777046742 0.196491458182552 -0.622601947192461 0.145783049047514 0.251565638809236 0.324424926611022
"NSLZI" 0.284382013289808 0.801802770096507 0.525167732797501 0.270779738775052 3.25666103931502 -0.110083291794018 0.189519495746118 0.869021652774468 3.31635352457258 0.125966637880336 1.05116485208706 0.905704784139671 -0.118233585223719 0.352460248974529 1.40279894710656 -1.02665318577238 -0.748917436182871 -0.28943873724144 0.351779260807955 0.564331527820342 0.076321333661239 0.0201417598748211 3.01040659622647 0.825887542342707 0.0721316095202544 0.976739155489247 0.411729867266906 0.421478964543461 0.421560442986855 0.598966210942158 0.920093183900607 0.391958911938594 0.065144904371462 0.873241576904621 0.982765359760255 0.66384857366924 0.175504195804918 0.608603134249066 0.624360257690503
"NABR" -0.213506728632941 -0.402873725453942 -1.26888905267761 -0.283979887350011 0.450224234024745 -0.346732868143906 0.0861177787154936 -0.21793009805944 0.125966637880336 6.0932444180334 0.369157736280422 -0.173098381977628 2.38611667631692 1.34886973101773 0.27486707647725 1.29759391594111 0.767838792363619 0.419987133541614 0.0690962388666285 -0.0708501216477101 1.16347708558482 0.888928541393105 0.0552365295086048 0.147657248230253 0.580512822272067 -0.348430099699303 0.956039795580142 1.80209033440871 -0.806655985151442 -0.441297809531882 0.222825163717824 -0.335642665728301 -0.0677202161949794 -0.621805132824453 -3.27949644096907 -1.1904665046868 0.746340003330472 0.021214034259136 0.514379384645662
"NAFM" 0.17616612403079 0.217764062636797 0.0108506971728003 0.126666970904516 0.889089242114938 0.0806738065158036 0.114331804550743 0.53820917307797 1.05116485208706 0.369157736280422 1.03163868160892 0.487245239775777 0.197402246802045 0.310186491928598 0.330835935783384 -0.325083857340128 -0.311576884460876 -0.1416373921351 0.183039542056989 0.454132576162065 -0.0544204713452913 -0.3849677700718 0.673416973397829 -0.0224922854265295 0.314810518043511 0.434797964870649 0.113788214061323 0.53542237978406 -0.017895903014632 0.184913124370703 0.15914576907752 -0.145226331616768 -0.068817225333778 0.461466063868506 0.944867949417026 0.0964239897582505 0.159937420883524 0.0645188445473871 0.64099376532327
"NAPNS" 0.103225165038359 0.265211765493382 0.802655248148973 0.0512202279215635 0.47925157962853 0.133624219875051 0.269852735237812 0.421054920017415 0.905704784139671 -0.173098381977628 0.487245239775777 1.41620579151129 0.0836048336796578 0.617001689493038 0.536612707464871 -0.294470972405955 0.0415976199194814 0.262561639805044 0.554276337668079 0.982311945650287 0.198968546900797 0.466964296729037 0.506280983383457 0.479382106711902 0.88354291034396 0.982718863654489 0.0225889773468073 0.00376395739537222 0.269041604665635 0.36463884955247 0.424259701388262 0.436960760097323 -0.135981758893824 0.703662207438051 0.294179418287332 0.631648202184886 0.469457830805114 0.143413621433697 0.527527380159084
"BRPT" 0.0550681883197346 -0.0464511802160798 -0.0839786729731289 -0.074461566258509 -0.178045326793104 0.187642505204247 0.0961432643046592 -0.0350465457229023 -0.118233585223719 2.38611667631692 0.197402246802045 0.0836048336796578 1.87211180199556 1.56957742887261 -0.286608679912188 0.562834545520022 0.477497187006 0.365223015139246 -0.155964060118039 0.196252634553842 0.321482379824472 0.198450257539317 -0.14982377274782 0.225417911407284 0.895043392922071 0.133547097989943 0.32313989622441 0.613259231600535 -0.199472702887285 0.129510509873205 0.398765463994647 -0.337017024638833 -0.238256673251783 0.320050827621527 -0.223029800568112 0.00470392810190492 0.810306602421118 0.0533230535089732 0.352086247562275
"BRAPET" 0.167455749429482 -0.390893550029901 0.288472283440499 -0.00661276256429508 -0.184669941091354 0.357870830470824 0.105267291633813 0.0983498227024404 0.352460248974529 1.34886973101773 0.310186491928598 0.617001689493038 1.56957742887261 2.96581838052179 -0.0421380861994762 0.724225282789405 0.872304350592495 0.971458691782475 0.715608374024423 1.52657326252367 0.115375071449803 0.317950780047803 0.14514782652187 0.267197191490789 1.63848805566457 1.25724655712279 0.327651437584486 0.282476969174817 0.279438910218889 0.868805140997138 0.860469803018858 -0.420596575016975 -0.235385878842153 1.38806898338058 1.85089086577521 1.58351786154382 1.32975620314486 0.688558951414112 0.557514038758562
"PTFM" 0.282212691486469 0.211843198132493 1.03772087582675 0.107053788962091 1.71276704466407 0.0459082159172529 0.304869604376737 0.0582103068593875 1.40279894710656 0.27486707647725 0.330835935783384 0.536612707464871 -0.286608679912188 -0.0421380861994762 2.49736159855646 -0.770852054628026 -0.841108584634441 -1.15627248318018 -0.323710985339901 -0.650107787761137 0.0678164705175153 0.0544614416136411 1.45485390563595 0.299013059422538 -0.112448978881999 0.688420553006974 0.566766128268696 0.536003539357721 0.162215809520136 -0.0271179282128638 0.652561559549347 1.00382478292233 0.193031412703335 0.172750267491173 0.635101149730342 0.164723038844189 -0.994458591909098 0.435047276637374 0.379244070090456
"PTAPET" -0.208795074494293 -0.696262229720013 -0.599497481697453 -0.0843844458801215 -0.751130158706335 0.0907658550769944 0.0462446432954275 -0.142821225000363 -1.02665318577238 1.29759391594111 -0.325083857340128 -0.294470972405955 0.562834545520022 0.724225282789405 -0.770852054628026 1.88881977932328 1.50722255018474 0.79525357452323 0.33049649724004 0.0293411365306816 0.0952988008898155 0.287879423416571 -1.05623014453766 0.0755239342777819 -0.0161481721844193 -0.313958180945808 0.00557093071457308 0.091057160361013 -0.0990341831068501 -0.22781479036203 -0.0648888014994329 -0.252995350808254 0.0542874860987819 -0.342694798680697 -1.31260067468856 -0.721642098840708 0.301407904051284 -0.344855608119332 -0.0892612695786082
"PTBA" -0.0374329566684576 -0.158800331056211 0.322051576168 0.591399461352458 -0.724119339902839 0.632229617298058 0.135575240301026 0.249853854889855 -0.748917436182871 0.767838792363619 -0.311576884460876 0.0415976199194814 0.477497187006 0.872304350592495 -0.841108584634441 1.50722255018474 2.14673003032734 1.4254945985929 0.69082129560646 0.590034400115366 -0.159043783004828 0.414644494628926 -1.18824784649593 0.33103959562432 0.314485130007316 0.101605696665176 0.224072640128816 -0.120954784716874 1.03599644592409 0.504966163370112 0.547081735982026 0.594408046607427 0.200025415426132 -0.358228794546821 -0.750478836490514 -0.437780003350126 1.17143513763562 0.23805313873854 -0.128152117734678
"PTEAM" -0.0301188800088657 0.197686133446071 0.155123363632709 0.411735583285941 -0.724920610251707 0.325149814237623 0.0294518644008064 0.238418295402594 -0.28943873724144 0.419987133541614 -0.1416373921351 0.262561639805044 0.365223015139246 0.971458691782475 -1.15627248318018 0.79525357452323 1.4254945985929 2.10216811892846 1.22452283240553 1.71598278380924 -0.228885925041146 0.486687252271707 -0.504044764119433 0.158097187414014 0.919492923698582 0.650442258337814 0.113912772874929 -0.371608370656251 0.661327609985121 0.938939400910312 0.324259430455588 0.0281920430751119 0.0498190999848917 0.471897086489702 0.448678304533933 0.522898326976898 1.787193231255 0.368317010011702 -0.00909086394834594
"PTZYGO" -0.10939334549642 0.0741485329766766 -0.163738906487271 0.0624674501991658 -0.482630077149851 -0.14227707735331 0.0108266911063183 0.159249044863626 0.351779260807955 0.0690962388666285 0.183039542056989 0.554276337668079 -0.155964060118039 0.715608374024423 -0.323710985339901 0.33049649724004 0.69082129560646 1.22452283240553 2.08592085868424 1.30334583793453 -0.114724509756264 0.189057626334676 -0.105365595779076 -0.0317700482787772 0.548609870039404 0.678120619093187 0.0579993243788325 -0.122328805209911 0.287101750214011 0.523410174394744 0.231608285110756 0.121306592918642 0.890849748296787 1.03863499320844 0.304706951539815 1.39057844949439 0.994649479709923 0.322243345203788 0.0276007235532845
"PTTSP" 0.0814468251473749 0.228863891832187 0.0451839286086622 -0.266024095979991 -0.583939588773133 -0.0668345908362653 0.195062854410276 0.162450249230765 0.564331527820342 -0.0708501216477101 0.454132576162065 0.982311945650287 0.196252634553842 1.52657326252367 -0.650107787761137 0.0293411365306816 0.590034400115366 1.71598278380924 1.30334583793453 4.15496768573178 0.384741505817032 0.592531569742813 0.318374148651084 0.359222110519691 1.86556810106432 2.10948539820384 -0.0921379956123937 0.37671623606255 0.101905490628342 1.04401654667609 0.457251915956525 -0.380465128016612 -1.07171805441083 1.73321919616187 1.99543021218718 2.26554372877238 2.04185599509944 0.579336307611296 0.462309802043751
"FMZS" -0.177739958544128 -0.594391266434824 -0.709378159075832 -1.03256732133385 0.0246679860946729 -0.302475374631203 0.39507702896877 -0.783992205413978 0.076321333661239 1.16347708558482 -0.0544204713452913 0.198968546900797 0.321482379824472 0.115375071449803 0.0678164705175153 0.0952988008898155 -0.159043783004828 -0.228885925041146 -0.114724509756264 0.384741505817032 1.67729594857437 0.895194650194989 0.574471289424465 0.498124144098307 0.319063739466838 0.560647418188892 0.0590660267467272 0.760973206732713 -0.688245299111119 -0.318841872764781 -0.30281653734572 0.0688257224238807 -0.213561843968738 0.00598697445149138 -1.45169466591866 0.200372943992421 0.0732009746704051 -0.135809306496428 0.40743960947545
"FMMT" -0.147641257211604 -0.0696376654780339 0.0236750529742961 -0.175840594971539 0.0738792630883949 -0.000271018802087717 0.0682088834841522 -0.458447974037358 0.0201417598748211 0.888928541393105 -0.3849677700718 0.466964296729037 0.198450257539317 0.317950780047803 0.0544614416136411 0.287879423416571 0.414644494628926 0.486687252271707 0.189057626334676 0.592531569742813 0.895194650194989 1.61433157622152 0.331770036600404 0.809141913013521 0.270126927167395 0.372780304836616 0.252960063652074 0.194935800541076 -0.0537904834642145 0.208205111516707 -0.0851113362794481 0.584029106474744 -0.0867024601549588 0.00565722478657268 -1.21901843572016 0.0503409851872947 0.574815198370164 -0.028297291889343 0.0613795582026044
"ZSZI" 0.176870080316271 -0.023040474177093 -0.00447874569570135 -0.719868225530587 3.54059423555995 -0.586125360812705 0.381480728554384 -0.272708105624837 3.01040659622647 0.0552365295086048 0.673416973397829 0.506280983383457 -0.14982377274782 0.14514782652187 1.45485390563595 -1.05623014453766 -1.18824784649593 -0.504044764119433 -0.105365595779076 0.318374148651084 0.574471289424465 0.331770036600404 4.09648141819159 1.1757341247771 -0.0515318770019382 0.83915851232272 0.257570766396225 0.24692453782969 -0.270362415497425 0.388349439075986 0.650253559141796 -0.0659114256221556 -0.211802916705199 0.944495736968759 1.3295543068686 0.926572949328421 -0.0572610395750066 0.220920427352208 0.329345754378939
"ZIMT" 0.0547094698096039 0.242146574410277 0.548940081282644 -0.0926544258875792 1.16200419062816 0.265774480637888 0.345790416971353 -0.328146233486071 0.825887542342707 0.147657248230253 -0.0224922854265295 0.479382106711902 0.225417911407284 0.267197191490789 0.299013059422538 0.0755239342777819 0.33103959562432 0.158097187414014 -0.0317700482787772 0.359222110519691 0.498124144098307 0.809141913013521 1.1757341247771 1.51617279752548 -0.00793126988480768 0.460995858563884 0.0106151969625493 0.288872362326725 0.15089831659445 0.217644369353178 0.569334106346056 0.924723280658509 -0.0752310999422585 0.16844467289485 -0.319365324395841 0.239568207178568 0.494224452895723 0.0454916559494019 0.0484813659298882
"ZIZYGO" 0.106944525275066 0.0176005599211428 0.337626559867663 -0.280134596274023 -0.806931783440074 0.225184130802094 -0.0650869377214652 0.00381169810905033 0.0721316095202544 0.580512822272067 0.314810518043511 0.88354291034396 0.895043392922071 1.63848805566457 -0.112448978881999 -0.0161481721844193 0.314485130007316 0.919492923698582 0.548609870039404 1.86556810106432 0.319063739466838 0.270126927167395 -0.0515318770019382 -0.00793126988480768 2.66307495052498 1.62490635782527 0.210315529597016 0.258453284573022 -0.0397847838609815 0.344554710951882 0.55289072597611 -0.817384117069329 -0.657789788310502 1.39699101058719 1.63000652932299 1.49037194694943 0.998119763688838 0.401414553162397 0.694571505108345
"ZITSP" 0.120026907188051 0.554533200823491 0.581770200643595 -0.00750936648328916 -0.0724146571862878 0.26774866687779 0.480604738835543 -0.0575713350371983 0.976739155489247 -0.348430099699303 0.434797964870649 0.982718863654489 0.133547097989943 1.25724655712279 0.688420553006974 -0.313958180945808 0.101605696665176 0.650442258337814 0.678120619093187 2.10948539820384 0.560647418188892 0.372780304836616 0.83915851232272 0.460995858563884 1.62490635782527 3.21526100667593 0.342386997731699 0.741647635759504 0.363209374248214 0.776568337784304 0.61306067471468 0.675778646223098 -0.0179523169262747 1.89913615214082 2.15741743638427 1.90038177445225 0.949402699115855 0.746441419786562 0.671465675031312
"MTPNS" 0.110290842764578 0.344083518150544 0.360183913463401 0.466845352910697 0.544552409709138 0.23993968601783 0.130454172352811 0.195421304209275 0.411729867266906 0.956039795580142 0.113788214061323 0.0225889773468073 0.32313989622441 0.327651437584486 0.566766128268696 0.00557093071457308 0.224072640128816 0.113912772874929 0.0579993243788325 -0.0921379956123937 0.0590660267467272 0.252960063652074 0.257570766396225 0.0106151969625493 0.210315529597016 0.342386997731699 0.633346367342023 0.293187003599423 0.460141148484351 0.332610471174734 0.378751916255474 0.415211835336618 0.188391536991594 -0.124917592117248 -0.0213360646557701 -0.372507464023534 0.186465503305275 0.323920571512224 0.2979478950485
"PNSAPET" -0.0146081192093752 -0.114399677493648 -0.927759131836599 -0.306619830347091 0.204474704102421 -0.162450860479655 0.207906047754692 -0.175005940168981 0.421478964543461 1.80209033440871 0.53542237978406 0.00376395739537222 0.613259231600535 0.282476969174817 0.536003539357721 0.091057160361013 -0.120954784716874 -0.371608370656251 -0.122328805209911 0.37671623606255 0.760973206732713 0.194935800541076 0.24692453782969 0.288872362326725 0.258453284573022 0.741647635759504 0.293187003599423 1.94363126463017 -0.662874417425465 -0.466284880816903 0.000651200734730972 0.272840085395262 0.0631993088711614 0.572520994304581 -0.23914130454218 0.238193506474382 -0.0798029190649772 -0.103212284970783 0.373410855765931
"APETBA" 0.28036002349966 0.846266490241416 1.59589704764409 1.32867909987362 0.453963160148399 0.95013514487253 0.0962697767467867 0.816111728565816 0.421560442986855 -0.806655985151442 -0.017895903014632 0.269041604665635 -0.199472702887285 0.279438910218889 0.162215809520136 -0.0990341831068501 1.03599644592409 0.661327609985121 0.287101750214011 0.101905490628342 -0.688245299111119 -0.0537904834642145 -0.270362415497425 0.15089831659445 -0.0397847838609815 0.363209374248214 0.460141148484351 -0.662874417425465 1.96324379702178 1.2305976916798 0.927765539372627 1.26250008446975 0.312277230086673 -0.413945032763151 0.571437254909579 -0.343846649790422 0.882402559957408 0.946064783258207 0.0217345371714487
"APETTS" 0.221340335968534 0.520447921745868 0.957162859212212 0.613586580933246 0.333493866868212 0.553238468889321 0.0324872720582959 0.34176710061879 0.598966210942158 -0.441297809531882 0.184913124370703 0.36463884955247 0.129510509873205 0.868805140997138 -0.0271179282128638 -0.22781479036203 0.504966163370112 0.938939400910312 0.523410174394744 1.04401654667609 -0.318841872764781 0.208205111516707 0.388349439075986 0.217644369353178 0.344554710951882 0.776568337784304 0.332610471174734 -0.466284880816903 1.2305976916798 1.72084982262716 0.620479652404036 0.667438274994033 0.0409951616522425 0.279039249476464 1.43583051436626 0.453370585366792 1.41786381265716 0.936940778334753 0.307617979275949
"BAEAM" 0.242090210269552 0.376784895354868 1.09809125977462 0.640657764747651 1.12244312081051 0.564894985138977 0.363479211731462 0.385720063382901 0.920093183900607 0.222825163717824 0.15914576907752 0.424259701388262 0.398765463994647 0.860469803018858 0.652561559549347 -0.0648888014994329 0.547081735982026 0.324259430455588 0.231608285110756 0.457251915956525 -0.30281653734572 -0.0851113362794481 0.650253559141796 0.569334106346056 0.55289072597611 0.61306067471468 0.378751916255474 0.000651200734730972 0.927765539372627 0.620479652404036 1.41947519836087 0.65985168639603 0.035753482406966 0.318922696996176 0.52550532395808 0.566778023013122 0.645417333904566 0.785196022641166 0.123130488487865
"EAMZYGO" 0.27291884333752 1.00247244705379 1.7751597725328 1.04638759261579 0.488736463577803 0.95524797849232 0.297518878484086 0.14726448651432 0.391958911938594 -0.335642665728301 -0.145226331616768 0.436960760097323 -0.337017024638833 -0.420596575016975 1.00382478292233 -0.252995350808254 0.594408046607427 0.0281920430751119 0.121306592918642 -0.380465128016612 0.0688257224238807 0.584029106474744 -0.0659114256221556 0.924723280658509 -0.817384117069329 0.675778646223098 0.415211835336618 0.272840085395262 1.26250008446975 0.667438274994033 0.65985168639603 2.8898346709567 0.817569069929209 -0.597726753291611 -0.14564036687519 -0.21273282268501 0.418502447829096 0.605486435038092 -0.118547118964229
"ZYGOTSP" -0.0804996026989233 0.17888761822028 -0.0506523553947006 0.364965860883831 -0.0773955160801025 0.109160809113802 0.057621927349399 -0.00965065846733208 0.065144904371462 -0.0677202161949794 -0.068817225333778 -0.135981758893824 -0.238256673251783 -0.235385878842153 0.193031412703335 0.0542874860987819 0.200025415426132 0.0498190999848917 0.890849748296787 -1.07171805441083 -0.213561843968738 -0.0867024601549588 -0.211802916705199 -0.0752310999422585 -0.657789788310502 -0.0179523169262747 0.188391536991594 0.0631993088711614 0.312277230086673 0.0409951616522425 0.035753482406966 0.817569069929209 1.60442037282983 0.175809109114086 -0.480527786829553 0.17079834430406 -0.121121841357695 0.166816231419391 -0.278016843418175
"LDAS" 0.051938528415838 -0.0789244009951328 -0.442669939706697 -0.583234094069668 -0.30444527950764 -0.206533907545346 0.127337375392706 -0.147204777046742 0.873241576904621 -0.621805132824453 0.461466063868506 0.703662207438051 0.320050827621527 1.38806898338058 0.172750267491173 -0.342694798680697 -0.358228794546821 0.471897086489702 1.03863499320844 1.73321919616187 0.00598697445149138 0.00565722478657268 0.944495736968759 0.16844467289485 1.39699101058719 1.89913615214082 -0.124917592117248 0.572520994304581 -0.413945032763151 0.279039249476464 0.318922696996176 -0.597726753291611 0.175809109114086 3.79012237828782 2.94254592246992 3.03977332967667 0.617233456801835 -0.0541561383063812 0.267428941418421
"BRLD" 0.923305111654111 0.341044024173622 1.62375853747555 0.258144470425532 0.0612415434851523 0.706691058528297 -0.510943963490326 0.196491458182552 0.982765359760255 -3.27949644096907 0.944867949417026 0.294179418287332 -0.223029800568112 1.85089086577521 0.635101149730342 -1.31260067468856 -0.750478836490514 0.448678304533933 0.304706951539815 1.99543021218718 -1.45169466591866 -1.21901843572016 1.3295543068686 -0.319365324395841 1.63000652932299 2.15741743638427 -0.0213360646557701 -0.23914130454218 0.571437254909579 1.43583051436626 0.52550532395808 -0.14564036687519 -0.480527786829553 2.94254592246992 9.70830316982303 3.37843884534392 0.973641296130059 0.725809152015495 0.415883424749642
"OPILD" 0.00335702315454647 -0.568534599910638 -0.398681687825642 -0.851608859092827 -0.862748084635995 -0.354043208211364 -0.00160299713525533 -0.622601947192461 0.66384857366924 -1.1904665046868 0.0964239897582505 0.631648202184886 0.00470392810190492 1.58351786154382 0.164723038844189 -0.721642098840708 -0.437780003350126 0.522898326976898 1.39057844949439 2.26554372877238 0.200372943992421 0.0503409851872947 0.926572949328421 0.239568207178568 1.49037194694943 1.90038177445225 -0.372507464023534 0.238193506474382 -0.343846649790422 0.453370585366792 0.566778023013122 -0.21273282268501 0.17079834430406 3.03977332967667 3.37843884534392 4.92092583054739 1.20777081386268 0.925035056540263 -0.402140569775287
"PTAS" 0.0861242253505592 0.517491355842818 0.516246404177023 0.409162895857371 -0.448640681166266 0.504972333768715 -0.0812055636365668 0.145783049047514 0.175504195804918 0.746340003330472 0.159937420883524 0.469457830805114 0.810306602421118 1.32975620314486 -0.994458591909098 0.301407904051284 1.17143513763562 1.787193231255 0.994649479709923 2.04185599509944 0.0732009746704051 0.574815198370164 -0.0572610395750066 0.494224452895723 0.998119763688838 0.949402699115855 0.186465503305275 -0.0798029190649772 0.882402559957408 1.41786381265716 0.645417333904566 0.418502447829096 -0.121121841357695 0.617233456801835 0.973641296130059 1.20777081386268 2.84142508340443 1.18174847282063 0.204577034311779
"JPAS" 0.1947700195876 0.422562983029371 0.922287531677681 0.50955973624198 0.21827874420976 0.590255517187998 -0.217714684008356 0.251565638809236 0.608603134249066 0.021214034259136 0.0645188445473871 0.143413621433697 0.0533230535089732 0.688558951414112 0.435047276637374 -0.344855608119332 0.23805313873854 0.368317010011702 0.322243345203788 0.579336307611296 -0.135809306496428 -0.028297291889343 0.220920427352208 0.0454916559494019 0.401414553162397 0.746441419786562 0.323920571512224 -0.103212284970783 0.946064783258207 0.936940778334753 0.785196022641166 0.605486435038092 0.166816231419391 -0.0541561383063812 0.725809152015495 0.925035056540263 1.18174847282063 1.82626473886137 0.0782033803085583
"BAOPI" 0.154829169902481 0.236576215241097 0.293881208071929 0.00311142261002336 0.466236478343697 0.281701396208899 0.174613301925033 0.324424926611022 0.624360257690503 0.514379384645662 0.64099376532327 0.527527380159084 0.352086247562275 0.557514038758562 0.379244070090456 -0.0892612695786082 -0.128152117734678 -0.00909086394834594 0.0276007235532845 0.462309802043751 0.40743960947545 0.0613795582026044 0.329345754378939 0.0484813659298882 0.694571505108345 0.671465675031312 0.2979478950485 0.373410855765931 0.0217345371714487 0.307617979275949 0.123130488487865 -0.118547118964229 -0.278016843418175 0.267428941418421 0.415883424749642 -0.402140569775287 0.204577034311779 0.0782033803085583 1.22913485146546
