"" "ISPM" "ISNSL" "ISPNS" "PMZS" "PMZI" "PMMT" "NSLNA" "NSLZS" "NSLZI" "NABR" "NAFM" "NAPNS" "BRPT" "BRAPET" "PTFM" "PTAPET" "PTBA" "PTEAM" "PTZYGO" "PTTSP" "FMZS" "FMMT" "ZSZI" "ZIMT" "ZIZYGO" "ZITSP" "MTPNS" "PNSAPET" "APETBA" "APETTS" "BAEAM" "EAMZYGO" "ZYGOTSP" "LDAS" "BRLD" "OPILD" "PTAS" "JPAS" "BAOPI"
"ISPM" 0.548220193779907 0.736214017816384 0.688949732695716 0.771812721138542 0.563892715600709 0.693492844975239 0.743195879715316 0.47862254873946 0.410490762095785 0.274170295248929 0.151269476245153 0.712184646646568 0.410785607444519 0.659765443652166 0.289704506364524 0.291702187272453 0.670286675536892 0.386997225054978 0.322290899187622 0.132335890261819 0.0467672711325498 0.689714559491302 0.0329645630998 0.203593426338567 0.253292034555664 0.277921656926623 0.138592088943459 0.879343951698203 0.246112635516209 0.0243938775068679 0.473153324095528 0.308872570512613 0.293171917942751 0.0957240763543691 0.305915549952712 0.398487065020006 0.728119012144571 0.446855236445713 0.185633394857741
"ISNSL" 0.736214017816384 4.05603307384871 1.52669219568753 2.89099685284898 2.03879796365506 1.38281754216695 1.05823644857134 0.635183860919584 1.28886452352572 1.01012280840121 0.829877534430456 1.43913210378923 0.520686888191532 0.924828600022734 1.57158059595117 0.41724835212285 0.431656611094009 0.293512072487121 1.17910053313341 0.434322611786345 0.684817082612501 1.90422188899454 0.414853802119333 0.0494364985858887 0.707919832586251 1.17182946324481 0.680169216220375 2.73440818771912 0.130468706693778 0.271145598202203 1.0378712465575 0.886269230728375 1.06031173143054 -0.157935325462193 0.666416535646026 -0.190926960766679 1.07594376236548 1.04488523039006 0.213541571165625
"ISPNS" 0.688949732695716 1.52669219568753 5.95331293734078 3.00354993115643 2.12291395920607 1.77060625300496 1.56006084567314 1.82913847233615 1.13381694076778 1.30702426990475 0.971526286636734 2.03268886425799 0.690984662107275 3.04283285969122 1.76076463666807 1.15489345561387 1.88956977063603 0.520818852128776 1.8388994575465 0.533211424830512 0.565730771174892 2.39132310925467 0.376788956623346 0.188433813933135 1.22405397950464 3.37687145819529 1.4168563719591 -0.23363434065175 1.23344698314287 -0.348866311177221 2.00175953504852 0.889811278844099 2.0465094485185 1.09939146611291 1.73445183283069 0.97295556153659 1.09701045144507 1.07407579309717 0.78623030456005
"PMZS" 0.771812721138542 2.89099685284898 3.00354993115643 4.50104477481649 2.99692966264605 1.74183764206856 2.26047980057398 2.16918470983041 1.87856317824541 0.865250557841665 1.19624436161097 1.82330045856732 -0.117880513480376 1.76767914449528 1.8063773051188 1.37233931474957 1.87940003741228 1.50409462096869 2.40534777026869 0.750145254513016 -0.03003321824185 2.59686792456633 0.874070638649278 -0.0910375352846007 1.04273836565751 2.63010282477845 1.36037384471672 2.61656988445527 0.982724704217569 0.559971700015745 1.79393139508198 1.24082472513983 1.98266850170233 0.270437607974207 1.47804348423483 0.633346375485612 1.96452312209434 1.44564046520006 0.45735617387569
"PMZI" 0.563892715600709 2.03879796365506 2.12291395920607 2.99692966264605 3.17337523611944 1.65738670060836 1.95657698619479 1.28716524101924 1.91586617310351 -0.157398299053206 1.0553364508126 1.56959777606332 -0.561068985671924 0.723086735981244 0.963318825255125 1.31937792037296 1.37279959312147 1.16267149413668 1.91057433341303 0.809746867818361 0.459163167128811 1.75337854090085 0.924004929535085 -0.181476398129188 0.191021617179931 1.59169214268506 0.79841256837607 2.40858911768133 0.232443527070068 0.217330349395375 0.836744870074705 0.756078079522094 1.41924743642133 0.123997586864617 1.21164283787338 0.20550836803228 1.11832487356572 0.8385892011105 0.251625851821655
"PMMT" 0.693492844975239 1.38281754216695 1.77060625300496 1.74183764206856 1.65738670060836 2.44524906018722 1.03299598128011 1.19044406339967 1.51347317129417 1.29854086783924 0.964197033738135 1.59926873078048 1.4046899387137 1.79745995072151 0.925497958638423 0.537498823469456 1.35195935426227 0.531248780006867 0.670717438695028 0.458584741672493 0.44131840902106 1.69302604170642 0.435806965732415 1.23168694291459 0.796530834257072 1.4137527760859 0.353007838497247 1.73865966976487 0.874040181239902 0.164035816518064 1.35754735656999 1.21298583449759 0.601674733404037 0.738750386794239 0.870607412463848 0.959191350712206 1.55888291442367 1.3474687527906 0.481436415237627
"NSLNA" 0.743195879715316 1.05823644857134 1.56006084567314 2.26047980057398 1.95657698619479 1.03299598128011 3.91737500728494 1.08878744832774 1.32051086342015 -0.830350545970669 -0.0567868397328438 1.79643197566693 -0.397923521447285 0.817605080308339 0.203180852078417 1.09095981271682 1.85189507753538 1.516772528701 1.62162216486994 0.352895420632584 0.26168724922004 1.11573081530609 0.764007532060026 -0.0226542192941456 0.289885598647042 1.74683124506057 0.60741842054997 1.7833756396269 0.859138258168856 0.129562418542916 0.81172945469533 0.515116691963675 1.39446526663433 0.117961451608917 0.559417778538764 0.616298836929628 1.6103004189634 0.55765107027473 0.214742711344184
"NSLZS" 0.47862254873946 0.635183860919584 1.82913847233615 2.16918470983041 1.28716524101924 1.19044406339967 1.08878744832774 2.9029493101784 1.59353329251604 0.373325842108123 1.37291690585891 1.34256423812418 0.743837659185629 1.96405991812963 0.963758164370368 1.48651901899974 2.13300964741615 1.11962470279234 1.39299712858672 0.607926005423795 -0.855679222143275 1.54583130564317 0.188393609055972 0.506430339862587 0.672891667197947 1.64698094295933 0.938121568355261 0.920689756054903 0.94204319884754 0.42635298270339 1.71948733758189 1.28573436736501 1.10938152023542 0.970450984726184 1.9463324806913 0.877179171805127 1.48129827586687 1.45240918296309 0.476160615519161
"NSLZI" 0.410490762095785 1.28886452352572 1.13381694076778 1.87856317824541 1.91586617310351 1.51347317129417 1.32051086342015 1.59353329251604 2.57079520027684 0.796376546684499 1.38950563249267 1.62727466080894 0.832240628325245 1.5296302431745 0.784084727430177 1.08698702822945 1.74694083440907 1.228071880522 1.5254687441698 0.821666665441842 0.190681816794818 1.61560195665983 1.26055479574683 0.749455709316623 0.473776312876193 1.54536629496436 0.677590956887293 1.58022174214893 0.976064479213474 0.296559244802597 1.28784513794907 0.969211144680492 0.987666947604276 0.78409731757201 1.51144323229383 0.42403363512838 1.834503177878 1.20105893997158 0.490239560973909
"NABR" 0.274170295248929 1.01012280840121 1.30702426990475 0.865250557841665 -0.157398299053206 1.29854086783924 -0.830350545970669 0.373325842108123 0.796376546684499 7.45509587879899 1.34201715822437 0.712269146526646 4.55056679977693 4.18450931467852 2.07588302972455 0.247100605412386 1.68964107969184 0.383640678365307 0.541141728606379 0.929762477496236 0.546255948668952 1.53551371447909 0.620959869783078 1.13467272373098 1.24170799363558 2.55162111330448 0.613461166591756 0.381261639802699 2.01344171197252 0.180295655650757 2.2969587857977 1.56310028657468 0.239300548497121 1.72411967178807 0.010374026643517 1.01616686453872 1.71049473819 1.29987841079591 1.13713482479063
"NAFM" 0.151269476245153 0.829877534430456 0.971526286636734 1.19624436161097 1.0553364508126 0.964197033738135 -0.0567868397328438 1.37291690585891 1.38950563249267 1.34201715822437 1.89410107824803 0.849607666454735 0.978967515968365 1.15070288854976 0.976760174806294 0.700472944611399 1.03779047452355 0.565630789223387 0.966465151940762 0.489084576909929 -0.0274002610876173 1.15496779412338 0.53653746076096 0.409955608771592 0.81780739236412 1.15122872376756 0.717979002629184 1.43050599510093 0.412264062647989 0.258053857497471 1.30640322011216 1.05422000861347 0.7134807756104 0.982990202417357 1.69473943367649 0.594328758154192 1.16211926647792 0.850235461818699 0.265115637694897
"NAPNS" 0.712184646646568 1.43913210378923 2.03268886425799 1.82330045856732 1.56959777606332 1.59926873078048 1.79643197566693 1.34256423812418 1.62727466080894 0.712269146526646 0.849607666454735 2.82807446732003 1.26316272420715 2.04840452292148 0.908020324746901 0.935705123868303 1.80317791831464 0.986006639330303 0.899373925631488 0.310132215572112 0.384305737378793 2.06457331924292 0.578473623497926 0.493522677026926 1.08138011681286 1.38912108085364 0.908300471294655 1.4204293306344 0.920026185269017 0.085386167253592 1.5296744883199 0.928961895946403 0.850467317270727 0.53225790852381 1.03761039888599 0.530923617359034 1.46325458642821 1.3896065662596 0.49295620526605
"BRPT" 0.410785607444519 0.520686888191532 0.690984662107275 -0.117880513480376 -0.561068985671924 1.4046899387137 -0.397923521447285 0.743837659185629 0.832240628325245 4.55056679977693 0.978967515968365 1.26316272420715 5.39553830299819 3.85003510808038 0.992963660260691 -0.766090915259587 0.801248471630542 -0.903906823310565 -1.85628369213743 -0.574629296694842 0.331021376209373 0.803007390404146 -0.0715628718470062 1.26479146797662 0.866135748776938 0.790980559523512 0.338791018609429 0.36193118098022 1.37153174338983 -0.084137333441347 1.72389496111074 1.46319523575169 -0.620294706636939 2.00471405735331 1.40662730631245 1.09803928283934 1.33769659708581 1.08101426118401 1.07137504876055
"BRAPET" 0.659765443652166 0.924828600022734 3.04283285969122 1.76767914449528 0.723086735981244 1.79745995072151 0.817605080308339 1.96405991812963 1.5296302431745 4.18450931467852 1.15070288854976 2.04840452292148 3.85003510808038 6.01662868896108 2.08137046253462 1.09220162369451 2.54079664080736 0.843831881676902 1.16864852831382 0.699942027670833 -0.549657315137663 1.97148004385838 0.765003838260991 1.25180661392588 1.40353321483101 3.03895017506603 0.963940222650494 -0.548977602484442 2.45241842846388 -0.26193191793726 2.47739223334713 1.74234424063519 1.10525356017614 1.94523229770946 2.08695660553427 1.61424056366067 2.11757801570027 1.79267996000617 1.37477888592012
"PTFM" 0.289704506364524 1.57158059595117 1.76076463666807 1.8063773051188 0.963318825255125 0.925497958638423 0.203180852078417 0.963758164370368 0.784084727430177 2.07588302972455 0.976760174806294 0.908020324746901 0.992963660260691 2.08137046253462 3.32257180248132 0.566048699957581 0.380575257733647 -0.462835746466761 1.14414082849856 0.133028707481805 0.390491971943123 2.05823578815714 0.628493088018845 0.163845774994447 0.603167495080786 2.71912765710863 0.83202055840823 1.51614422515394 0.499421774966911 -0.114139477926156 1.45209751262163 2.15409836902082 1.58590141906887 1.13267489110555 1.56894156709757 0.782665838399373 0.456417585879618 0.731683584717379 0.58302891954216
"PTAPET" 0.291702187272453 0.41724835212285 1.15489345561387 1.37233931474957 1.31937792037296 0.537498823469456 1.09095981271682 1.48651901899974 1.08698702822945 0.247100605412386 0.700472944611399 0.935705123868303 -0.766090915259587 1.09220162369451 0.566048699957581 3.69973069142113 3.03733830302619 2.64417785467492 2.77363624456199 1.72933470141636 -0.417242631387152 1.12369400447203 0.359428602334054 0.187921681379355 0.639438921792417 1.1314471057391 0.587908866428988 0.555753328299201 -0.343227364494306 0.311794512427843 0.361062414421866 -0.0241249096073104 0.739784946426488 0.157829847901882 0.335664042668063 0.302534474166864 0.847940158343767 0.440791630773144 0.495555282481881
"PTBA" 0.670286675536892 0.431656611094009 1.88956977063603 1.87940003741228 1.37279959312147 1.35195935426227 1.85189507753538 2.13300964741615 1.74694083440907 1.68964107969184 1.03779047452355 1.80317791831464 0.801248471630542 2.54079664080736 0.380575257733647 3.03733830302619 4.74992179571136 3.32839597952156 2.98979329861975 1.87458332956823 -0.479978624964127 1.84589722294404 0.841489379936574 0.772666395454822 1.40490362700547 2.17591555007004 0.944319929466254 0.842702552398898 1.92366524857521 0.32868724444372 1.86461332260206 0.328394634145425 1.29849353528942 1.03111209270051 1.16513103169688 1.01566249171427 2.72040810428112 1.51383702098692 0.856166548245141
"PTEAM" 0.386997225054978 0.293512072487121 0.520818852128776 1.50409462096869 1.16267149413668 0.531248780006867 1.516772528701 1.11962470279234 1.228071880522 0.383640678365307 0.565630789223387 0.986006639330303 -0.903906823310565 0.843831881676902 -0.462835746466761 2.64417785467492 3.32839597952156 4.38973654977488 3.51619967117419 2.22819966839171 -0.849769573331083 1.02345698350736 0.873674587483958 0.359194562881755 1.33297109892613 1.19967536485374 0.42409959349991 0.964780203762485 0.665677001783483 0.673512974358622 0.250642286065844 -0.00341019813056132 1.12205484260007 -0.0521416163707674 0.245262540925469 0.672806132919226 2.81936098876438 0.819019885505515 0.390068040803633
"PTZYGO" 0.322290899187622 1.17910053313341 1.8388994575465 2.40534777026869 1.91057433341303 0.670717438695028 1.62162216486994 1.39299712858672 1.5254687441698 0.541141728606379 0.966465151940762 0.899373925631488 -1.85628369213743 1.16864852831382 1.14414082849856 2.77363624456199 2.98979329861975 3.51619967117419 5.23819939611558 2.7358756666232 -0.481130187705827 1.81758132055134 1.38113134840545 0.169553956743322 0.758210753111053 2.91862720472001 0.885186105064435 1.02721492986425 0.992939849999132 0.553734564383414 1.07079598177863 1.11047616772571 2.60049302438265 0.0940884298063089 0.69086572319481 0.581175706705764 2.18877050048943 0.943895739451131 0.190535666784599
"PTTSP" 0.132335890261819 0.434322611786345 0.533211424830512 0.750145254513016 0.809746867818361 0.458584741672493 0.352895420632584 0.607926005423795 0.821666665441842 0.929762477496236 0.489084576909929 0.310132215572112 -0.574629296694842 0.699942027670833 0.133028707481805 1.72933470141636 1.87458332956823 2.22819966839171 2.7358756666232 3.26997987814226 -0.285364824840926 0.516059674274393 0.528182198663277 0.21446732522172 0.0210852822242262 1.36812663624651 -0.0305327309563765 0.22445249856445 0.52998885954503 0.235183586547896 0.30470016021327 0.264777274904354 0.411392264565722 -0.104176369938941 -0.299975959853433 -0.11917980329488 1.15668527048239 0.41893119368204 -0.00127389767555579
"FMZS" 0.0467672711325498 0.684817082612501 0.565730771174892 -0.03003321824185 0.459163167128811 0.44131840902106 0.26168724922004 -0.855679222143275 0.190681816794818 0.546255948668952 -0.0274002610876173 0.384305737378793 0.331021376209373 -0.549657315137663 0.390491971943123 -0.417242631387152 -0.479978624964127 -0.849769573331083 -0.481130187705827 -0.285364824840926 2.15623813716894 0.884390283353903 0.0691761828625006 -0.238172929647163 0.0676209818378479 0.563627289914425 0.0282590293773242 0.799760233915618 -0.129997567862879 -0.262705403621007 -0.135047274928769 -0.127439870275104 0.000302715877325114 0.614686268240532 -0.357089209102094 -0.133295225032487 -0.455580084661125 -0.410675382501716 0.228499298192691
"FMMT" 0.689714559491302 1.90422188899454 2.39132310925467 2.59686792456633 1.75337854090085 1.69302604170642 1.11573081530609 1.54583130564317 1.61560195665983 1.53551371447909 1.15496779412338 2.06457331924292 0.803007390404146 1.97148004385838 2.05823578815714 1.12369400447203 1.84589722294404 1.02345698350736 1.81758132055134 0.516059674274393 0.884390283353903 3.55054616112677 0.832103645665553 0.706220774415765 1.29676894854979 2.37655731298237 1.19805100961361 2.21541792470255 1.02923337735333 0.29231717809258 1.64312308981457 1.81422976355947 1.55946617490027 0.899311393262624 1.26035731273392 0.951347192703488 1.65954507004024 1.36029738427321 0.531936894919164
"ZSZI" 0.0329645630998 0.414853802119333 0.376788956623346 0.874070638649278 0.924004929535085 0.435806965732415 0.764007532060026 0.188393609055972 1.26055479574683 0.620959869783078 0.53653746076096 0.578473623497926 -0.0715628718470062 0.765003838260991 0.628493088018845 0.359428602334054 0.841489379936574 0.873674587483958 1.38113134840545 0.528182198663277 0.0691761828625006 0.832103645665553 1.42819888433698 0.143479884721553 0.0683943174735986 1.13936526813012 0.30389167515685 0.615546115014121 0.860275690875871 0.0019681752832549 0.602785245936073 0.51851801533168 0.865615156842365 0.218254052033667 0.737939038424882 0.092108356962285 1.12806365747357 0.370288244565755 0.200338283371253
"ZIMT" 0.203593426338567 0.0494364985858887 0.188433813933135 -0.0910375352846007 -0.181476398129188 1.23168694291459 -0.0226542192941456 0.506430339862587 0.749455709316623 1.13467272373098 0.409955608771592 0.493522677026926 1.26479146797662 1.25180661392588 0.163845774994447 0.187921681379355 0.772666395454822 0.359194562881755 0.169553956743322 0.21446732522172 -0.238172929647163 0.706220774415765 0.143479884721553 2.23384739281875 0.91887490055544 0.593577840274273 -0.0573489787383184 0.209204872933815 0.675149975851045 0.380435388499563 0.605912129446783 0.890464571502192 -0.0361249338428668 0.434055052270236 0.0274233545766361 0.984037952151375 1.13089853251143 0.85304268514634 0.0801513340824237
"ZIZYGO" 0.253292034555664 0.707919832586251 1.22405397950464 1.04273836565751 0.191021617179931 0.796530834257072 0.289885598647042 0.672891667197947 0.473776312876193 1.24170799363558 0.81780739236412 1.08138011681286 0.866135748776938 1.40353321483101 0.603167495080786 0.639438921792417 1.40490362700547 1.33297109892613 0.758210753111053 0.0210852822242262 0.0676209818378479 1.29676894854979 0.0683943174735986 0.91887490055544 3.08641103815696 1.44953748943343 0.713231964153419 1.17446523972359 0.73565012450511 0.446327721838033 0.974597083905294 -0.207494093952629 0.637501381406226 0.987295767625146 0.641957969961569 1.23951560956186 1.80772531723621 0.788948779350579 0.893392116388211
"ZITSP" 0.277921656926623 1.17182946324481 3.37687145819529 2.63010282477845 1.59169214268506 1.4137527760859 1.74683124506057 1.64698094295933 1.54536629496436 2.55162111330448 1.15122872376756 1.38912108085364 0.790980559523512 3.03895017506603 2.71912765710863 1.1314471057391 2.17591555007004 1.19967536485374 2.91862720472001 1.36812663624651 0.563627289914425 2.37655731298237 1.13936526813012 0.593577840274273 1.44953748943343 5.39669161466686 1.37893131053777 1.03155037869812 2.0639877823652 -0.0396566129670705 2.12423405604447 1.98966030951498 2.79228777753746 1.94827541892659 1.75748580822267 1.18563030340911 1.69056241335734 0.961177179234259 0.789771900291535
"MTPNS" 0.138592088943459 0.680169216220375 1.4168563719591 1.36037384471672 0.79841256837607 0.353007838497247 0.60741842054997 0.938121568355261 0.677590956887293 0.613461166591756 0.717979002629184 0.908300471294655 0.338791018609429 0.963940222650494 0.83202055840823 0.587908866428988 0.944319929466254 0.42409959349991 0.885186105064435 -0.0305327309563765 0.0282590293773242 1.19805100961361 0.30389167515685 -0.0573489787383184 0.713231964153419 1.37893131053777 1.23556650117947 0.828854331973345 0.512303154273082 0.156674178944595 0.925721218758728 0.758396566105711 1.04175940952957 0.750339339041997 0.550880489048962 0.399282693182006 0.373532816861023 0.44039403349431 0.0705993736532679
"PNSAPET" 0.879343951698203 2.73440818771912 -0.23363434065175 2.61656988445527 2.40858911768133 1.73865966976487 1.7833756396269 0.920689756054903 1.58022174214893 0.381261639802699 1.43050599510093 1.4204293306344 0.36193118098022 -0.548977602484442 1.51614422515394 0.555753328299201 0.842702552398898 0.964780203762485 1.02721492986425 0.22445249856445 0.799760233915618 2.21541792470255 0.615546115014121 0.209204872933815 1.17446523972359 1.03155037869812 0.828854331973345 6.59613139807929 -0.802969469765422 0.829275551443577 0.719868779967112 1.95322431580709 1.19183629197055 0.487502067743972 1.31480951660944 1.19474833477597 2.08688577106704 0.674358500369512 0.295223255552821
"APETBA" 0.246112635516209 0.130468706693778 1.23344698314287 0.982724704217569 0.232443527070068 0.874040181239902 0.859138258168856 0.94204319884754 0.976064479213474 2.01344171197252 0.412264062647989 0.920026185269017 1.37153174338983 2.45241842846388 0.499421774966911 -0.343227364494306 1.92366524857521 0.665677001783483 0.992939849999132 0.52998885954503 -0.129997567862879 1.02923337735333 0.860275690875871 0.675149975851045 0.73565012450511 2.0639877823652 0.512303154273082 -0.802969469765422 3.22212728785756 -0.139878174768954 1.99728215072927 0.528955322350223 0.972821853411018 1.11262296573935 0.707231862244205 0.64710742835932 1.73743584366934 1.45740319250692 0.452968297442814
"APETTS" 0.0243938775068679 0.271145598202203 -0.348866311177221 0.559971700015745 0.217330349395375 0.164035816518064 0.129562418542916 0.42635298270339 0.296559244802597 0.180295655650757 0.258053857497471 0.085386167253592 -0.084137333441347 -0.26193191793726 -0.114139477926156 0.311794512427843 0.32868724444372 0.673512974358622 0.553734564383414 0.235183586547896 -0.262705403621007 0.29231717809258 0.0019681752832549 0.380435388499563 0.446327721838033 -0.0396566129670705 0.156674178944595 0.829275551443577 -0.139878174768954 0.944588272554621 0.197931128095028 0.566086105162797 0.156605118382451 -0.0675097385811439 -0.197300849520853 0.443816801857035 0.704454562926261 0.225499861729354 -0.0735665206450822
"BAEAM" 0.473153324095528 1.0378712465575 2.00175953504852 1.79393139508198 0.836744870074705 1.35754735656999 0.81172945469533 1.71948733758189 1.28784513794907 2.2969587857977 1.30640322011216 1.5296744883199 1.72389496111074 2.47739223334713 1.45209751262163 0.361062414421866 1.86461332260206 0.250642286065844 1.07079598177863 0.30470016021327 -0.135047274928769 1.64312308981457 0.602785245936073 0.605912129446783 0.974597083905294 2.12423405604447 0.925721218758728 0.719868779967112 1.99728215072927 0.197931128095028 2.76302596373332 1.39874159763599 1.21725131483793 1.11189670113621 1.06229153106824 1.1787499160752 1.71303567614393 1.63121254892734 0.417640811633102
"EAMZYGO" 0.308872570512613 0.886269230728375 0.889811278844099 1.24082472513983 0.756078079522094 1.21298583449759 0.515116691963675 1.28573436736501 0.969211144680492 1.56310028657468 1.05422000861347 0.928961895946403 1.46319523575169 1.74234424063519 2.15409836902082 -0.0241249096073104 0.328394634145425 -0.00341019813056132 1.11047616772571 0.264777274904354 -0.127439870275104 1.81422976355947 0.51851801533168 0.890464571502192 -0.207494093952629 1.98966030951498 0.758396566105711 1.95322431580709 0.528955322350223 0.566086105162797 1.39874159763599 4.30022399173876 1.55672827776783 0.936673660820185 1.69083506236897 1.38166263711087 1.14090102845784 0.997697823752796 0.1457922240257
"ZYGOTSP" 0.293171917942751 1.06031173143054 2.0465094485185 1.98266850170233 1.41924743642133 0.601674733404037 1.39446526663433 1.10938152023542 0.987666947604276 0.239300548497121 0.7134807756104 0.850467317270727 -0.620294706636939 1.10525356017614 1.58590141906887 0.739784946426488 1.29849353528942 1.12205484260007 2.60049302438265 0.411392264565722 0.000302715877325114 1.55946617490027 0.865615156842365 -0.0361249338428668 0.637501381406226 2.79228777753746 1.04175940952957 1.19183629197055 0.972821853411018 0.156605118382451 1.21725131483793 1.55672827776783 2.5867975977794 0.80910681587324 1.44170413256132 0.796763753128743 1.3451040206073 0.68465445237708 0.259654396585657
"LDAS" 0.0957240763543691 -0.157935325462193 1.09939146611291 0.270437607974207 0.123997586864617 0.738750386794239 0.117961451608917 0.970450984726184 0.78409731757201 1.72411967178807 0.982990202417357 0.53225790852381 2.00471405735331 1.94523229770946 1.13267489110555 0.157829847901882 1.03111209270051 -0.0521416163707674 0.0940884298063089 -0.104176369938941 0.614686268240532 0.899311393262624 0.218254052033667 0.434055052270236 0.987295767625146 1.94827541892659 0.750339339041997 0.487502067743972 1.11262296573935 -0.0675097385811439 1.11189670113621 0.936673660820185 0.80910681587324 3.09897249874669 1.07927808669195 1.79765471713746 0.751112841711055 0.141422905219033 0.546345384118619
"BRLD" 0.305915549952712 0.666416535646026 1.73445183283069 1.47804348423483 1.21164283787338 0.870607412463848 0.559417778538764 1.9463324806913 1.51144323229383 0.010374026643517 1.69473943367649 1.03761039888599 1.40662730631245 2.08695660553427 1.56894156709757 0.335664042668063 1.16513103169688 0.245262540925469 0.69086572319481 -0.299975959853433 -0.357089209102094 1.26035731273392 0.737939038424882 0.0274233545766361 0.641957969961569 1.75748580822267 0.550880489048962 1.31480951660944 0.707231862244205 -0.197300849520853 1.06229153106824 1.69083506236897 1.44170413256132 1.07927808669195 7.02300237043372 0.12474788817853 1.82460435434174 0.372264014478806 1.5169115338614
"OPILD" 0.398487065020006 -0.190926960766679 0.97295556153659 0.633346375485612 0.20550836803228 0.959191350712206 0.616298836929628 0.877179171805127 0.42403363512838 1.01616686453872 0.594328758154192 0.530923617359034 1.09803928283934 1.61424056366067 0.782665838399373 0.302534474166864 1.01566249171427 0.672806132919226 0.581175706705764 -0.11917980329488 -0.133295225032487 0.951347192703488 0.092108356962285 0.984037952151375 1.23951560956186 1.18563030340911 0.399282693182006 1.19474833477597 0.64710742835932 0.443816801857035 1.1787499160752 1.38166263711087 0.796763753128743 1.79765471713746 0.12474788817853 3.60498185705495 1.95642367137275 0.477564859510603 0.000539412888739747
"PTAS" 0.728119012144571 1.07594376236548 1.09701045144507 1.96452312209434 1.11832487356572 1.55888291442367 1.6103004189634 1.48129827586687 1.834503177878 1.71049473819 1.16211926647792 1.46325458642821 1.33769659708581 2.11757801570027 0.456417585879618 0.847940158343767 2.72040810428112 2.81936098876438 2.18877050048943 1.15668527048239 -0.455580084661125 1.65954507004024 1.12806365747357 1.13089853251143 1.80772531723621 1.69056241335734 0.373532816861023 2.08688577106704 1.73743584366934 0.704454562926261 1.71303567614393 1.14090102845784 1.3451040206073 0.751112841711055 1.82460435434174 1.95642367137275 4.42597634308316 1.68083837724019 0.869496336937195
"JPAS" 0.446855236445713 1.04488523039006 1.07407579309717 1.44564046520006 0.8385892011105 1.3474687527906 0.55765107027473 1.45240918296309 1.20105893997158 1.29987841079591 0.850235461818699 1.3896065662596 1.08101426118401 1.79267996000617 0.731683584717379 0.440791630773144 1.51383702098692 0.819019885505515 0.943895739451131 0.41893119368204 -0.410675382501716 1.36029738427321 0.370288244565755 0.85304268514634 0.788948779350579 0.961177179234259 0.44039403349431 0.674358500369512 1.45740319250692 0.225499861729354 1.63121254892734 0.997697823752796 0.68465445237708 0.141422905219033 0.372264014478806 0.477564859510603 1.68083837724019 2.35371857933349 0.525496458482646
"BAOPI" 0.185633394857741 0.213541571165625 0.78623030456005 0.45735617387569 0.251625851821655 0.481436415237627 0.214742711344184 0.476160615519161 0.490239560973909 1.13713482479063 0.265115637694897 0.49295620526605 1.07137504876055 1.37477888592012 0.58302891954216 0.495555282481881 0.856166548245141 0.390068040803633 0.190535666784599 -0.00127389767555579 0.228499298192691 0.531936894919164 0.200338283371253 0.0801513340824237 0.893392116388211 0.789771900291535 0.0705993736532679 0.295223255552821 0.452968297442814 -0.0735665206450822 0.417640811633102 0.1457922240257 0.259654396585657 0.546345384118619 1.5169115338614 0.000539412888739747 0.869496336937195 0.525496458482646 1.57164474518187
