"" "ISPM" "ISNSL" "ISPNS" "PMZS" "PMZI" "PMMT" "NSLNA" "NSLZS" "NSLZI" "NABR" "NAFM" "NAPNS" "BRPT" "BRAPET" "PTFM" "PTAPET" "PTBA" "PTEAM" "PTZYGO" "PTTSP" "FMZS" "FMMT" "ZSZI" "ZIMT" "ZIZYGO" "ZITSP" "MTPNS" "PNSAPET" "APETBA" "APETTS" "BAEAM" "EAMZYGO" "ZYGOTSP" "LDAS" "BRLD" "OPILD" "PTAS" "JPAS" "BAOPI"
"ISPM" 0.559739284801048 0.751638522988614 0.705965588696878 0.787345297077766 0.578111987440663 0.70853693309002 0.757365784117803 0.486070472352404 0.416226196383044 0.280986042356323 0.1549600883983 0.723159925810833 0.417425922561281 0.668847400568813 0.289662401200896 0.28861360673218 0.680464460658083 0.395290442336504 0.332450065529665 0.144949837161707 0.0479680299395309 0.697944719492448 0.0300515515156992 0.203948881234366 0.252529444866661 0.285204060724707 0.139820303117376 0.898008468932581 0.255504843534635 0.0245045352899299 0.485633567448784 0.321398497339273 0.301954484476224 0.0926753126364461 0.312462260322206 0.406201637859284 0.74918003079601 0.458788246120695 0.185205172665284
"ISNSL" 0.751638522988614 4.143363618007 1.56284735399046 2.95203179363227 2.08597243748306 1.41283246254376 1.0783512818365 0.644690030683802 1.31224451913798 1.03332674710574 0.848503453359095 1.4638601118789 0.528674604365151 0.937279389993035 1.59652093936255 0.412598848640554 0.43464787005791 0.299718515856497 1.20932039478769 0.457931412757518 0.699972237009732 1.93577723818023 0.41859141394356 0.0445888297729884 0.714188376086082 1.19910907465849 0.692358908854019 2.79319470571876 0.13918581081727 0.276429505069601 1.06362627318723 0.913991136829488 1.08686735519989 -0.168832212540004 0.680753078120031 -0.196457119086635 1.10694666573993 1.07082832875325 0.21168925538092
"ISPNS" 0.705965588696878 1.56284735399046 6.07230931018481 3.07521488957619 2.15903935164111 1.80926050279567 1.60413199937673 1.8840205658457 1.17476627221872 1.33106369204407 0.990590321090581 2.09992127558522 0.717713470699323 3.13587884655198 1.83145764823282 1.22821351803343 1.95311145255792 0.532753344157523 1.86275557139365 0.49501890140147 0.577088100758312 2.477889738757 0.403537730908283 0.213341938166488 1.28271589183944 3.44393857846077 1.45678225479798 -0.236404107622544 1.2395953122076 -0.35430479164326 2.03405694636004 0.879442758463287 2.07868061665556 1.14951869918052 1.77268713858846 0.998954705001228 1.09410639391967 1.0860810867764 0.826144583965125
"PMZS" 0.787345297077766 2.95203179363227 3.07521488957619 4.59500025328022 3.06820711726056 1.77960417534794 2.30341325860301 2.20710127409633 1.90943892940971 0.886733650968217 1.22350627820254 1.84885417968781 -0.12759821235115 1.78966834846123 1.82583535610578 1.37270657505311 1.90652744719676 1.53641809143683 2.46748979087018 0.79687872228439 -0.0301109130129693 2.63218689180405 0.881730471708526 -0.105735882482618 1.04581771173992 2.6911556303613 1.38437057708887 2.6720405265014 1.01671832521839 0.570833714595173 1.83978655240527 1.28595806662005 2.03329834399662 0.260287576111204 1.50985105351761 0.644151917808691 2.02357992691156 1.48400052413257 0.453350646390683
"PMZI" 0.578111987440663 2.08597243748306 2.15903935164111 3.06820711726056 3.23272006601711 1.69357343043096 2.00887969068613 1.32968723228656 1.97319326787925 -0.165026895721032 1.0763010645835 1.62588187411776 -0.562006390866599 0.764674981022265 1.01543658536818 1.39443018435312 1.42424818128852 1.1885358902943 1.93660497605696 0.779469579287214 0.468239797031813 1.82475452257778 0.961940111658412 -0.165405579097167 0.226000729553505 1.62019355931997 0.824545120974664 2.46317069263094 0.217621107639035 0.224118451785712 0.844144860615795 0.74393842340979 1.43825348391449 0.151917746774843 1.23849247153249 0.214638506233361 1.11690709410262 0.845908988718484 0.279045637880263
"PMMT" 0.70853693309002 1.41283246254376 1.80926050279567 1.77960417534794 1.69357343043096 2.49840410544809 1.05529377165331 1.21608714314109 1.54612014626712 1.32683833918549 0.985189954120097 1.63367551387549 1.43504381266292 1.83611504221753 0.945111165079961 0.548430506594747 1.38099889720429 0.542788102032555 0.685550038411061 0.469331577859558 0.450926988017244 1.72929081214084 0.444991167943336 1.25813767697239 0.813346084879303 1.44458560862608 0.360539399303091 1.77642054991293 0.893363843327747 0.167568299789476 1.38723449242983 1.23981918233798 0.614947022606242 0.754400518491399 0.889525384860404 0.979967614238332 1.59318952818641 1.37693874225238 0.491545950960376
"NSLNA" 0.757365784117803 1.0783512818365 1.60413199937673 2.30341325860301 2.00887969068613 1.05529377165331 3.99263840895924 1.09772532875738 1.33333355125685 -0.844139409103467 -0.0560178397182417 1.81303089370018 -0.417981900028688 0.809169832537683 0.176011663558567 1.06769620170126 1.87026433475525 1.54914916836162 1.6725823503313 0.409077403343959 0.268293188047924 1.10628925736679 0.762533483219475 -0.0434259679029465 0.264955472576315 1.79098667627354 0.611731967180264 1.81989451709708 0.897952176679783 0.130288317804745 0.840307805154348 0.555266932565093 1.43678273449565 0.0949694448195749 0.571062759271422 0.624972737282519 1.67137460388442 0.580827857173548 0.197172627257668
"NSLZS" 0.486070472352404 0.644690030683802 1.8840205658457 2.20710127409633 1.32968723228656 1.21608714314109 1.09772532875738 2.9441294358291 1.60453213959571 0.387785890078237 1.40574509768692 1.33832807482843 0.743027617457048 1.96774479711436 0.937693935941975 1.44890548923101 2.14679750707552 1.14307622741362 1.44666007841173 0.693348648189819 -0.872915877325911 1.52927952692909 0.165573006276819 0.487254336719725 0.64103144026158 1.69198495513787 0.945281105857674 0.937355426755324 0.992495996951465 0.432509589849561 1.77313968831184 1.35677977442515 1.15136478914629 0.953507478378598 1.98787558890292 0.88921683492811 1.55230169317485 1.50043690263335 0.453410429236514
"NSLZI" 0.416226196383044 1.31224451913798 1.17476627221872 1.90943892940971 1.97319326787925 1.54612014626712 1.33333355125685 1.60453213959571 2.6011889126456 0.82052975590224 1.42292778863104 1.62661272604266 0.83202375823964 1.52081850206819 0.750435831271168 1.03521641886575 1.74978652445102 1.25381145982105 1.58384090951583 0.917385664237667 0.196298950279857 1.59664241590103 1.2589359955243 0.733201015448174 0.433950017474099 1.58888115246722 0.678051260129766 1.61096299713489 1.02960215213797 0.299650755772928 1.33338717888999 1.03674755031005 1.02840219313153 0.760126186931545 1.54347209773575 0.425670133139422 1.916220965715 1.24490993507764 0.465205414210174
"NABR" 0.280986042356323 1.03332674710574 1.33106369204407 0.886733650968217 -0.165026895721032 1.32683833918549 -0.844139409103467 0.387785890078237 0.82052975590224 7.61532759482382 1.37032861316179 0.737423336290856 4.65440510724765 4.28676426250412 2.13461390235606 0.272704944087975 1.73579932483351 0.392237659253334 0.546141032972306 0.929083112684986 0.557736123486458 1.58340630373545 0.642246630438631 1.16807304418463 1.28215209569817 2.60442928107806 0.630626387307181 0.39051899538632 2.04853993039361 0.185115502070177 2.34218464346932 1.58461216050715 0.239333488243663 1.7726067150309 0.0108218894567428 1.04029185600313 1.73645304161301 1.32337611915963 1.17143239686612
"NAFM" 0.1549600883983 0.848503453359095 0.990590321090581 1.22350627820254 1.0763010645835 0.985189954120097 -0.0560178397182417 1.40574509768692 1.42292778863104 1.37032861316179 1.93487160827286 0.872622892503445 1.00255878462465 1.1810238759431 1.0043882769002 0.725211099505529 1.0647823316985 0.578047899630826 0.984295490158446 0.489896597224903 -0.0281815703255623 1.18689719885909 0.551861955162655 0.422972946179198 0.841908300985471 1.17500420915313 0.73538714354536 1.46205946515196 0.417149865666771 0.264086952432169 1.33259024503696 1.07127688943865 0.726561383539613 1.00953309422789 1.73168610813061 0.608205237352919 1.18210569003972 0.866481123497933 0.275380880739651
"NAPNS" 0.723159925810833 1.4638601118789 2.09992127558522 1.84885417968781 1.62588187411776 1.63367551387549 1.81303089370018 1.33832807482843 1.62661272604266 0.737423336290856 0.872622892503445 2.83861125739811 1.2647408349164 2.03347196844265 0.856097820186794 0.849458932515328 1.7927153466136 1.00608783889666 0.954562472226818 0.426933548286597 0.394740875961675 2.03300520894381 0.55002298468089 0.458242225444227 1.03402985252573 1.43334233300904 0.907873947434797 1.44620311379263 0.985713190219144 0.082499105163349 1.58773072316745 1.0148425744449 0.89618792398021 0.485846898083151 1.05899583122384 0.531747941174487 1.55420625800571 1.44489436431158 0.453218583965776
"BRPT" 0.417425922561281 0.528674604365151 0.717713470699323 -0.12759821235115 -0.562006390866599 1.43504381266292 -0.417981900028688 0.743027617457048 0.83202375823964 4.65440510724765 1.00255878462465 1.2647408349164 5.49968313157011 3.90352093785748 0.978141470014122 -0.836897551785716 0.793435787018895 -0.924244741122623 -1.87853212019312 -0.531204922659857 0.339274588196186 0.781623111752202 -0.0939621742818552 1.26891167623447 0.848964678079444 0.815300243696843 0.335907438041857 0.367205565038679 1.42455892415719 -0.0883762599284966 1.77397197080626 1.52837592835709 -0.619943894998981 2.01883677179166 1.4366110668065 1.11646461362779 1.39682430592883 1.11725609016844 1.06903231640559
"BRAPET" 0.668847400568813 0.937279389993035 3.13587884655198 1.78966834846123 0.764674981022265 1.83611504221753 0.809169832537683 1.96774479711436 1.52081850206819 4.28676426250412 1.1810238759431 2.03347196844265 3.90352093785748 6.07801694872989 2.04297041620828 0.99153124206297 2.53806350181948 0.860595920951468 1.23565098519769 0.843624404229706 -0.559177739330227 1.92510223182758 0.733746768418513 1.22531576730535 1.35133551521035 3.12138255409979 0.961349553027941 -0.566870820634062 2.55905915495944 -0.273162665515886 2.56019912239963 1.85689280174654 1.16106745650785 1.91984092609783 2.1309580147941 1.63682280419834 2.23264530247584 1.86092456404179 1.34577311282813
"PTFM" 0.289662401200896 1.59652093936255 1.83145764823282 1.82583535610578 1.01543658536818 0.945111165079961 0.176011663558567 0.937693935941975 0.750435831271168 2.13461390235606 1.0043882769002 0.856097820186794 0.978141470014122 2.04297041620828 3.29399397220065 0.428416414395683 0.318988546804458 -0.474801692924823 1.21914424066779 0.290742027316205 0.401907818430933 1.99543698467141 0.584444144283199 0.102686099657269 0.516602539257517 2.79796535579353 0.821731576101434 1.54192247312746 0.574546267171237 -0.123293187568042 1.51855465511746 2.29332744403769 1.65868528527048 1.07573471924947 1.60140129305868 0.784603923385368 0.549534964528092 0.782868535131168 0.524729305823666
"PTAPET" 0.28861360673218 0.412598848640554 1.22821351803343 1.37270657505311 1.39443018435312 0.548430506594747 1.06769620170126 1.44890548923101 1.03521641886575 0.272704944087975 0.725211099505529 0.849458932515328 -0.836897551785716 0.99153124206297 0.428416414395683 3.55714766509897 2.99946000598378 2.6988275946214 2.9084954199293 1.99720472796285 -0.421959771134026 0.988166438717852 0.281403747800901 0.0957424341892267 0.505083331933826 1.18538386696134 0.558483473865873 0.557153551648856 -0.255099654979995 0.30864834040554 0.420805444398594 0.112784350946025 0.812844801151834 0.0399462441022626 0.340510357969646 0.286687228269194 0.990115286664323 0.502846459899636 0.40076380595861
"PTBA" 0.680464460658083 0.43464787005791 1.95311145255792 1.90652744719676 1.42424818128852 1.38099889720429 1.87026433475525 2.14679750707552 1.74978652445102 1.73579932483351 1.0647823316985 1.7927153466136 0.793435787018895 2.53806350181948 0.318988546804458 2.99946000598378 4.80476765995177 3.39943272686153 3.08952963000433 2.02262695386635 -0.488384596602676 1.81149767422188 0.819788104931986 0.744611217748123 1.3663682674657 2.23688841293496 0.945183680390033 0.856045429300948 2.01002167812107 0.331208609224468 1.92932716251124 0.399567787958917 1.35326907088314 0.997003730356525 1.18931810521347 1.02729411568303 2.83720204040529 1.57119485392328 0.825593504984954
"PTEAM" 0.395290442336504 0.299718515856497 0.532753344157523 1.53641809143683 1.1885358902943 0.542788102032555 1.54914916836162 1.14307622741362 1.25381145982105 0.392237659253334 0.578047899630826 1.00608783889666 -0.924244741122623 0.860595920951468 -0.474801692924823 2.6988275946214 3.39943272686153 4.48512963216465 3.59358578650487 2.27956343412218 -0.868187534706574 1.04367451382987 0.891577311939493 0.365780522678346 1.36006578468977 1.22612790099718 0.432783107779604 0.985618026554227 0.681362281544603 0.688028515944755 0.256750114804832 -0.00173884118211187 1.14717098898015 -0.0548159000149022 0.250563209544658 0.687147553729467 2.88222303914276 0.83749109701899 0.39720704857567
"PTZYGO" 0.332450065529665 1.20932039478769 1.86275557139365 2.46748979087018 1.93660497605696 0.685550038411061 1.6725823503313 1.44666007841173 1.58384090951583 0.546141032972306 0.984295490158446 0.954562472226818 -1.87853212019312 1.23565098519769 1.21914424066779 2.9084954199293 3.08952963000433 3.59358578650487 5.32714368404818 2.71835986730837 -0.493045057328839 1.91057420420013 1.43985554715709 0.205425382081841 0.824262262944904 2.97226593735958 0.918540615837791 1.05311694269294 0.982565820823356 0.569090408184281 1.07672375275575 1.08866679967434 2.63797536493155 0.136694682669218 0.706703930125877 0.601307321222682 2.19498017615327 0.946871372941042 0.229972588574808
"PTTSP" 0.144949837161707 0.457931412757518 0.49501890140147 0.79687872228439 0.779469579287214 0.469331577859558 0.409077403343959 0.693348648189819 0.917385664237667 0.929083112684986 0.489896597224903 0.426933548286597 -0.531204922659857 0.843624404229706 0.290742027316205 1.99720472796285 2.02262695386635 2.27956343412218 2.71835986730837 3.10329016948259 -0.296063555551978 0.692444060137094 0.62829883169238 0.318529641144143 0.174629032161929 1.36757278331201 0.0123842485674993 0.240361179988175 0.442807697335653 0.250543836840014 0.257739967933901 0.128623161783561 0.361502154915136 0.0188250182255489 -0.303966623282763 -0.0986161997280116 1.05405850166092 0.373856884993803 0.107701220435091
"FMZS" 0.0479680299395309 0.699972237009732 0.577088100758312 -0.0301109130129693 0.468239797031813 0.450926988017244 0.268293188047924 -0.872915877325911 0.196298950279857 0.557736123486458 -0.0281815703255623 0.394740875961675 0.339274588196186 -0.559177739330227 0.401907818430933 -0.421959771134026 -0.488384596602676 -0.868187534706574 -0.493045057328839 -0.296063555551978 2.20302789874395 0.9067386082346 0.0723556419888731 -0.241471450382826 0.0719850744412651 0.575307317723055 0.0296972476858035 0.817354833924369 -0.134689570727249 -0.268222660984031 -0.138996090120772 -0.132893106274355 -0.000802946168162103 0.630417162334733 -0.364804178017424 -0.135755213252896 -0.467899524649606 -0.420627406887714 0.23552736688071
"FMMT" 0.697944719492448 1.93577723818023 2.477889738757 2.63218689180405 1.82475452257778 1.72929081214084 1.10628925736679 1.52927952692909 1.59664241590103 1.58340630373545 1.18689719885909 2.03300520894381 0.781623111752202 1.92510223182758 1.99543698467141 0.988166438717852 1.81149767422188 1.04367451382987 1.91057420420013 0.692444060137094 0.9067386082346 3.51300345726273 0.788625033843451 0.65252752593471 1.21862240185693 2.44926582730958 1.19382325846479 2.25591795295215 1.12016951046173 0.291553668873882 1.71606410534587 1.95224410243723 1.63423487296255 0.831848479009921 1.28599859521191 0.955944942985552 1.78437603922394 1.42750498466693 0.467784485960363
"ZSZI" 0.0300515515156992 0.41859141394356 0.403537730908283 0.881730471708526 0.961940111658412 0.444991167943336 0.762533483219475 0.165573006276819 1.2589359955243 0.642246630438631 0.551861955162655 0.55002298468089 -0.0939621742818552 0.733746768418513 0.584444144283199 0.281403747800901 0.819788104931986 0.891577311939493 1.43985554715709 0.62829883169238 0.0723556419888731 0.788625033843451 1.42620697087076 0.109546280167668 0.01281643816742 1.17542723734384 0.294252688170019 0.624816234333931 0.915770131693254 -0.00180896082815531 0.635863498304797 0.582689133993738 0.90636385692899 0.176304019266807 0.75303789241093 0.0854795607471245 1.20021561637882 0.398534903398409 0.164061142357369
"ZIMT" 0.203948881234366 0.0445888297729884 0.213341938166488 -0.105735882482618 -0.165405579097167 1.25813767697239 -0.0434259679029465 0.487254336719725 0.733201015448174 1.16807304418463 0.422972946179198 0.458242225444227 1.26891167623447 1.22531576730535 0.102686099657269 0.0957424341892267 0.744611217748123 0.365780522678346 0.205425382081841 0.318529641144143 -0.241471450382826 0.65252752593471 0.109546280167668 2.24085612030696 0.874854626542374 0.619146537068246 -0.0768141874974856 0.209142124648419 0.73108881240813 0.384421831166043 0.641484435025338 0.969146617327855 -0.0123155335920393 0.391124790139828 0.0269616419546821 0.995750586556079 1.2088971368085 0.894237131120525 0.0363262151486763
"ZIZYGO" 0.252529444866661 0.714188376086082 1.28271589183944 1.04581771173992 0.226000729553505 0.813346084879303 0.264955472576315 0.64103144026158 0.433950017474099 1.28215209569817 0.841908300985471 1.03402985252573 0.848964678079444 1.35133551521035 0.516602539257517 0.505083331933826 1.3663682674657 1.36006578468977 0.824262262944904 0.174629032161929 0.0719850744412651 1.21862240185693 0.01281643816742 0.874854626542374 3.05494732226303 1.5005542110455 0.700678806415635 1.19289620903404 0.815189382128573 0.449432899775749 1.03028256180526 -0.120640079180221 0.689238309486635 0.928109754592299 0.654284354299398 1.25155426334897 1.92928607985558 0.840983043158499 0.842635364144849
"ZITSP" 0.285204060724707 1.19910907465849 3.44393857846077 2.6911556303613 1.62019355931997 1.44458560862608 1.79098667627354 1.69198495513787 1.58888115246722 2.60442928107806 1.17500420915313 1.43334233300904 0.815300243696843 3.12138255409979 2.79796535579353 1.18538386696134 2.23688841293496 1.22612790099718 2.97226593735958 1.36757278331201 0.575307317723055 2.44926582730958 1.17542723734384 0.619146537068246 1.5005542110455 5.51015093282456 1.41446082182551 1.05538065834989 2.09628109923843 -0.0392130424144559 2.16358575561337 2.01483262528842 2.84549355465941 2.00658973661739 1.79601444631424 1.2143550510662 1.7110339683045 0.975168917277397 0.820829208704369
"MTPNS" 0.139820303117376 0.692358908854019 1.45678225479798 1.38437057708887 0.824545120974664 0.360539399303091 0.611731967180264 0.945281105857674 0.678051260129766 0.630626387307181 0.73538714354536 0.907873947434797 0.335907438041857 0.961349553027941 0.821731576101434 0.558483473865873 0.945183680390033 0.432783107779604 0.918540615837791 0.0123842485674993 0.0296972476858035 1.19382325846479 0.294252688170019 -0.0768141874974856 0.700678806415635 1.41446082182551 1.25443896249019 0.844851406728348 0.5415308624769 0.158201918163216 0.955666738127486 0.800893399584193 1.07518961642318 0.743691711018972 0.562392340297279 0.403718892827814 0.405071761262456 0.459898456086939 0.0521555996297466
"PNSAPET" 0.898008468932581 2.79319470571876 -0.236404107622544 2.6720405265014 2.46317069263094 1.77642054991293 1.81989451709708 0.937355426755324 1.61096299713489 0.39051899538632 1.46205946515196 1.44620311379263 0.367205565038679 -0.566870820634062 1.54192247312746 0.557153551648856 0.856045429300948 0.985618026554227 1.05311694269294 0.240361179988175 0.817354833924369 2.25591795295215 0.624816234333931 0.209142124648419 1.19289620903404 1.05538065834989 0.844851406728348 6.73901396444448 -0.815846992938652 0.84682794633593 0.738003606683272 2.00226823314157 1.22047477191855 0.492289455855868 1.34327495217468 1.21964710180473 2.13817957750217 0.691531683641309 0.296585043724884
"APETBA" 0.255504843534635 0.13918581081727 1.2395953122076 1.01671832521839 0.217621107639035 0.893363843327747 0.897952176679783 0.992495996951465 1.02960215213797 2.04853993039361 0.417149865666771 0.985713190219144 1.42455892415719 2.55905915495944 0.574546267171237 -0.255099654979995 2.01002167812107 0.681362281544603 0.982565820823356 0.442807697335653 -0.134689570727249 1.12016951046173 0.915770131693254 0.73108881240813 0.815189382128573 2.09628109923843 0.5415308624769 -0.815846992938652 3.25120133423047 -0.138665165701151 2.01845817065439 0.481546408977235 0.969547969766234 1.18880929661645 0.723656919125281 0.670786571295015 1.72216705027764 1.46659472831676 0.508063302291433
"APETTS" 0.0245045352899299 0.276429505069601 -0.35430479164326 0.570833714595173 0.224118451785712 0.167568299789476 0.130288317804745 0.432509589849561 0.299650755772928 0.185115502070177 0.264086952432169 0.082499105163349 -0.0883762599284966 -0.273162665515886 -0.123293187568042 0.30864834040554 0.331208609224468 0.688028515944755 0.569090408184281 0.250543836840014 -0.268222660984031 0.291553668873882 -0.00180896082815531 0.384421831166043 0.449432899775749 -0.0392130424144559 0.158201918163216 0.84682794633593 -0.138665165701151 0.964681155731073 0.204543320432819 0.584508298718056 0.162545151441726 -0.0743759983851076 -0.201699058963475 0.452467093221929 0.725275452094226 0.232737120805725 -0.0798635427193101
"BAEAM" 0.485633567448784 1.06362627318723 2.03405694636004 1.83978655240527 0.844144860615795 1.38723449242983 0.840307805154348 1.77313968831184 1.33338717888999 2.34218464346932 1.33259024503696 1.58773072316745 1.77397197080626 2.56019912239963 1.51855465511746 0.420805444398594 1.92932716251124 0.256750114804832 1.07672375275575 0.257739967933901 -0.138996090120772 1.71606410534587 0.635863498304797 0.641484435025338 1.03028256180526 2.16358575561337 0.955666738127486 0.738003606683272 2.01845817065439 0.204543320432819 2.81101628812173 1.39716883583206 1.23045488300578 1.1642977334444 1.08595509851353 1.20959289415671 1.72148147511719 1.65446360672579 0.45128430985289
"EAMZYGO" 0.321398497339273 0.913991136829488 0.879442758463287 1.28595806662005 0.74393842340979 1.23981918233798 0.555266932565093 1.35677977442515 1.03674755031005 1.58461216050715 1.07127688943865 1.0148425744449 1.52837592835709 1.85689280174654 2.29332744403769 0.112784350946025 0.399567787958917 -0.00173884118211187 1.08866679967434 0.128623161783561 -0.132893106274355 1.95224410243723 0.582689133993738 0.969146617327855 -0.120640079180221 2.01483262528842 0.800893399584193 2.00226823314157 0.481546408977235 0.584508298718056 1.39716883583206 4.30901199387826 1.55545710349476 1.03179772123193 1.72910263669635 1.42551788336171 1.08944599334176 0.987050177584365 0.214016922335859
"ZYGOTSP" 0.301954484476224 1.08686735519989 2.07868061665556 2.03329834399662 1.43825348391449 0.614947022606242 1.43678273449565 1.15136478914629 1.02840219313153 0.239333488243663 0.726561383539613 0.89618792398021 -0.619943894998981 1.16106745650785 1.65868528527048 0.812844801151834 1.35326907088314 1.14717098898015 2.63797536493155 0.361502154915136 -0.000802946168162103 1.63423487296255 0.90636385692899 -0.0123155335920393 0.689238309486635 2.84549355465941 1.07518961642318 1.22047477191855 0.969547969766234 0.162545151441726 1.23045488300578 1.55545710349476 2.62847506433756 0.857690919456 1.47367166626317 0.819813858111137 1.34273052087469 0.68613201213893 0.292269828285396
"LDAS" 0.0926753126364461 -0.168832212540004 1.14951869918052 0.260287576111204 0.151917746774843 0.754400518491399 0.0949694448195749 0.953507478378598 0.760126186931545 1.7726067150309 1.00953309422789 0.485846898083151 2.01883677179166 1.91984092609783 1.07573471924947 0.0399462441022626 0.997003730356525 -0.0548159000149022 0.136694682669218 0.0188250182255489 0.630417162334733 0.831848479009921 0.176304019266807 0.391124790139828 0.928109754592299 2.00658973661739 0.743691711018972 0.492289455855868 1.18880929661645 -0.0743759983851076 1.1642977334444 1.03179772123193 0.857690919456 3.10034835183651 1.10140749909331 1.82453585041964 0.834754720284386 0.173041405287063 0.5007972208061
"BRLD" 0.312462260322206 0.680753078120031 1.77268713858846 1.50985105351761 1.23849247153249 0.889525384860404 0.571062759271422 1.98787558890292 1.54347209773575 0.0108218894567428 1.73168610813061 1.05899583122384 1.4366110668065 2.1309580147941 1.60140129305868 0.340510357969646 1.18931810521347 0.250563209544658 0.706703930125877 -0.303966623282763 -0.364804178017424 1.28599859521191 0.75303789241093 0.0269616419546821 0.654284354299398 1.79601444631424 0.562392340297279 1.34327495217468 0.723656919125281 -0.201699058963475 1.08595509851353 1.72910263669635 1.47367166626317 1.10140749909331 7.17564940338867 0.127213375449103 1.86562949149976 0.380933341613367 1.54872780015378
"OPILD" 0.406201637859284 -0.196457119086635 0.998954705001228 0.644151917808691 0.214638506233361 0.979967614238332 0.624972737282519 0.88921683492811 0.425670133139422 1.04029185600313 0.608205237352919 0.531747941174487 1.11646461362779 1.63682280419834 0.784603923385368 0.286687228269194 1.02729411568303 0.687147553729467 0.601307321222682 -0.0986161997280116 -0.135755213252896 0.955944942985552 0.0854795607471245 0.995750586556079 1.25155426334897 1.2143550510662 0.403718892827814 1.21964710180473 0.670786571295015 0.452467093221929 1.20959289415671 1.42551788336171 0.819813858111137 1.82453585041964 0.127213375449103 3.68109626323127 2.01139697109115 0.493222858522967 -0.0100634719222597
"PTAS" 0.74918003079601 1.10694666573993 1.09410639391967 2.02357992691156 1.11690709410262 1.59318952818641 1.67137460388442 1.55230169317485 1.916220965715 1.73645304161301 1.18210569003972 1.55420625800571 1.39682430592883 2.23264530247584 0.549534964528092 0.990115286664323 2.83720204040529 2.88222303914276 2.19498017615327 1.05405850166092 -0.467899524649606 1.78437603922394 1.20021561637882 1.2088971368085 1.92928607985558 1.7110339683045 0.405071761262456 2.13817957750217 1.72216705027764 0.725275452094226 1.72148147511719 1.08944599334176 1.34273052087469 0.834754720284386 1.86562949149976 2.01139697109115 4.45353324558193 1.68826321452996 0.946972487817438
"JPAS" 0.458788246120695 1.07082832875325 1.0860810867764 1.48400052413257 0.845908988718484 1.37693874225238 0.580827857173548 1.50043690263335 1.24490993507764 1.32337611915963 0.866481123497933 1.44489436431158 1.11725609016844 1.86092456404179 0.782868535131168 0.502846459899636 1.57119485392328 0.83749109701899 0.946871372941042 0.373856884993803 -0.420627406887714 1.42750498466693 0.398534903398409 0.894237131120525 0.840983043158499 0.975168917277397 0.459898456086939 0.691531683641309 1.46659472831676 0.232737120805725 1.65446360672579 0.987050177584365 0.68613201213893 0.173041405287063 0.380933341613367 0.493222858522967 1.68826321452996 2.39254016189507 0.561758508269464
"BAOPI" 0.185205172665284 0.21168925538092 0.826144583965125 0.453350646390683 0.279045637880263 0.491545950960376 0.197172627257668 0.453410429236514 0.465205414210174 1.17143239686612 0.275380880739651 0.453218583965776 1.06903231640559 1.34577311282813 0.524729305823666 0.40076380595861 0.825593504984954 0.39720704857567 0.229972588574808 0.107701220435091 0.23552736688071 0.467784485960363 0.164061142357369 0.0363262151486763 0.842635364144849 0.820829208704369 0.0521555996297466 0.296585043724884 0.508063302291433 -0.0798635427193101 0.45128430985289 0.214016922335859 0.292269828285396 0.5007972208061 1.54872780015378 -0.0100634719222597 0.946972487817438 0.561758508269464 1.55584120940679
