"" "ISPM" "ISNSL" "ISPNS" "PMZS" "PMZI" "PMMT" "NSLNA" "NSLZS" "NSLZI" "NABR" "NAFM" "NAPNS" "BRPT" "BRAPET" "PTFM" "PTAPET" "PTBA" "PTEAM" "PTZYGO" "PTTSP" "FMZS" "FMMT" "ZSZI" "ZIMT" "ZIZYGO" "ZITSP" "MTPNS" "PNSAPET" "APETBA" "APETTS" "BAEAM" "EAMZYGO" "ZYGOTSP" "LDAS" "BRLD" "OPILD" "PTAS" "JPAS" "BAOPI"
"ISPM" 2.12804002213694 5.12642455802122 7.50835478141162 5.56906950988719 5.90779550355295 5.77109788396678 2.70746778012977 2.51817866385314 5.8795607481876 4.77278990927156 3.23154405560959 3.65994715900348 1.52583155240446 2.83130801984184 3.34618026548022 2.34046388120549 3.58631657800834 3.31508921551566 3.66549730499574 -0.0162810187852603 2.1688442625696 4.46311113361983 3.50750613458456 2.27761470700629 2.62066617785202 4.28865268535926 2.67485464155379 2.11180947670215 1.93761164952281 2.04308363286477 4.61643599114348 2.97294576802861 3.56874146793218 1.63754991155961 0.730858370675499 2.66468750088244 3.50991352695363 3.17759188976396 0.941847631367374
"ISNSL" 5.12642455802122 17.2087848602717 22.3580054303365 18.6516417411584 18.4152814676333 16.1295813469019 7.09122800427116 6.8051566109103 16.0213663996768 14.3381535496351 8.62024036404798 9.51194572922112 3.67188022773999 8.55487039767802 9.50426574988745 7.20066492411088 10.1915848821296 9.73277836111452 12.3626986068002 0.43516072661512 6.38659162733577 12.9706562665125 9.40536693530471 6.03120208122255 8.94977100181896 12.478507505841 8.76986936085809 6.32069607778251 4.77151219377373 5.82313230877069 13.0711545192481 8.36853867387134 11.1958639051725 5.09901442876545 0.968604106388835 8.23536133002901 8.91307552334752 8.14000305813584 2.75886000505034
"ISPNS" 7.50835478141162 22.3580054303365 36.6914724771289 27.5741850520729 27.9347762329612 26.2872214170326 13.1799937718602 10.4116263874853 23.9316027112227 21.6807027281963 12.4091520729738 17.1048382938877 7.07106399330684 13.8994284274094 13.8438226576855 12.863254501728 18.0500537452958 16.0583255267981 16.9820094683596 1.04291431629738 9.10494075602287 20.3714600234635 14.1289789956091 10.087289189546 13.7048021589151 19.3851524505264 13.2677247800257 8.07633192552924 8.05127933371149 8.19162471435773 19.468592998856 12.7938301263224 15.9622428671598 8.2445106814044 -0.891678833496004 12.5657391598945 15.6567699862265 14.0334300588458 4.43200282143481
"PMZS" 5.56906950988719 18.6516417411584 27.5741850520729 24.3219307085898 23.519067030261 20.1579968612825 10.9981018013316 8.79882248446145 19.0509467575698 16.8605841978574 9.79207054468085 11.7496240135359 3.81904825536809 10.6408667368969 11.2812606651088 10.3002272750458 14.0771641932937 13.4483755957537 15.2054295183598 0.972772409627181 6.341275651553 15.4168529696333 11.0596325329413 7.11841248164693 10.8281346385855 15.2287873012057 11.0692317006594 7.53299974676684 6.32203628141978 6.9110037452012 15.4765372946049 9.44079858917915 13.2721946388314 5.97460114144047 1.62822333261493 9.16337822884247 12.2331093491341 10.9613506957392 3.31156079047907
"PMZI" 5.90779550355295 18.4152814676333 27.9347762329612 23.519067030261 25.8477108621166 21.7197059474642 10.7667434626445 8.6282858499259 21.2721628566288 17.7950803943108 10.3018092763092 12.1163621245561 3.94919720482472 11.2840907736802 11.1667238910908 11.4161172142146 15.2138817408601 14.7739221537805 14.9288332393211 2.10052493904078 7.71945373938257 15.8613371741365 12.8645959556854 8.00528461280429 9.43356020494282 14.7734454236354 10.4344620617153 8.07867435594939 6.59359723370925 6.89234017788152 15.692228246034 9.35801048467666 12.5030157163469 5.29484241336126 1.64620683565991 8.90111504947631 13.7656679752329 11.3070544293777 3.56916828114726
"PMMT" 5.77109788396678 16.1295813469019 26.2872214170326 20.1579968612825 21.7197059474642 21.7859625598734 9.29117446086984 7.93974880899885 19.0150853282678 17.2280882379302 9.80724844708793 13.2074202443168 4.97753998117376 10.7270321271791 10.3778171397089 10.8565105951373 15.0032858406972 13.4528943663274 12.6821695242275 2.16442834920339 7.05430011225953 15.1303214865214 11.3009367906188 8.07310272632773 8.44232194530752 14.6816100340368 9.19969361147545 6.87539669261567 6.43293304476953 6.99662245120989 14.8970425389208 10.7258615380915 11.226581281781 5.61794370664284 -0.637333409488555 9.15670822186183 13.2341839418268 10.9651546438705 2.93890356847171
"NSLNA" 2.70746778012977 7.09122800427116 13.1799937718602 10.9981018013316 10.7667434626445 9.29117446086984 8.18175457166585 3.63687479030631 8.51390898907919 6.51618778598952 4.15361569295479 5.9135870756793 1.89955869580119 5.27623697935111 4.3434819170085 5.16655166508087 7.40556114277191 6.68319209911068 6.89957426799567 0.495550144396552 2.6860854192982 6.8997241585342 5.51009761939374 3.92062770389838 5.19703942626988 7.18375566364264 4.91644388868195 3.44318490275458 3.59138762143357 2.33267571225729 6.58612131680971 3.03955823032199 6.24404981689289 3.05526808262743 0.175907372265321 4.5277081519422 6.49135974212751 5.55256809446409 1.0805824383148
"NSLZS" 2.51817866385314 6.8051566109103 10.4116263874853 8.79882248446145 8.6282858499259 7.93974880899885 3.63687479030631 6.73767496521164 9.58373162972 8.30292802306712 5.66616752228173 5.6805261903695 2.80990154807305 4.77563154480227 5.92416859842267 3.28805145959332 4.89431480537419 3.86325215151357 4.93946657523748 -0.416067303337967 2.07103801798609 6.08060309328038 3.2026104591639 2.81074651106108 3.24851818706555 6.23004769257676 4.24593415077255 3.30379023526524 2.42035285936228 3.01941508247966 7.04242101905614 5.21093308541445 5.30072228044216 2.96779822430115 1.90627359141492 3.58300995292369 3.92249112622811 4.53443804482385 1.68606416563769
"NSLZI" 5.8795607481876 16.0213663996768 23.9316027112227 19.0509467575698 21.2721628566288 19.0150853282678 8.51390898907919 9.58373162972 21.5876793794193 17.4197980179862 10.8050932903002 12.4633705455472 5.15882948879858 9.96298004837158 12.2524123904726 8.75015212671357 12.5976058894787 11.2134276629256 11.8067162020951 0.27155324135251 7.1377833935193 14.9402583786107 12.323956772939 7.15160755584028 7.52725894806283 14.7050579790342 9.40028885662662 7.49207714062673 6.03505766821199 6.93319963356996 15.5843194402939 10.1819993695928 11.3767900782043 5.14191780797572 3.82748386738437 7.70265138035058 11.3196071539262 10.3414426058975 3.33385447553112
"NABR" 4.77278990927156 14.3381535496351 21.6807027281963 16.8605841978574 17.7950803943108 17.2280882379302 6.51618778598952 8.30292802306712 17.4197980179862 20.797418241332 9.31483661672904 11.4106576733734 6.72912044594425 10.1068090956948 9.84473413514902 8.92966519568695 12.5444921644294 10.9305146918576 11.8807728884136 1.11563032130092 6.16969877976282 13.4124929925421 9.10802543610292 7.5251122889136 5.51897301098475 14.1105096398003 8.65614835982519 5.52917764065364 4.85232702734295 7.0139084757111 13.7498351422881 11.0053963742264 11.5411435221443 5.12765592043783 -1.66279619005585 7.30403578391767 10.103715990998 9.10286782325391 3.37262064509379
"NAFM" 3.23154405560959 8.62024036404798 12.4091520729738 9.79207054468085 10.3018092763092 9.80724844708793 4.15361569295479 5.66616752228173 10.8050932903002 9.31483661672904 7.13373678462908 6.954379710259 3.11615697520495 5.38856180730388 6.74043370863289 3.39356827508297 5.39486231698494 5.04565497976055 5.5101141007418 -0.404930219026519 3.94801726891952 7.66855493017013 5.3865963604208 3.41435177025557 4.43743644655281 7.53844956535417 4.84269078521008 4.3676937106778 3.02243760765095 3.8115776481117 8.14166939251947 6.03320073960006 5.89457953297495 3.40617758227831 1.73136082852001 4.7880655935093 5.34904984173944 5.20690852038797 1.92370620391865
"NAPNS" 3.65994715900348 9.51194572922112 17.1048382938877 11.7496240135359 12.1163621245561 13.2074202443168 5.9135870756793 5.6805261903695 12.4633705455472 11.4106576733734 6.954379710259 11.440753572199 4.36774911632278 7.1852255397694 7.66145659303338 6.27980601077128 9.02515458428481 7.78280816021671 6.84290378172216 -0.292379921230412 4.46324399229576 10.4806729110454 7.04007253197754 4.90215378266358 5.79310733438924 9.92070688675924 5.71379304821539 3.83316522305066 3.6707077928933 4.14357469285298 9.78151968328927 8.04238541589085 7.52048799499606 4.36349290045109 0.0125470637987542 6.08724692778877 7.76453596035217 7.29467379711748 2.01139670230617
"BRPT" 1.52583155240446 3.67188022773999 7.07106399330684 3.81904825536809 3.94919720482472 4.97753998117376 1.89955869580119 2.80990154807305 5.15882948879858 6.72912044594425 3.11615697520495 4.36774911632278 4.68194046661623 3.83304610797019 2.8456748856906 1.31147982900571 2.64664037100466 1.18830901020976 1.10560704321255 -0.446813487764031 1.9243163932972 3.74583524938874 2.30005237683967 2.3257789824204 1.14291016231541 3.99401551074107 2.22731319009527 0.82345559276272 1.34537409374531 1.55004241071922 3.73376952393636 4.28059994163438 2.45752693808791 2.46768523560755 -1.27016717704873 2.81194576397483 1.94943937145973 2.34464284945406 1.38436403013131
"BRAPET" 2.83130801984184 8.55487039767802 13.8994284274094 10.6408667368969 11.2840907736802 10.7270321271791 5.27623697935111 4.77563154480227 9.96298004837158 10.1068090956948 5.38856180730388 7.1852255397694 3.83304610797019 7.60142491376844 5.28208641043883 6.00738946341828 8.11431197151178 6.36758478538771 6.25335375447847 0.989659853012673 3.75206409088918 7.8436914524885 5.08490918642702 4.88473305021272 4.11256488698705 7.92641568404615 4.70389505257577 3.10728969194083 3.1849532485447 3.59970333840227 7.75045191133959 5.64404419067724 5.97753925555014 3.91550867765116 -1.40075160551824 6.08866806760147 5.86052998397496 5.52031881883033 1.45198352286764
"PTFM" 3.34618026548022 9.50426574988745 13.8438226576855 11.2812606651088 11.1667238910908 10.3778171397089 4.3434819170085 5.92416859842267 12.2524123904726 9.84473413514902 6.74043370863289 7.66145659303338 2.8456748856906 5.28208641043883 9.85314914478691 3.80379408375334 5.86213181243424 4.8966970613177 6.45570756513717 -1.24815619417752 3.49401729983953 9.34189094195983 7.06600854977527 3.79178623231442 6.64700284279471 9.33359590931152 6.17739102029102 4.95045561757513 3.45363593863082 4.67894748833314 10.1824505929851 6.31676186291971 6.79506530833054 3.73355118129171 3.43093317927463 5.01115591579418 5.25023786603431 6.67147754403829 2.49208613471113
"PTAPET" 2.34046388120549 7.20066492411088 12.863254501728 10.3002272750458 11.4161172142146 10.8565105951373 5.16655166508087 3.28805145959332 8.75015212671357 8.92966519568695 3.39356827508297 6.27980601077128 1.31147982900571 6.00738946341828 3.80379408375334 8.97729409273439 10.8364735542107 9.45802839373972 8.09707820058508 2.35669086814376 3.08624079090006 7.69065904560548 5.4103321397351 5.07743542928048 3.80176188133647 8.29640894830429 4.52499156897401 3.14530877914244 3.1341223041341 3.56433986841197 7.02824997881754 4.36966022958506 6.41699201762526 2.38988814224007 -2.0765277272349 4.29894322697711 8.37515254293831 5.85516499325694 0.854153582935864
"PTBA" 3.58631657800834 10.1915848821296 18.0500537452958 14.0771641932937 15.2138817408601 15.0032858406972 7.40556114277191 4.89431480537419 12.5976058894787 12.5444921644294 5.39486231698494 9.02515458428481 2.64664037100466 8.11431197151178 5.86213181243424 10.8364735542107 14.623647528168 12.5924024666188 10.6180358327032 2.92013010103121 4.75877884297815 11.4641509754682 7.90253581235533 6.60713120212525 6.03899027060479 12.3029825401663 6.95859652985311 5.0733347373172 5.30782195652415 4.84966010797034 10.5392701301595 6.57710373044749 8.8660594401753 4.34255148183606 -2.08619479104335 6.68048531457795 12.217360879167 8.75126874199252 1.60055600708384
"PTEAM" 3.31508921551566 9.73277836111452 16.0583255267981 13.4483755957537 14.7739221537805 13.4528943663274 6.68319209911068 3.86325215151357 11.2134276629256 10.9305146918576 5.04565497976055 7.78280816021671 1.18830901020976 6.36758478538771 4.8966970613177 9.45802839373972 12.5924024666188 12.9116547152599 10.888179908677 2.66711328272974 4.54841931994829 10.3819808421982 7.52769038144715 5.47849236681859 5.91760471002933 10.1087784917027 6.27882789725914 5.40212883650166 4.39591474303591 4.02786998993145 9.26455239109326 5.42353473587742 8.58890640798988 3.33410385960586 -1.00657876207413 5.30057694311079 12.2539371455083 8.05451624513304 2.02758558527218
"PTZYGO" 3.66549730499574 12.3626986068002 16.9820094683596 15.2054295183598 14.9288332393211 12.6821695242275 6.89957426799567 4.93946657523748 11.8067162020951 11.8807728884136 5.5101141007418 6.84290378172216 1.10560704321255 6.25335375447847 6.45570756513717 8.09707820058508 10.6180358327032 10.888179908677 13.9392477646584 0.854196317377618 4.36795949906838 10.3813063983461 7.08172695984418 5.68239385077944 7.17440971880004 10.415984591421 7.08830765802251 5.37250979421712 3.73861971900732 4.54198581031787 10.8322425869274 5.85533986973544 12.1119584039073 3.45424720802566 -0.402468842769327 5.1807701086148 9.05023574655899 7.1050962291611 2.280714948486
"PTTSP" -0.0162810187852603 0.43516072661512 1.04291431629738 0.972772409627181 2.10052493904078 2.16442834920339 0.495550144396552 -0.416067303337967 0.27155324135251 1.11563032130092 -0.404930219026519 -0.292379921230412 -0.446813487764031 0.989659853012673 -1.24815619417752 2.35669086814376 2.92013010103121 2.66711328272974 0.854196317377618 3.59338905695055 0.711029026058487 0.952717157269629 0.408481351321423 1.22544919689642 -0.556238195465057 0.498580243079385 0.0919250878674483 0.599511301787267 0.804541859090663 0.339873233832302 -0.155429921582119 -0.22537348837487 -1.37165165054103 0.604013185221975 -2.42769738121597 1.48474351639894 2.7178644364679 0.595792952997296 -0.263725885128662
"FMZS" 2.1688442625696 6.38659162733577 9.10494075602287 6.341275651553 7.71945373938257 7.05430011225953 2.6860854192982 2.07103801798609 7.1377833935193 6.16969877976282 3.94801726891952 4.46324399229576 1.9243163932972 3.75206409088918 3.49401729983953 3.08624079090006 4.75877884297815 4.54841931994829 4.36795949906838 0.711029026058487 4.26030366565503 6.20283573063913 4.79698392901135 2.71493470882014 2.85318016116107 5.29082517611835 3.41297135922261 2.68507151347027 2.33245834545716 2.56762739884106 5.5883153790342 3.82340940056027 4.08469792603753 2.07697347959294 0.138327581114121 3.68501821730401 4.76330987764517 3.63115475382887 1.21057008701652
"FMMT" 4.46311113361983 12.9706562665125 20.3714600234635 15.4168529696333 15.8613371741365 15.1303214865214 6.8997241585342 6.08060309328038 14.9402583786107 13.4124929925421 7.66855493017013 10.4806729110454 3.74583524938874 7.8436914524885 9.34189094195983 7.69065904560548 11.4641509754682 10.3819808421982 10.3813063983461 0.952717157269629 6.20283573063913 14.2383853750722 9.38872529067752 6.15615419881193 8.69528840782362 12.9424279001473 8.56207993131221 6.11105091923948 5.36798777061845 5.72077053402553 12.750034068716 8.10186489359115 9.63236934169905 5.50078368987284 0.859287322773545 7.89736372028158 10.9067418852301 9.22051130856227 2.89816863953668
"ZSZI" 3.50750613458456 9.40536693530471 14.1289789956091 11.0596325329413 12.8645959556854 11.3009367906188 5.51009761939374 3.2026104591639 12.323956772939 9.10802543610292 5.3865963604208 7.04007253197754 2.30005237683967 5.08490918642702 7.06600854977527 5.4103321397351 7.90253581235533 7.52769038144715 7.08172695984418 0.408481351321423 4.79698392901135 9.38872529067752 9.45271153172615 4.28932643959414 5.21379283326292 9.23511814175353 5.7815763885096 4.69973259019568 4.0122542676786 4.08655072036867 9.08640830305332 5.01870334954731 6.3718279072159 2.47917321771409 2.74039328909952 4.14017316384079 7.87044828918086 6.40017697443676 1.86515933428745
"ZIMT" 2.27761470700629 6.03120208122255 10.087289189546 7.11841248164693 8.00528461280429 8.07310272632773 3.92062770389838 2.81074651106108 7.15160755584028 7.5251122889136 3.41435177025557 4.90215378266358 2.3257789824204 4.88473305021272 3.79178623231442 5.07743542928048 6.60713120212525 5.47849236681859 5.68239385077944 1.22544919689642 2.71493470882014 6.15615419881193 4.28932643959414 5.0229560402409 3.19387791219849 5.61179500603056 3.15768063651267 2.43402718184354 2.39433645729827 2.51510977437463 5.80022025847494 3.54159132383431 4.80874339718756 2.82609710952374 -0.980375499994938 4.24469810074856 5.27712570083935 3.94084663249859 1.17678553770205
"ZIZYGO" 2.62066617785202 8.94977100181896 13.7048021589151 10.8281346385855 9.43356020494282 8.44232194530752 5.19703942626988 3.24851818706555 7.52725894806283 5.51897301098475 4.43743644655281 5.79310733438924 1.14291016231541 4.11256488698705 6.64700284279471 3.80176188133647 6.03899027060479 5.91760471002933 7.17440971880004 -0.556238195465057 2.85318016116107 8.69528840782362 5.21379283326292 3.19387791219849 11.4258167549354 8.41418884349762 6.17922949315104 5.33031011087986 3.00905648142943 2.19867441935328 7.9342423470923 1.99516275955964 6.72689789211176 4.54242071456051 0.070599871086536 5.63523746259229 6.67439196218882 6.24148251519536 2.81845222183156
"ZITSP" 4.28865268535926 12.478507505841 19.3851524505264 15.2287873012057 14.7734454236354 14.6816100340368 7.18375566364264 6.23004769257676 14.7050579790342 14.1105096398003 7.53844956535417 9.92070688675924 3.99401551074107 7.92641568404615 9.33359590931152 8.29640894830429 12.3029825401663 10.1087784917027 10.415984591421 0.498580243079385 5.29082517611835 12.9424279001473 9.23511814175353 5.61179500603056 8.41418884349762 15.8044956209118 9.20550103745883 5.97974784238167 5.58156732050106 6.34118548172795 12.9905925959254 8.28795556826791 10.4804328216145 4.89957719678228 -0.398111064395748 6.92307156656683 10.4486864946196 9.33990405140183 2.37637005305012
"MTPNS" 2.67485464155379 8.76986936085809 13.2677247800257 11.0692317006594 10.4344620617153 9.19969361147545 4.91644388868195 4.24593415077255 9.40028885662662 8.65614835982519 4.84269078521008 5.71379304821539 2.22731319009527 4.70389505257577 6.17739102029102 4.52499156897401 6.95859652985311 6.27882789725914 7.08830765802251 0.0919250878674483 3.41297135922261 8.56207993131221 5.7815763885096 3.15768063651267 6.17922949315104 9.20550103745883 6.7793905538337 4.07861064943726 3.66555070146068 3.80783525777036 8.17377937123784 4.84457475810088 6.79920262127342 3.12091576931594 0.466957074613536 4.21160660455348 6.34925932610223 5.99518212721295 1.80542798890129
"PNSAPET" 2.11180947670215 6.32069607778251 8.07633192552924 7.53299974676684 8.07867435594939 6.87539669261567 3.44318490275458 3.30379023526524 7.49207714062673 5.52917764065364 4.3676937106778 3.83316522305066 0.82345559276272 3.10728969194083 4.95045561757513 3.14530877914244 5.0733347373172 5.40212883650166 5.37250979421712 0.599511301787267 2.68507151347027 6.11105091923948 4.69973259019568 2.43402718184354 5.33031011087986 5.97974784238167 4.07861064943726 5.8440254764426 2.60848535896805 2.12122173317036 6.13443526900952 2.96364260082746 4.71392186102459 2.87838583697997 1.93298477852903 3.13836425103692 6.15678627772707 4.59580260303251 2.10067635260867
"APETBA" 1.93761164952281 4.77151219377373 8.05127933371149 6.32203628141978 6.59359723370925 6.43293304476953 3.59138762143357 2.42035285936228 6.03505766821199 4.85232702734295 3.02243760765095 3.6707077928933 1.34537409374531 3.1849532485447 3.45363593863082 3.1341223041341 5.30782195652415 4.39591474303591 3.73861971900732 0.804541859090663 2.33245834545716 5.36798777061845 4.0122542676786 2.39433645729827 3.00905648142943 5.58156732050106 3.66555070146068 2.60848535896805 3.19493727694025 2.32892279451345 5.08050782448562 2.96727028969397 3.27921817033997 2.12583279550532 0.500706163881005 3.2346060214985 5.05825063862433 4.20963872409299 0.736047771867994
"APETTS" 2.04308363286477 5.82313230877069 8.19162471435773 6.9110037452012 6.89234017788152 6.99662245120989 2.33267571225729 3.01941508247966 6.93319963356996 7.0139084757111 3.8115776481117 4.14357469285298 1.55004241071922 3.59970333840227 4.67894748833314 3.56433986841197 4.84966010797034 4.02786998993145 4.54198581031787 0.339873233832302 2.56762739884106 5.72077053402553 4.08655072036867 2.51510977437463 2.19867441935328 6.34118548172795 3.80783525777036 2.12122173317036 2.32892279451345 4.18786162194418 5.93549452287678 4.65713409507524 4.27950990891733 1.43136392672081 0.131077783973084 3.02781711117595 3.53169173952924 3.77306329182004 0.584737780024739
"BAEAM" 4.61643599114348 13.0711545192481 19.468592998856 15.4765372946049 15.692228246034 14.8970425389208 6.58612131680971 7.04242101905614 15.5843194402939 13.7498351422881 8.14166939251947 9.78151968328927 3.73376952393636 7.75045191133959 10.1824505929851 7.02824997881754 10.5392701301595 9.26455239109326 10.8322425869274 -0.155429921582119 5.5883153790342 12.750034068716 9.08640830305332 5.80022025847494 7.9342423470923 12.9905925959254 8.17377937123784 6.13443526900952 5.08050782448562 5.93549452287678 13.5862311537794 8.50872913141052 10.6206313493296 4.96105960737453 2.14451997648812 7.0888410271183 9.37761567931657 9.05971405021169 3.09285379742724
"EAMZYGO" 2.97294576802861 8.36853867387134 12.7938301263224 9.44079858917915 9.35801048467666 10.7258615380915 3.03955823032199 5.21093308541445 10.1819993695928 11.0053963742264 6.03320073960006 8.04238541589085 4.28059994163438 5.64404419067724 6.31676186291971 4.36966022958506 6.57710373044749 5.42353473587742 5.85533986973544 -0.22537348837487 3.82340940056027 8.10186489359115 5.01870334954731 3.54159132383431 1.99516275955964 8.28795556826791 4.84457475810088 2.96364260082746 2.96727028969397 4.65713409507524 8.50872913141052 9.36301716248779 6.78731315928191 3.21922104230202 0.243458568565192 4.38679188709135 5.24075717566666 5.16502394477171 1.58977376888198
"ZYGOTSP" 3.56874146793218 11.1958639051725 15.9622428671598 13.2721946388314 12.5030157163469 11.226581281781 6.24404981689289 5.30072228044216 11.3767900782043 11.5411435221443 5.89457953297495 7.52048799499606 2.45752693808791 5.97753925555014 6.79506530833054 6.41699201762526 8.8660594401753 8.58890640798988 12.1119584039073 -1.37165165054103 4.08469792603753 9.63236934169905 6.3718279072159 4.80874339718756 6.72689789211176 10.4804328216145 6.79920262127342 4.71392186102459 3.27921817033997 4.27950990891733 10.6206313493296 6.78731315928191 12.5452207936202 3.32576293660567 0.0920791322322035 4.29472012349078 7.19945955056691 6.59983079061297 2.36396505219986
"LDAS" 1.63754991155961 5.09901442876545 8.2445106814044 5.97460114144047 5.29484241336126 5.61794370664284 3.05526808262743 2.96779822430115 5.14191780797572 5.12765592043783 3.40617758227831 4.36349290045109 2.46768523560755 3.91550867765116 3.73355118129171 2.38988814224007 4.34255148183606 3.33410385960586 3.45424720802566 0.604013185221975 2.07697347959294 5.50078368987284 2.47917321771409 2.82609710952374 4.54242071456051 4.89957719678228 3.12091576931594 2.87838583697997 2.12583279550532 1.43136392672081 4.96105960737453 3.21922104230202 3.32576293660567 4.96501322402587 -0.609211474017571 5.84779962150468 4.03158028424755 3.47154405751446 1.35089423530871
"BRLD" 0.730858370675499 0.968604106388835 -0.891678833496004 1.62822333261493 1.64620683565991 -0.637333409488555 0.175907372265321 1.90627359141492 3.82748386738437 -1.66279619005585 1.73136082852001 0.0125470637987542 -1.27016717704873 -1.40075160551824 3.43093317927463 -2.0765277272349 -2.08619479104335 -1.00657876207413 -0.402468842769327 -2.42769738121597 0.138327581114121 0.859287322773545 2.74039328909952 -0.980375499994938 0.070599871086536 -0.398111064395748 0.466957074613536 1.93298477852903 0.500706163881005 0.131077783973084 2.14451997648812 0.243458568565192 0.0920791322322035 -0.609211474017571 11.2334418839429 -2.41463803071247 -0.097275264951269 0.318641790428659 0.880197808548854
"OPILD" 2.66468750088244 8.23536133002901 12.5657391598945 9.16337822884247 8.90111504947631 9.15670822186183 4.5277081519422 3.58300995292369 7.70265138035058 7.30403578391767 4.7880655935093 6.08724692778877 2.81194576397483 6.08866806760147 5.01115591579418 4.29894322697711 6.68048531457795 5.30057694311079 5.1807701086148 1.48474351639894 3.68501821730401 7.89736372028158 4.14017316384079 4.24469810074856 5.63523746259229 6.92307156656683 4.21160660455348 3.13836425103692 3.2346060214985 3.02781711117595 7.0888410271183 4.38679188709135 4.29472012349078 5.84779962150468 -2.41463803071247 9.47252727230176 5.7278400619484 5.3470485306308 0.99973934101303
"PTAS" 3.50991352695363 8.91307552334752 15.6567699862265 12.2331093491341 13.7656679752329 13.2341839418268 6.49135974212751 3.92249112622811 11.3196071539262 10.103715990998 5.34904984173944 7.76453596035217 1.94943937145973 5.86052998397496 5.25023786603431 8.37515254293831 12.217360879167 12.2539371455083 9.05023574655899 2.7178644364679 4.76330987764517 10.9067418852301 7.87044828918086 5.27712570083935 6.67439196218882 10.4486864946196 6.34925932610223 6.15678627772707 5.05825063862433 3.53169173952924 9.37761567931657 5.24075717566666 7.19945955056691 4.03158028424755 -0.097275264951269 5.7278400619484 13.5749495766252 8.79303927949902 2.63249501625509
"JPAS" 3.17759188976396 8.14000305813584 14.0334300588458 10.9613506957392 11.3070544293777 10.9651546438705 5.55256809446409 4.53443804482385 10.3414426058975 9.10286782325391 5.20690852038797 7.29467379711748 2.34464284945406 5.52031881883033 6.67147754403829 5.85516499325694 8.75126874199252 8.05451624513304 7.1050962291611 0.595792952997296 3.63115475382887 9.22051130856227 6.40017697443676 3.94084663249859 6.24148251519536 9.33990405140183 5.99518212721295 4.59580260303251 4.20963872409299 3.77306329182004 9.05971405021169 5.16502394477171 6.59983079061297 3.47154405751446 0.318641790428659 5.3470485306308 8.79303927949902 8.09838436759195 2.24923637027257
"BAOPI" 0.941847631367374 2.75886000505034 4.43200282143481 3.31156079047907 3.56916828114726 2.93890356847171 1.0805824383148 1.68606416563769 3.33385447553112 3.37262064509379 1.92370620391865 2.01139670230617 1.38436403013131 1.45198352286764 2.49208613471113 0.854153582935864 1.60055600708384 2.02758558527218 2.280714948486 -0.263725885128662 1.21057008701652 2.89816863953668 1.86515933428745 1.17678553770205 2.81845222183156 2.37637005305012 1.80542798890129 2.10067635260867 0.736047771867994 0.584737780024739 3.09285379742724 1.58977376888198 2.36396505219986 1.35089423530871 0.880197808548854 0.99973934101303 2.63249501625509 2.24923637027257 2.24975873028497
