"" "ISPM" "ISNSL" "ISPNS" "PMZS" "PMZI" "PMMT" "NSLNA" "NSLZS" "NSLZI" "NABR" "NAFM" "NAPNS" "BRPT" "BRAPET" "PTFM" "PTAPET" "PTBA" "PTEAM" "PTZYGO" "PTTSP" "FMZS" "FMMT" "ZSZI" "ZIMT" "ZIZYGO" "ZITSP" "MTPNS" "PNSAPET" "APETBA" "APETTS" "BAEAM" "EAMZYGO" "ZYGOTSP" "LDAS" "BRLD" "OPILD" "PTAS" "JPAS" "BAOPI"
"ISPM" 1.89417387312039 4.31217930570625 6.30624819811836 4.69839748450085 4.80386146379927 4.82118332050695 2.38126483321953 2.22144977358382 4.96138494436663 4.17062593454971 2.74099571055831 3.23896185305605 1.32493284598865 2.27277575203233 2.8698868004276 1.86342391426309 3.00836430004625 2.9827204798984 3.25480670447629 0.112869593696449 1.66700480146936 3.94352682919637 2.96457532304603 2.02550802293398 2.36001376999145 3.68670737308178 2.23491663522871 1.76124837920693 1.69525914016963 1.79638442076905 3.97296551505206 2.67603607027502 3.16978929322567 1.38081245715781 0.500020543711238 2.17102560935965 3.14655686682367 2.70612040499502 0.832264197581343
"ISNSL" 4.31217930570625 14.7989091755436 18.9265312997841 16.0828660185953 15.4216836454347 13.8924843731624 6.14256085711239 6.05171509101393 13.5552731053815 12.2983645044152 7.34904935969136 8.3549534912934 2.94070277905908 6.58015819051005 8.0954225548518 5.72539931452641 8.59019779678867 8.66271438494775 10.5506330999322 0.672938232446624 5.03924973474344 11.1942658480571 7.95441705369371 5.09605072509326 7.4176889749345 10.9419152349444 7.26187832053264 5.34667974001768 4.29675295349072 5.25178732278737 11.3225882347599 7.6268066567947 9.53978946548417 3.46015073865121 1.09450567907801 5.80516905592663 8.23456087406563 7.0567026953738 2.29483883824208
"ISPNS" 6.30624819811836 18.9265312997841 31.3265411466253 23.5528797921045 23.2925265039862 22.2439896756392 11.2315908510135 9.2262908192066 19.9552300546103 18.5457167062551 10.7199891797295 14.740478094365 6.0934204241626 11.0673999725481 11.2148326576894 10.4286837108268 15.5023217269408 14.5073714021055 14.4123662390148 1.32921148842894 7.43763055503209 17.3359863285939 11.5696627510171 8.22490182633346 11.4963133828664 17.0028566212596 11.2397242933758 6.57387726359158 7.36543107450479 7.30563638937883 16.6484220260019 11.6108888807162 13.5005471881169 5.84515668994876 -0.108988801621492 9.10228212570949 14.2621659062331 11.840056685126 3.62928679296906
"PMZS" 4.69839748450085 16.0828660185953 23.5528797921045 21.0958370021364 19.8402920380849 17.4346711099665 9.46521324473488 7.91733373457647 16.2770590626334 14.9137154584815 8.54483265229713 10.421970456011 3.13547008631678 8.43073276537623 9.80594684304798 8.62534133519313 12.2054523618413 12.2126661620438 13.3596639190113 1.36812272680426 5.12526074007957 13.5758698672356 9.41172724972742 5.88861861547481 9.30447129334955 13.8416961859462 9.36671376348066 6.36257681023883 5.74795627487416 6.36712735983169 13.5407774724028 8.63818582026997 11.6688354784979 3.9544990862618 2.10984636631156 6.24533946667809 11.4083539639698 9.69781225165361 2.8545633876431
"PMZI" 4.80386146379927 15.4216836454347 23.2925265039862 19.8402920380849 21.8023094562044 18.2805325124244 8.94299818122907 7.42170143998463 18.0990965702495 15.3862968339568 8.94636602584249 10.2074242173865 3.23528350712707 9.33746092911869 9.21140423449366 9.99580360424899 13.0899001868083 12.8387604983222 13.134035222347 2.0940894190964 6.60942924601109 13.419411410706 10.9237420534575 6.48343598651145 8.22936256434207 13.2374777041632 8.98723533115718 6.62760874431631 5.56218626145322 5.98525617540266 13.4263780191989 7.59464688823609 10.9099999867385 3.80658259868514 1.8593399454968 7.07555543953128 12.021542932332 9.79991767420274 2.72078533428197
"PMMT" 4.82118332050695 13.8924843731624 22.2439896756392 17.4346711099665 18.2805325124244 18.6279381439466 7.97613846809638 7.09932282213366 16.1538951057107 14.6515876266884 8.39241842847495 11.3228402834201 3.94124255862098 8.50945593214172 8.89703505553579 9.043818572652 12.6261671262899 11.6682978110292 10.9697323451379 2.08407940144013 5.625903384245 12.9694939948065 9.53731338063414 6.67912485231701 7.09347794431631 12.8815603386232 7.73233477481455 5.68783239433481 5.58172740735959 6.23184272398956 12.8248534391428 9.42938577954261 9.77936932162257 3.64118763342962 0.295850848263481 6.46695285330703 11.6250769897517 9.48747781646901 2.43412611182722
"NSLNA" 2.38126483321953 6.14256085711239 11.2315908510135 9.46521324473488 8.94299818122907 7.97613846809638 6.94240428967957 3.37542561302308 7.29541219471537 5.77540453862401 3.63592677702875 5.26614789424259 1.5708039151966 4.17822260489774 3.87111327604668 4.20264621180508 6.25361440618532 5.99699522510517 6.09612005670998 0.613552446186613 2.05496023284129 6.10010219595834 4.63930796554385 3.29918431438712 4.51299703579579 6.39937267755303 4.15067823600488 2.88033302932834 3.18823900172392 2.23348682134727 5.78853172049108 3.02025932639813 5.56224892465534 2.20282547194382 0.439051348359743 3.22908561836984 5.87549415888618 4.81108928832091 0.98685684329713
"NSLZS" 2.22144977358382 6.05171509101393 9.2262908192066 7.91733373457647 7.42170143998463 7.09932282213366 3.37542561302308 6.0795712498009 8.370307356878 7.20141013354216 4.98916081829864 5.17067155947642 2.19383689791564 3.7419276278176 5.21709422060744 2.75283355054312 4.28471041781244 3.87415431167296 4.71880945852881 -0.152240802489335 1.55368883512943 5.42624698397549 2.81333806995655 2.30704224931729 2.98335871483005 5.88659191709685 3.73469872055819 2.76401229913861 2.30706379473059 2.8964511951124 6.29877058551531 4.8878575992079 5.00051800391661 1.90160411948556 2.17514114643358 2.2278486579674 3.93139151397089 4.07822328454081 1.41642061462407
"NSLZI" 4.96138494436663 13.5552731053815 19.9552300546103 16.2770590626334 18.0990965702495 16.1538951057107 7.29541219471537 8.370307356878 18.7136793344262 15.2626760037786 9.4315036626991 10.6716726243499 4.09017051607905 8.29047251806647 10.4871684332826 7.87081696305282 10.8569085867193 10.025615126619 11.1149745969104 0.585542112837916 5.99361441685153 12.9342626216586 10.7259151221339 5.97097742918278 7.06974320495266 13.3257591267629 8.24573533185154 6.2564847310677 5.04670435387311 6.11599642042169 13.5590017396914 8.22278661417128 10.5033921762836 3.92107499475954 3.52175711232304 6.39013275122869 10.0550371737564 9.20894777517803 2.56121268688532
"NABR" 4.17062593454971 12.2983645044152 18.5457167062551 14.9137154584815 15.3862968339568 14.6515876266884 5.77540453862401 7.20141013354216 15.2626760037786 19.7096876277914 8.50155629710041 10.3250528904242 6.07155339526225 8.67440081868712 8.69711885453803 8.3200726437169 11.8680913773959 11.0744802279304 11.8021594508661 2.10468288750975 5.63722844687645 12.8043307410509 8.33777628698624 6.43926517516255 6.2477472919284 13.8658753790706 7.8626162117638 4.9931768643601 4.63940258127728 6.4693084392781 12.4866346917089 9.1073045943075 10.8956640180674 4.43466528571823 -1.59484869939543 6.19872051296308 10.4594910223452 8.68576499790432 2.97080948333448
"NAFM" 2.74099571055831 7.34904935969136 10.7199891797295 8.54483265229713 8.94636602584249 8.39241842847495 3.63592677702875 4.98916081829864 9.4315036626991 8.50155629710041 6.3580016533923 6.10570549401335 2.69361469291148 4.6010701501218 5.52749872088504 3.32454646822614 5.12508360550037 5.10794355565238 5.50004099612202 0.142691478165103 3.47803194768526 6.72354346348303 4.71437828880706 2.7918550816559 4.20068257799541 7.2704257097234 4.35420606616858 3.63015434591063 2.71903001544491 3.40595507197416 7.19194471600944 5.10226593883616 5.50948677623725 2.68056790183973 1.63775568894487 3.90843980860436 5.30649850584701 4.63451897082683 1.49888041317049
"NAPNS" 3.23896185305605 8.3549534912934 14.740478094365 10.421970456011 10.2074242173865 11.3228402834201 5.26614789424259 5.17067155947642 10.6716726243499 10.3250528904242 6.10570549401335 10.0415022956725 3.72421822504154 5.69672489080165 6.66571552721969 5.11937385452324 7.89754684240025 7.46309426674965 6.44384235460921 0.23935583809965 3.56739619059953 9.41663038279096 6.02054026930129 4.17659016423006 5.29996326160814 9.1306902752814 4.9427390590972 3.34393202482232 3.51638038451905 3.9116562784826 8.6989084391511 7.33358007295603 6.85055091451017 3.289217368095 0.17169714656336 4.37717510594439 7.54535089375036 6.43749970545226 1.80976526750015
"BRPT" 1.32493284598865 2.94070277905908 6.0934204241626 3.13547008631678 3.23528350712707 3.94124255862098 1.5708039151966 2.19383689791564 4.09017051607905 6.07155339526225 2.69361469291148 3.72421822504154 4.29257420265608 3.25544401009207 1.95480540044365 1.11121586957669 2.64802442531676 1.578017455131 1.00963645852942 -0.0806727491050973 1.83023053553096 3.41612392670261 1.86877164734407 2.00283918175237 1.27764721655671 3.54307693831711 2.01090456593044 0.662119342200142 1.40609929866096 1.31318894866067 3.18613999758177 3.56935955734393 1.95575575439076 2.28895846346482 -1.54393115533178 2.61659296423303 2.17089791173345 1.96030277540781 1.13621230882085
"BRAPET" 2.27277575203233 6.58015819051005 11.0673999725481 8.43073276537623 9.33746092911869 8.50945593214172 4.17822260489774 3.7419276278176 8.29047251806647 8.67440081868712 4.6010701501218 5.69672489080165 3.25544401009207 6.78069408794534 4.12200625665622 5.84584163451942 7.12332447505228 5.37566094569979 5.65237354691547 1.21399017877699 3.41156995759756 6.3537846557337 4.30886941104469 3.91346268710665 3.68103599917775 6.85045098904342 3.93593690635702 2.40819613405801 2.30799128444921 2.73864046272329 6.19153630649119 3.97319830292962 5.17027557332015 3.52554509145173 -1.00508103890303 5.65888643061701 4.77765570322445 4.57358867738966 1.15324734484311
"PTFM" 2.8698868004276 8.0954225548518 11.2148326576894 9.80594684304798 9.21140423449366 8.89703505553579 3.87111327604668 5.21709422060744 10.4871684332826 8.69711885453803 5.52749872088504 6.66571552721969 1.95480540044365 4.12200625665622 9.234762299381 3.23848199902121 4.78171279353248 4.27583525939994 6.10437647106281 -0.835264902095953 2.51690065457633 8.45275712486174 6.1790683166585 3.23522487522185 5.97942138058747 8.22227239932787 5.11299065698063 4.34063051684941 2.89004437827496 4.26685779507894 8.77687762732405 5.31488833452623 6.44982901822823 2.7242257866241 3.28749218148986 3.43121957227726 4.64453257054948 6.16672076991595 2.34076097930707
"PTAPET" 1.86342391426309 5.72539931452641 10.4286837108268 8.62534133519313 9.99580360424899 9.043818572652 4.20264621180508 2.75283355054312 7.87081696305282 8.3200726437169 3.32454646822614 5.11937385452324 1.11121586957669 5.84584163451942 3.23848199902121 9.12629202786308 9.85148884490954 8.20752692107678 7.87206817794591 2.74945313700259 3.06937075048908 6.48710064747608 4.93797947879938 4.06602804247793 3.64984917970775 7.90361171203508 3.91363971590771 2.49568293724438 2.13689528251315 2.84694649650106 5.87446620798432 2.82472022677916 6.06764495353296 2.02828500153204 -0.911636109075668 4.14087550300249 7.12997019543662 5.23437376861222 0.716733999953342
"PTBA" 3.00836430004625 8.59019779678867 15.5023217269408 12.2054523618413 13.0899001868083 12.6261671262899 6.25361440618532 4.28471041781244 10.8569085867193 11.8680913773959 5.12508360550037 7.89754684240025 2.64802442531676 7.12332447505228 4.78171279353248 9.85148884490954 13.2259958268894 11.7046959598936 9.87675050380333 3.31620705821442 4.43183387729716 10.1697304285255 6.83057747604107 5.37917481933143 5.73736865396692 11.616317020828 6.14122711210518 4.22738897182039 4.69167432996426 4.30035521270761 9.20433766854418 5.51582677672258 7.98728672244317 3.50046305530737 -1.41128429939376 5.47779206863651 11.357111702478 7.70966010506455 1.40334948454588
"PTEAM" 2.9827204798984 8.66271438494775 14.5073714021055 12.2126661620438 12.8387604983222 11.6682978110292 5.99699522510517 3.87415431167296 10.025615126619 11.0744802279304 5.10794355565238 7.46309426674965 1.578017455131 5.37566094569979 4.27583525939994 8.20752692107678 11.7046959598936 12.7578889800197 10.5704259801599 3.13563828127788 4.14476403190477 9.83281368642836 6.60372907684163 4.52491015589922 6.08550328853121 10.4632983852643 5.88511561941608 4.7182560773548 4.49127840451236 4.05781542642721 8.74204657302843 5.27886966408383 8.19643131887007 2.67084085495752 -0.722314357635438 3.94811661404317 12.2559997925277 7.38805864853989 1.79297543727417
"PTZYGO" 3.25480670447629 10.5506330999322 14.4123662390148 13.3596639190113 13.134035222347 10.9697323451379 6.09612005670998 4.71880945852881 11.1149745969104 11.8021594508661 5.50004099612202 6.44384235460921 1.00963645852942 5.65237354691547 6.10437647106281 7.87206817794591 9.87675050380333 10.5704259801599 13.7849306096292 1.56602737512927 4.01395825693449 9.72863161836465 6.72098913452416 4.73442663695586 7.46735572023355 10.7832115700034 6.60050693566458 4.7493581510553 3.31506322687162 4.33178537394386 9.99434940326463 4.64905790764079 11.7200274931604 3.05810637996705 0.0320011421589193 4.64598083594663 8.95819814583325 6.910732286117 1.88437347972184
"PTTSP" 0.112869593696449 0.672938232446624 1.32921148842894 1.36812272680426 2.0940894190964 2.08407940144013 0.613552446186613 -0.152240802489335 0.585542112837916 2.10468288750975 0.142691478165103 0.23935583809965 -0.0806727491050973 1.21399017877699 -0.835264902095953 2.74945313700259 3.31620705821442 3.13563828127788 1.56602737512927 3.83417535934598 0.816374745451753 1.3392231753802 0.630779361515526 1.12190312556738 -0.130119002313383 1.46889068844635 0.0711179441971458 0.644910404808142 0.770921582660745 0.462226079048417 0.21197659374289 0.192714688653128 -0.607808622754352 0.56667433200846 -1.7425173388758 1.10340972768216 3.24230296408411 0.78281034366596 0.0699280080530025
"FMZS" 1.66700480146936 5.03924973474344 7.43763055503209 5.12526074007957 6.60942924601109 5.625903384245 2.05496023284129 1.55368883512943 5.99361441685153 5.63722844687645 3.47803194768526 3.56739619059953 1.83023053553096 3.41156995759756 2.51690065457633 3.06937075048908 4.43183387729716 4.14476403190477 4.01395825693449 0.816374745451753 3.95597242915142 5.17650777524242 4.07434053528064 2.11575525355059 2.77197634930908 4.87069814765335 3.12781135933443 2.16799754322408 1.93846274875721 2.06729055519739 4.68626793866059 2.5844243586239 3.49736957596487 1.93338517761586 -0.108615890165124 3.59621591015618 4.22162413053215 3.1435151044912 0.802392171586071
"FMMT" 3.94352682919637 11.1942658480571 17.3359863285939 13.5758698672356 13.419411410706 12.9694939948065 6.10010219595834 5.42624698397549 12.9342626216586 12.8043307410509 6.72354346348303 9.41663038279096 3.41612392670261 6.3537846557337 8.45275712486174 6.48710064747608 10.1697304285255 9.83281368642836 9.72863161836465 1.3392231753802 5.17650777524242 13.2534400349114 8.31410203911497 5.41476837287863 8.35025037059618 11.9609461563761 7.57204799504925 5.35921283848235 5.03515616428717 5.40575454400025 11.4693319207111 7.00190807183653 8.95292296318168 4.35975094227717 0.501979516084097 6.20014548934711 10.3636247804497 8.59468726517609 2.59321343565955
"ZSZI" 2.96457532304603 7.95441705369371 11.5696627510171 9.41172724972742 10.9237420534575 9.53731338063414 4.63930796554385 2.81333806995655 10.7259151221339 8.33777628698624 4.71437828880706 6.02054026930129 1.86877164734407 4.30886941104469 6.1790683166585 4.93797947879938 6.83057747604107 6.60372907684163 6.72098913452416 0.630779361515526 4.07434053528064 8.31410203911497 8.24716894980651 3.72009223964316 4.9385015216218 8.3106525701129 5.03827309569086 4.00759167518661 3.28430064312236 3.59985085949894 7.95494968085115 3.83444791069463 5.94561639100246 2.03247619108585 2.17122370199452 3.70412558346078 6.89538321982789 5.81185904395211 1.47220051998433
"ZIMT" 2.02550802293398 5.09605072509326 8.22490182633346 5.88861861547481 6.48343598651145 6.67912485231701 3.29918431438712 2.30704224931729 5.97097742918278 6.43926517516255 2.7918550816559 4.17659016423006 2.00283918175237 3.91346268710665 3.23522487522185 4.06602804247793 5.37917481933143 4.52491015589922 4.73442663695586 1.12190312556738 2.11575525355059 5.41476837287863 3.72009223964316 4.424079005851 2.77420796116617 4.553929916246 2.54192101686728 2.05312430487248 1.97879924945558 2.13632135409278 4.92613973743643 2.99682057405482 4.03947208703618 2.37053674655303 -1.15405019163569 3.64701965778464 4.44507058871004 3.36440817736176 1.01717600827878
"ZIZYGO" 2.36001376999145 7.4176889749345 11.4963133828664 9.30447129334955 8.22936256434207 7.09347794431631 4.51299703579579 2.98335871483005 7.06974320495266 6.2477472919284 4.20068257799541 5.29996326160814 1.27764721655671 3.68103599917775 5.97942138058747 3.64984917970775 5.73736865396692 6.08550328853121 7.46735572023355 -0.130119002313383 2.77197634930908 8.35025037059618 4.9385015216218 2.77420796116617 10.8889570841412 8.32869303754497 5.93531024349606 4.61592903097925 2.88310456866975 2.31690508386019 7.41038432386398 1.25659326780381 6.79157657052292 4.15936338572487 -0.326671919760232 5.31616518165381 6.53607311225286 6.06298711043667 2.23280641563572
"ZITSP" 3.68670737308178 10.9419152349444 17.0028566212596 13.8416961859462 13.2374777041632 12.8815603386232 6.39937267755303 5.88659191709685 13.3257591267629 13.8658753790706 7.2704257097234 9.1306902752814 3.54307693831711 6.85045098904342 8.22227239932787 7.90361171203508 11.616317020828 10.4632983852643 10.7832115700034 1.46889068844635 4.87069814765335 11.9609461563761 8.3106525701129 4.553929916246 8.32869303754497 15.4899846237348 8.39165384346869 5.25084284589792 5.20482579264969 5.9849381371389 11.9014230356539 7.13990814545322 10.2074360313029 3.7710571095375 0.259016826027132 5.34646689672164 10.7139241338258 8.76742170159009 2.00831448927928
"MTPNS" 2.23491663522871 7.26187832053264 11.2397242933758 9.36671376348066 8.98723533115718 7.73233477481455 4.15067823600488 3.73469872055819 8.24573533185154 7.8626162117638 4.35420606616858 4.9427390590972 2.01090456593044 3.93593690635702 5.11299065698063 3.91363971590771 6.14122711210518 5.88511561941608 6.60050693566458 0.0711179441971458 3.12781135933443 7.57204799504925 5.03827309569086 2.54192101686728 5.93531024349606 8.39165384346869 6.23037967482202 3.38350200034989 3.34781989105717 3.44293486435958 7.27329561518758 3.71074123956457 6.22273949274129 2.53115414423773 0.320541232227272 3.72909010947676 5.81458865686465 5.44443560436348 1.24345662170492
"PNSAPET" 1.76124837920693 5.34667974001768 6.57387726359158 6.36257681023883 6.62760874431631 5.68783239433481 2.88033302932834 2.76401229913861 6.2564847310677 4.9931768643601 3.63015434591063 3.34393202482232 0.662119342200142 2.40819613405801 4.34063051684941 2.49568293724438 4.22738897182039 4.7182560773548 4.7493581510553 0.644910404808142 2.16799754322408 5.35921283848235 4.00759167518661 2.05312430487248 4.61592903097925 5.25084284589792 3.38350200034989 4.93422584944349 2.2584592190257 1.92985285579889 5.26405807319435 2.50775135560993 4.11281543428683 2.37491562879246 1.39579673925441 2.42338912928845 5.42056650095503 3.99229172399356 1.77815143432612
"APETBA" 1.69525914016963 4.29675295349072 7.36543107450479 5.74795627487416 5.56218626145322 5.58172740735959 3.18823900172392 2.30706379473059 5.04670435387311 4.63940258127728 2.71903001544491 3.51638038451905 1.40609929866096 2.30799128444921 2.89004437827496 2.13689528251315 4.69167432996426 4.49127840451236 3.31506322687162 0.770921582660745 1.93846274875721 5.03515616428717 3.28430064312236 1.97879924945558 2.88310456866975 5.20482579264969 3.34781989105717 2.2584592190257 3.2576580478541 2.3399402119837 4.6858116655211 3.08557929901463 2.91869503186175 1.48300939631949 0.291760750427374 2.07391313236327 5.10718575025429 3.74637792456018 0.651066430780396
"APETTS" 1.79638442076905 5.25178732278737 7.30563638937883 6.36712735983169 5.98525617540266 6.23184272398956 2.23348682134727 2.8964511951124 6.11599642042169 6.4693084392781 3.40595507197416 3.9116562784826 1.31318894866067 2.73864046272329 4.26685779507894 2.84694649650106 4.30035521270761 4.05781542642721 4.33178537394386 0.462226079048417 2.06729055519739 5.40575454400025 3.59985085949894 2.13632135409278 2.31690508386019 5.9849381371389 3.44293486435958 1.92985285579889 2.3399402119837 3.88266204348566 5.4747222355708 4.26611498996713 4.07829475211069 0.806755233655537 0.327444498712943 1.91638609339205 3.74036874685917 3.61269496711979 0.556492391517341
"BAEAM" 3.97296551505206 11.3225882347599 16.6484220260019 13.5407774724028 13.4263780191989 12.8248534391428 5.78853172049108 6.29877058551531 13.5590017396914 12.4866346917089 7.19194471600944 8.6989084391511 3.18613999758177 6.19153630649119 8.77687762732405 5.87446620798432 9.20433766854418 8.74204657302843 9.99434940326463 0.21197659374289 4.68626793866059 11.4693319207111 7.95494968085115 4.92613973743643 7.41038432386398 11.9014230356539 7.27329561518758 5.26405807319435 4.6858116655211 5.4747222355708 12.0600333347088 7.31771128871897 9.62564761129212 3.74092520992648 1.77682448022931 5.51029412488758 8.90351449902996 8.18172017861286 2.47500535246329
"EAMZYGO" 2.67603607027502 7.6268066567947 11.6108888807162 8.63818582026997 7.59464688823609 9.42938577954261 3.02025932639813 4.8878575992079 8.22278661417128 9.1073045943075 5.10226593883616 7.33358007295603 3.56935955734393 3.97319830292962 5.31488833452623 2.82472022677916 5.51582677672258 5.27886966408383 4.64905790764079 0.192714688653128 2.5844243586239 7.00190807183653 3.83444791069463 2.99682057405482 1.25659326780381 7.13990814545322 3.71074123956457 2.50775135560993 3.08557929901463 4.26611498996713 7.31771128871897 9.38506330780348 5.51998572456468 1.82191063528405 0.707169452839978 1.89001818779722 5.39809542857288 4.15163112114369 1.63667839477759
"ZYGOTSP" 3.16978929322567 9.53978946548417 13.5005471881169 11.6688354784979 10.9099999867385 9.77936932162257 5.56224892465534 5.00051800391661 10.5033921762836 10.8956640180674 5.50948677623725 6.85055091451017 1.95575575439076 5.17027557332015 6.44982901822823 6.06764495353296 7.98728672244317 8.19643131887007 11.7200274931604 -0.607808622754352 3.49736957596487 8.95292296318168 5.94561639100246 4.03947208703618 6.79157657052292 10.2074360313029 6.22273949274129 4.11281543428683 2.91869503186175 4.07829475211069 9.62564761129212 5.51998572456468 11.7795423861314 2.69123186448355 0.569936640293497 3.60263388027014 6.95571204319344 6.37104591255799 1.9748472252113
"LDAS" 1.38081245715781 3.46015073865121 5.84515668994876 3.9544990862618 3.80658259868514 3.64118763342962 2.20282547194382 1.90160411948556 3.92107499475954 4.43466528571823 2.68056790183973 3.289217368095 2.28895846346482 3.52554509145173 2.7242257866241 2.02828500153204 3.50046305530737 2.67084085495752 3.05810637996705 0.56667433200846 1.93338517761586 4.35975094227717 2.03247619108585 2.37053674655303 4.15936338572487 3.7710571095375 2.53115414423773 2.37491562879246 1.48300939631949 0.806755233655537 3.74092520992648 1.82191063528405 2.69123186448355 5.28291623799644 -1.66459921728021 6.15431544251249 3.07726285947544 2.57446143602412 1.04672480382596
"BRLD" 0.500020543711238 1.09450567907801 -0.108988801621492 2.10984636631156 1.8593399454968 0.295850848263481 0.439051348359743 2.17514114643358 3.52175711232304 -1.59484869939543 1.63775568894487 0.17169714656336 -1.54393115533178 -1.00508103890303 3.28749218148986 -0.911636109075668 -1.41128429939376 -0.722314357635438 0.0320011421589193 -1.7425173388758 -0.108615890165124 0.501979516084097 2.17122370199452 -1.15405019163569 -0.326671919760232 0.259016826027132 0.320541232227272 1.39579673925441 0.291760750427374 0.327444498712943 1.77682448022931 0.707169452839978 0.569936640293497 -1.66459921728021 11.0552578304061 -3.33548059669249 -0.061573540080727 0.491882301920414 0.876595953746737
"OPILD" 2.17102560935965 5.80516905592663 9.10228212570949 6.24533946667809 7.07555543953128 6.46695285330703 3.22908561836984 2.2278486579674 6.39013275122869 6.19872051296308 3.90843980860436 4.37717510594439 2.61659296423303 5.65888643061701 3.43121957227726 4.14087550300249 5.47779206863651 3.94811661404317 4.64598083594663 1.10340972768216 3.59621591015618 6.20014548934711 3.70412558346078 3.64701965778464 5.31616518165381 5.34646689672164 3.72909010947676 2.42338912928845 2.07391313236327 1.91638609339205 5.51029412488758 1.89001818779722 3.60263388027014 6.15431544251249 -3.33548059669249 10.1411240676302 3.98173647749366 4.22361480148698 0.389262809322054
"PTAS" 3.14655686682367 8.23456087406563 14.2621659062331 11.4083539639698 12.021542932332 11.6250769897517 5.87549415888618 3.93139151397089 10.0550371737564 10.4594910223452 5.30649850584701 7.54535089375036 2.17089791173345 4.77765570322445 4.64453257054948 7.12997019543662 11.357111702478 12.2559997925277 8.95819814583325 3.24230296408411 4.22162413053215 10.3636247804497 6.89538321982789 4.44507058871004 6.53607311225286 10.7139241338258 5.81458865686465 5.42056650095503 5.10718575025429 3.74036874685917 8.90351449902996 5.39809542857288 6.95571204319344 3.07726285947544 -0.061573540080727 3.98173647749366 13.4852347716944 7.99494818681662 2.35127110663354
"JPAS" 2.70612040499502 7.0567026953738 11.840056685126 9.69781225165361 9.79991767420274 9.48747781646901 4.81108928832091 4.07822328454081 9.20894777517803 8.68576499790432 4.63451897082683 6.43749970545226 1.96030277540781 4.57358867738966 6.16672076991595 5.23437376861222 7.70966010506455 7.38805864853989 6.910732286117 0.78281034366596 3.1435151044912 8.59468726517609 5.81185904395211 3.36440817736176 6.06298711043667 8.76742170159009 5.44443560436348 3.99229172399356 3.74637792456018 3.61269496711979 8.18172017861286 4.15163112114369 6.37104591255799 2.57446143602412 0.491882301920414 4.22361480148698 7.99494818681662 7.5086311630208 1.88291559793163
"BAOPI" 0.832264197581343 2.29483883824208 3.62928679296906 2.8545633876431 2.72078533428197 2.43412611182722 0.98685684329713 1.41642061462407 2.56121268688532 2.97080948333448 1.49888041317049 1.80976526750015 1.13621230882085 1.15324734484311 2.34076097930707 0.716733999953342 1.40334948454588 1.79297543727417 1.88437347972184 0.0699280080530025 0.802392171586071 2.59321343565955 1.47220051998433 1.01717600827878 2.23280641563572 2.00831448927928 1.24345662170492 1.77815143432612 0.651066430780396 0.556492391517341 2.47500535246329 1.63667839477759 1.9748472252113 1.04672480382596 0.876595953746737 0.389262809322054 2.35127110663354 1.88291559793163 2.11720174390332
