"" "ISPM" "ISNSL" "ISPNS" "PMZS" "PMZI" "PMMT" "NSLNA" "NSLZS" "NSLZI" "NABR" "NAFM" "NAPNS" "BRPT" "BRAPET" "PTFM" "PTAPET" "PTBA" "PTEAM" "PTZYGO" "PTTSP" "FMZS" "FMMT" "ZSZI" "ZIMT" "ZIZYGO" "ZITSP" "MTPNS" "PNSAPET" "APETBA" "APETTS" "BAEAM" "EAMZYGO" "ZYGOTSP" "LDAS" "BRLD" "OPILD" "PTAS" "JPAS" "BAOPI"
"ISPM" 2.92787092429917 2.94341061685074 6.46260079556576 2.49112226539722 2.56948434118452 2.49307285532273 1.95808955698114 3.05083001794293 2.99650922482586 3.48372062714837 2.46895169351531 2.5810664800072 2.31505902542339 2.70181467199538 1.7776966342098 1.77738698935367 1.70244095290417 0.666108247800497 0.880512772463196 0.683134461818512 0.26386965025681 3.42440897968367 0.385933987221315 1.88908440329707 0.826457704032057 0.0843840243461629 3.12940465289435 0.379165674407112 0.73628742016327 0.488343225474505 2.31042062808877 0.916732699692125 1.60059184167239 2.62583603131308 1.40002033062228 2.70296175914727 1.36138701123825 1.47030450108183 0.709775918084394
"ISNSL" 2.94341061685074 13.1199826282584 11.6485337603942 11.8558541224264 10.2152171654903 5.99999840857369 1.12022466696081 1.47646077064783 1.2948488581984 5.74697054471434 3.82431768106393 6.39011230801476 1.90404574138604 4.6709846146625 3.77659098142099 4.75639569187342 3.60854340548247 2.26618043970836 3.86138616123998 0.18987193861011 0.855827262585671 12.921775546403 1.1487328290028 8.4739524094006 1.78579562979226 1.80443306956567 7.40242962655241 2.55059814024259 -0.0727166288073527 1.4699218438975 2.5184797046407 0.601679425272186 3.93044618661122 3.05597520503478 1.63135103952448 2.90642788579473 3.10326680831834 3.13782912599293 1.60607594069042
"ISPNS" 6.46260079556576 11.6485337603942 26.3515011534524 15.9639837810092 14.2796204006182 8.13962552922427 6.56380537402406 11.3806918917661 8.8687815392443 8.69067770472539 6.13476047504925 6.60840267829435 3.53312615859291 6.3366806323176 6.85535089344037 5.57585476072305 5.27187407002716 0.90460355330483 1.23107282654992 3.46650295020109 1.54922270784448 14.1467085180401 0.90449694720301 7.10862898201294 3.16866918354897 2.05683745285733 14.2884345007669 1.03431840030511 2.17518110125044 0.869990295641769 5.87936311965899 4.01845954351698 2.85650295822869 7.04810681080821 4.03586198567149 8.08713753509441 2.53516866274478 4.44344876659169 1.38299537176901
"PMZS" 2.49112226539722 11.8558541224264 15.9639837810092 20.0518417474091 15.1777811678826 6.40460354372199 9.45504580128387 8.78998841197146 4.65373239400523 6.91398400859717 3.55295220413865 7.25564767016226 1.68953399389045 3.44853103255287 5.60788466857156 4.84805343519763 3.4239781104067 0.400639129383557 2.23660583208252 0.633185150114215 1.29626823977676 16.273086701916 1.98102960157831 9.49711483301453 1.52421457902169 2.22264658676798 9.85208166754934 2.66098625180946 0.104015263895578 1.0202106828165 2.55841168875712 0.511555825491645 2.73470958220154 4.40112226181172 0.244782878859663 3.72205228394403 1.12918025654617 2.19185784832972 1.08172072579784
"PMZI" 2.56948434118452 10.2152171654903 14.2796204006182 15.1777811678826 15.9979035536636 6.08764687871745 5.07254030904133 6.44194588483336 6.95446755472722 5.61901288575612 4.07305545069136 6.38336403118286 1.29393802971048 3.87860067579507 4.52908608464308 4.44385609778649 3.41349288771434 1.51951547259912 3.01078871756734 0.919490799662623 1.09480638922658 13.8157551795813 2.22659403505883 9.56984877446472 -0.338702904252909 0.685044542530868 9.18376398592242 2.73551199928077 0.257170546572254 0.356049199739865 3.26663215442102 0.860905018782733 2.78768305990187 3.58599241282056 1.90274536591612 4.63795625652174 2.05052864352836 3.09385019269471 1.0697379034539
"PMMT" 2.49307285532273 5.99999840857369 8.13962552922427 6.40460354372199 6.08764687871745 6.68605488213244 1.12598465457521 2.45730666177107 2.39490419262963 5.44798434749007 2.76436269441154 3.47150091912502 2.51097758590535 3.06740144818987 2.56832754829901 2.55069957206217 2.27062592521391 1.48146718787364 2.10608553492962 -0.0324661293946222 0.661259907326268 6.28802663310008 0.762711254582184 3.9745366200417 1.46054989769589 1.33170016654709 3.18384258656393 1.90430054755873 0.630309300755217 0.27182401958319 2.14598929270935 0.807839778577893 2.92796510064436 2.52632185057626 -0.0492369940733997 2.2709995759491 2.11405129327934 1.77199373813547 0.708746197702921
"NSLNA" 1.95808955698114 1.12022466696081 6.56380537402406 9.45504580128387 5.07254030904133 1.12598465457521 14.9574100048894 9.00908128315972 5.06681120917306 0.441370617768619 1.40850929358354 5.56540774746734 0.20870013571284 -0.83945064283758 2.82249929234962 1.34854576071344 1.01690748905299 -1.2171065931368 -0.86263682797257 0.461214431212902 1.27405123620406 5.01252347293609 2.19227595720227 2.04728510527408 -0.0292198287150056 0.505940212030189 2.06639414201662 0.588662328026246 0.443497190063909 -0.211247875021283 0.502348686813614 -0.156885744950674 0.100059693142043 2.85139820286369 0.138644191952561 1.27385584807767 -1.14268913769329 -1.18301449351037 0.591116913332334
"NSLZS" 3.05083001794293 1.47646077064783 11.3806918917661 8.78998841197146 6.44194588483336 2.45730666177107 9.00908128315972 10.4916236857341 6.74996754821099 4.19868204132161 3.01824731979945 3.64660088015299 2.09924815568009 1.6726717694494 3.72695033380995 1.67663773107193 1.39630852198041 -1.23101731085304 -1.09130296478881 1.32748466086839 0.276401847203334 6.31518122522313 0.565897321245587 2.47503687837276 1.02677087492758 0.236966064177958 6.26945729838474 0.610225750641222 1.14054593538166 0.261121838222432 2.76875038939194 1.87465198218177 0.264144095193151 4.46129939664489 0.940404727519626 4.44388098176015 -0.210467424219749 0.949890537985051 0.297455985666512
"NSLZI" 2.99650922482586 1.2948488581984 8.8687815392443 4.65373239400523 6.95446755472722 2.39490419262963 5.06681120917306 6.74996754821099 8.56677748551297 2.03864733977912 3.14731608679525 3.16684334921744 1.27240908361793 1.91547320989767 2.34241418876789 1.58445991294468 1.49578264606048 0.504223424385189 0.449965493323848 0.97233764695816 0.486184399925568 4.33584608854295 2.40922098641604 2.42930954479898 -0.969701243622831 -0.0429692519408812 4.95438764994631 0.538544939274069 0.984521415921952 -0.0658932909603971 3.13987984541237 1.97462937427866 1.23406547586432 3.51756482888183 3.5827910408107 4.51007458537115 1.20084541575061 1.70241070859664 0.681263900640218
"NABR" 3.48372062714837 5.74697054471434 8.69067770472539 6.91398400859717 5.61901288575612 5.44798434749007 0.441370617768619 4.19868204132161 2.03864733977912 25.7479007474218 4.73432284577441 4.51911970264756 14.791136765258 12.4924093526332 4.60275140488905 4.53694789362274 3.75030637564257 1.6848043953203 4.92194561947611 2.6679434835975 0.0997025640495754 10.4096345607073 0.0945052658136918 5.729244943569 2.37011825128299 0.858989217921151 6.66664391841342 1.4789645383677 0.627192401294709 0.574973520499756 5.09018942819422 -1.13428925539164 4.86414699167516 5.30450525997386 -8.43112452543678 5.15994764463861 2.26009181574215 2.72672649144622 0.0115742393739513
"NAFM" 2.46895169351531 3.82431768106393 6.13476047504925 3.55295220413865 4.07305545069136 2.76436269441154 1.40850929358354 3.01824731979945 3.14731608679525 4.73432284577441 4.65940083795582 5.13525189185741 3.45311638257407 4.3030248278759 1.86403415979651 2.23835364865042 1.81091991242795 1.67222322339661 2.06718474902097 0.287858546676781 0.0270998441635355 6.10857345378801 0.205022146787099 3.49423594425816 1.18112009292421 0.693071524504294 4.73582913337083 1.2106154234484 0.638539289917327 1.09990652471215 3.39521870424227 1.51396378318079 2.23083753062246 4.05330477052891 2.11665445510136 4.17635569399443 2.8086922287218 2.58907781320205 0.882842723850088
"NAPNS" 2.5810664800072 6.39011230801476 6.60840267829435 7.25564767016226 6.38336403118286 3.47150091912502 5.56540774746734 3.64660088015299 3.16684334921744 4.51911970264756 5.13525189185741 9.95098852953371 3.69852998961376 4.30324635825241 2.66127561187362 2.48841123148567 1.99485809897333 2.35444735259581 2.57400194080935 -0.466868180460233 0.126939395702083 9.57246970267413 1.012880627098 5.93065920989461 1.61297196966186 1.50323682404419 4.56530886053095 2.65195008413667 0.428758880409206 0.840816394319433 3.01082487019939 1.68689230064309 2.3844274871679 4.52413116522919 1.15748257428384 3.87534501985294 3.27281711251276 2.35124278336974 1.44075264258569
"BRPT" 2.31505902542339 1.90404574138604 3.53312615859291 1.68953399389045 1.29393802971048 2.51097758590535 0.20870013571284 2.09924815568009 1.27240908361793 14.791136765258 3.45311638257407 3.69852998961376 12.0660562722571 9.40495634235403 1.29726219531682 0.647949360702934 0.635329107176134 0.543639835342581 1.39354585593566 0.853761130799528 -0.0268822874464702 4.78935687710412 -0.254220938584202 1.77820905174166 1.61720224411786 -0.587329089337677 2.99425921891533 0.248135318878566 0.539963638995192 0.176402197751268 4.2380991524818 -0.389243854094298 1.91649007322804 4.54476319659388 -3.34896723704503 4.35988836588009 1.33365751023413 2.17417436713671 0.300750604177116
"BRAPET" 2.70181467199538 4.6709846146625 6.3366806323176 3.44853103255287 3.87860067579507 3.06740144818987 -0.83945064283758 1.6726717694494 1.91547320989767 12.4924093526332 4.3030248278759 4.30324635825241 9.40495634235403 9.83959816671159 1.93049836017628 2.72828001196513 2.22576470437241 1.55879552908233 2.79324677749185 1.18510329419755 0.170286941773137 7.46428064744155 0.42819040172391 3.83513077688267 1.44739189362174 0.212190256966135 5.61224773273696 0.402821222302168 0.756749305446346 1.04561217422941 4.90410025259472 0.251875931290246 2.97856349905528 4.59016071644812 0.0461406741577922 5.30031403307098 2.42081294252326 3.39835695489214 0.642694848130083
"PTFM" 1.7776966342098 3.77659098142099 6.85535089344037 5.60788466857156 4.52908608464308 2.56832754829901 2.82249929234962 3.72695033380995 2.34241418876789 4.60275140488905 1.86403415979651 2.66127561187362 1.29726219531682 1.93049836017628 5.07257669662428 2.21247540296343 1.31640851040951 -1.7020481033603 -0.401574697779686 0.573353268465363 0.221291627355549 5.91645352411101 0.129466746716582 4.19760938265484 1.51930820923071 -0.345082901759323 4.09563655296262 1.18831706774123 0.55593945811543 1.13198618317131 1.25907109087395 0.516106890150317 0.911942487429736 2.09695632444172 -1.13356217984284 2.18424100183372 -0.966135579125842 0.359491423782768 0.280263569309617
"PTAPET" 1.77738698935367 4.75639569187342 5.57585476072305 4.84805343519763 4.44385609778649 2.55069957206217 1.34854576071344 1.67663773107193 1.58445991294468 4.53694789362274 2.23835364865042 2.48841123148567 0.647949360702934 2.72828001196513 2.21247540296343 5.13137398854478 4.02596330776818 1.63448378508452 3.05050902264438 1.4712086496604 0.491683470078473 5.83886105391277 0.782499478555985 4.25930593880075 0.241061865090357 0.166916182686903 3.99407175294897 0.807832684338163 0.134067602331529 1.32612888581516 1.32539902261036 -0.5372109495221 2.37422350700724 1.06229144548908 1.34442471985424 1.36946074737571 2.12860052257863 1.66471291636131 0.211553974050158
"PTBA" 1.70244095290417 3.60854340548247 5.27187407002716 3.4239781104067 3.41349288771434 2.27062592521391 1.01690748905299 1.39630852198041 1.49578264606048 3.75030637564257 1.81091991242795 1.99485809897333 0.635329107176134 2.22576470437241 1.31640851040951 4.02596330776818 4.16505131129662 2.40731266282423 3.19681961150333 1.71801755353878 0.460869487994258 4.0703389204509 0.550356647874474 2.64306231015622 0.360834517939438 0.517413189854857 3.31697300074721 0.846146180372305 0.817549638830681 0.867786327978262 1.630241861112 0.242723935135331 2.41530697475899 0.930274030359448 1.31710868351453 1.36881905243205 2.71888935185813 1.6383848449063 0.228231216241387
"PTEAM" 0.666108247800497 2.26618043970836 0.90460355330483 0.400639129383557 1.51951547259912 1.48146718787364 -1.2171065931368 -1.23101731085304 0.504223424385189 1.6848043953203 1.67222322339661 2.35444735259581 0.543639835342581 1.55879552908233 -1.7020481033603 1.63448378508452 2.40731266282423 6.60100686260123 5.83107636416621 0.691494198830971 -0.416776322032161 2.72701504759466 1.36511906625654 0.949108999476363 0.448602847376145 2.70770140436758 2.12703579917068 0.942587980920413 0.218324656948541 -0.305720382338034 1.86635144670565 1.90335869140795 3.59801741452636 0.588031821546859 2.92565819394592 0.653589645409819 6.53452434888243 2.52847286459898 0.734394263989307
"PTZYGO" 0.880512772463196 3.86138616123998 1.23107282654992 2.23660583208252 3.01078871756734 2.10608553492962 -0.86263682797257 -1.09130296478881 0.449965493323848 4.92194561947611 2.06718474902097 2.57400194080935 1.39354585593566 2.79324677749185 -0.401574697779686 3.05050902264438 3.19681961150333 5.83107636416621 7.20542323970902 0.844428341398224 -0.178332960269173 5.02086401356638 1.62088062676921 2.70013333419205 0.0610672344217798 2.59557056331757 2.87153839312674 1.0946475162254 0.0650496743500496 0.273708196641714 1.84902982353659 0.491262335608933 5.15376510149929 0.706272672474088 0.721537607046734 0.63661532262639 5.62948632647236 2.18768212737564 0.743145201723255
"PTTSP" 0.683134461818512 0.18987193861011 3.46650295020109 0.633185150114215 0.919490799662623 -0.0324661293946222 0.461214431212902 1.32748466086839 0.97233764695816 2.6679434835975 0.287858546676781 -0.466868180460233 0.853761130799528 1.18510329419755 0.573353268465363 1.4712086496604 1.71801755353878 0.691494198830971 0.844428341398224 4.03675133423356 0.240644389810376 0.0584442139018942 -0.342132830095498 -0.748195327606717 -0.169286740869427 -1.02420957109216 2.12370062880049 -0.275300476162794 0.386170510505338 -0.365615288147081 0.187092981668211 0.391658959551605 -0.461977255338926 -0.0864685368431858 0.395681949322704 0.488722497230873 1.16476443675008 0.528810263279132 -0.203079568168102
"FMZS" 0.26386965025681 0.855827262585671 1.54922270784448 1.29626823977676 1.09480638922658 0.661259907326268 1.27405123620406 0.276401847203334 0.486184399925568 0.0997025640495754 0.0270998441635355 0.126939395702083 -0.0268822874464702 0.170286941773137 0.221291627355549 0.491683470078473 0.460869487994258 -0.416776322032161 -0.178332960269173 0.240644389810376 1.28468680324001 0.682786574050049 0.378467629142543 0.13864138990391 -0.328720714952232 0.0084012705573057 0.0363170916323975 -0.260659663261268 0.0911016978486719 -0.174641393967919 0.0914296309555735 -0.454432493952662 0.0847966943751715 0.356749560514807 0.138654302079384 0.253562956375797 -0.645001839919108 -0.186831763668255 0.224317938519182
"FMMT" 3.42440897968367 12.921775546403 14.1467085180401 16.273086701916 13.8157551795813 6.28802663310008 5.01252347293609 6.31518122522313 4.33584608854295 10.4096345607073 6.10857345378801 9.57246970267413 4.78935687710412 7.46428064744155 5.91645352411101 5.83886105391277 4.0703389204509 2.72701504759466 5.02086401356638 0.0584442139018942 0.682786574050049 20.6098772879233 2.29877569218886 12.3886462196607 2.08326397709718 1.80389597297939 12.2063483048147 3.38321059201094 0.347728310156566 2.16974540311896 5.14202829906349 1.31107300495974 4.67789393187951 6.58528564174033 1.90160331437978 6.15232811267826 4.2618785545623 4.42637507806816 1.90178153966093
"ZSZI" 0.385933987221315 1.1487328290028 0.90449694720301 1.98102960157831 2.22659403505883 0.762711254582184 2.19227595720227 0.565897321245587 2.40922098641604 0.0945052658136918 0.205022146787099 1.012880627098 -0.254220938584202 0.42819040172391 0.129466746716582 0.782499478555985 0.550356647874474 1.36511906625654 1.62088062676921 -0.342132830095498 0.378467629142543 2.29877569218886 3.56181024966002 0.897476672109881 -1.03156819884791 1.58248077046308 1.03228014571055 0.0735508150937814 -0.0522349611694116 -0.0286555025689927 0.537644448438092 -0.350287991988357 1.43054962951544 0.711304434853223 2.02500134037411 0.184893746177015 1.25157666510657 0.245054636980137 0.578424265272515
"ZIMT" 1.88908440329707 8.4739524094006 7.10862898201294 9.49711483301453 9.56984877446472 3.9745366200417 2.04728510527408 2.47503687837276 2.42930954479898 5.729244943569 3.49423594425816 5.93065920989461 1.77820905174166 3.83513077688267 4.19760938265484 4.25930593880075 2.64306231015622 0.949108999476363 2.70013333419205 -0.748195327606717 0.13864138990391 12.3886462196607 0.897476672109881 10.8006956283793 0.301396340429484 -1.04826409179989 6.10669596610052 2.67382837684557 -0.184072485058147 1.34971114644739 2.40737294572517 -0.155894747811144 2.04700310057192 3.08613047598304 -0.53688009069465 3.12570932566401 1.43106244276388 2.3364899431848 0.883150549450568
"ZIZYGO" 0.826457704032057 1.78579562979226 3.16866918354897 1.52421457902169 -0.338702904252909 1.46054989769589 -0.0292198287150056 1.02677087492758 -0.969701243622831 2.37011825128299 1.18112009292421 1.61297196966186 1.61720224411786 1.44739189362174 1.51930820923071 0.241061865090357 0.360834517939438 0.448602847376145 0.0610672344217798 -0.169286740869427 -0.328720714952232 2.08326397709718 -1.03156819884791 0.301396340429484 3.2995257282131 1.43520668964519 1.99290950457444 0.850565135331907 0.495753699448761 0.650042609107944 0.737097137159086 1.00024525749011 0.787957855796539 1.65154810483832 -0.382862097139777 1.32778603569875 1.05333524498439 0.909567456860819 0.0654202495389526
"ZITSP" 0.0843840243461629 1.80443306956567 2.05683745285733 2.22264658676798 0.685044542530868 1.33170016654709 0.505940212030189 0.236966064177958 -0.0429692519408812 0.858989217921151 0.693071524504294 1.50323682404419 -0.587329089337677 0.212190256966135 -0.345082901759323 0.166916182686903 0.517413189854857 2.70770140436758 2.59557056331757 -1.02420957109216 0.0084012705573057 1.80389597297939 1.58248077046308 -1.04826409179989 1.43520668964519 7.18512889118242 1.49318826707614 0.463820091988562 0.0334566550536739 0.490744861610179 0.643646432428932 1.12592203591853 2.76898234112859 0.941535509751086 -0.29303858446355 1.24729790417095 2.3700679784693 1.43582103625928 -0.0962829576580636
"MTPNS" 3.12940465289435 7.40242962655241 14.2884345007669 9.85208166754934 9.18376398592242 3.18384258656393 2.06639414201662 6.26945729838474 4.95438764994631 6.66664391841342 4.73582913337083 4.56530886053095 2.99425921891533 5.61224773273696 4.09563655296262 3.99407175294897 3.31697300074721 2.12703579917068 2.87153839312674 2.12370062880049 0.0363170916323975 12.2063483048147 1.03228014571055 6.10669596610052 1.99290950457444 1.49318826707614 11.9377182969976 0.942237457076006 0.901949803169949 1.4056068337481 4.80093717694436 2.58949088679047 2.6117266165523 5.0378773552286 4.43675183296201 5.72593451483316 3.61104643624033 4.21811667119396 0.946521311543901
"PNSAPET" 0.379165674407112 2.55059814024259 1.03431840030511 2.66098625180946 2.73551199928077 1.90430054755873 0.588662328026246 0.610225750641222 0.538544939274069 1.4789645383677 1.2106154234484 2.65195008413667 0.248135318878566 0.402821222302168 1.18831706774123 0.807832684338163 0.846146180372305 0.942587980920413 1.0946475162254 -0.275300476162794 -0.260659663261268 3.38321059201094 0.0735508150937814 2.67382837684557 0.850565135331907 0.463820091988562 0.942237457076006 2.97692860529505 -0.00112402316297315 0.141794293946754 0.302083274589122 0.398558934097028 0.640336737736539 0.798721603862732 -0.485679102968742 0.684481409402807 1.49698530020517 0.58842653871767 0.192255565524789
"APETBA" 0.73628742016327 -0.0727166288073527 2.17518110125044 0.104015263895578 0.257170546572254 0.630309300755217 0.443497190063909 1.14054593538166 0.984521415921952 0.627192401294709 0.638539289917327 0.428758880409206 0.539963638995192 0.756749305446346 0.55593945811543 0.134067602331529 0.817549638830681 0.218324656948541 0.0650496743500496 0.386170510505338 0.0911016978486719 0.347728310156566 -0.0522349611694116 -0.184072485058147 0.495753699448761 0.0334566550536739 0.901949803169949 -0.00112402316297315 1.17608459665707 0.153186750509177 1.05070159575726 1.18226081072576 0.32543485360293 0.985185214351923 0.382166454005348 1.09459928598259 0.398895034999701 0.31787893855384 0.181686819426443
"APETTS" 0.488343225474505 1.4699218438975 0.869990295641769 1.0202106828165 0.356049199739865 0.27182401958319 -0.211247875021283 0.261121838222432 -0.0658932909603971 0.574973520499756 1.09990652471215 0.840816394319433 0.176402197751268 1.04561217422941 1.13198618317131 1.32612888581516 0.867786327978262 -0.305720382338034 0.273708196641714 -0.365615288147081 -0.174641393967919 2.16974540311896 -0.0286555025689927 1.34971114644739 0.650042609107944 0.490744861610179 1.4056068337481 0.141794293946754 0.153186750509177 2.28189938511068 0.969268861298332 -0.106970715690074 1.00240105215766 1.39359114400376 0.970455963505432 1.83719849347044 0.280435314358448 1.15910663669921 0.2177315275736
"BAEAM" 2.31042062808877 2.5184797046407 5.87936311965899 2.55841168875712 3.26663215442102 2.14598929270935 0.502348686813614 2.76875038939194 3.13987984541237 5.09018942819422 3.39521870424227 3.01082487019939 4.2380991524818 4.90410025259472 1.25907109087395 1.32539902261036 1.630241861112 1.86635144670565 1.84902982353659 0.187092981668211 0.0914296309555735 5.14202829906349 0.537644448438092 2.40737294572517 0.737097137159086 0.643646432428932 4.80093717694436 0.302083274589122 1.05070159575726 0.969268861298332 5.00586029383545 2.00293353610611 2.52722991864536 3.78511565699938 2.80564281506046 4.60857931273988 2.61502693305876 3.04639690801566 1.00996816541643
"EAMZYGO" 0.916732699692125 0.601679425272186 4.01845954351698 0.511555825491645 0.860905018782733 0.807839778577893 -0.156885744950674 1.87465198218177 1.97462937427866 -1.13428925539164 1.51396378318079 1.68689230064309 -0.389243854094298 0.251875931290246 0.516106890150317 -0.5372109495221 0.242723935135331 1.90335869140795 0.491262335608933 0.391658959551605 -0.454432493952662 1.31107300495974 -0.350287991988357 -0.155894747811144 1.00024525749011 1.12592203591853 2.58949088679047 0.398558934097028 1.18226081072576 -0.106970715690074 2.00293353610611 5.18841197626482 0.67801275965637 1.68257605321595 2.3001540079678 2.39115748144591 2.26284693982823 1.18467554859239 0.831148888713719
"ZYGOTSP" 1.60059184167239 3.93044618661122 2.85650295822869 2.73470958220154 2.78768305990187 2.92796510064436 0.100059693142043 0.264144095193151 1.23406547586432 4.86414699167516 2.23083753062246 2.3844274871679 1.91649007322804 2.97856349905528 0.911942487429736 2.37422350700724 2.41530697475899 3.59801741452636 5.15376510149929 -0.461977255338926 0.0847966943751715 4.67789393187951 1.43054962951544 2.04700310057192 0.787957855796539 2.76898234112859 2.6117266165523 0.640336737736539 0.32543485360293 1.00240105215766 2.52722991864536 0.67801275965637 6.10395088133623 1.46970973202258 0.884869728758966 1.51385948680265 3.60941672650271 1.95531960298255 1.04755047791333
"LDAS" 2.62583603131308 3.05597520503478 7.04810681080821 4.40112226181172 3.58599241282056 2.52632185057626 2.85139820286369 4.46129939664489 3.51756482888183 5.30450525997386 4.05330477052891 4.52413116522919 4.54476319659388 4.59016071644812 2.09695632444172 1.06229144548908 0.930274030359448 0.588031821546859 0.706272672474088 -0.0864685368431858 0.356749560514807 6.58528564174033 0.711304434853223 3.08613047598304 1.65154810483832 0.941535509751086 5.0378773552286 0.798721603862732 0.985185214351923 1.39359114400376 3.78511565699938 1.68257605321595 1.46970973202258 7.48638306580802 -0.438824555041024 6.78917288291839 1.5591197065511 2.33594396570592 1.3519460549565
"BRLD" 1.40002033062228 1.63135103952448 4.03586198567149 0.244782878859663 1.90274536591612 -0.0492369940733997 0.138644191952561 0.940404727519626 3.5827910408107 -8.43112452543678 2.11665445510136 1.15748257428384 -3.34896723704503 0.0461406741577922 -1.13356217984284 1.34442471985424 1.31710868351453 2.92565819394592 0.721537607046734 0.395681949322704 0.138654302079384 1.90160331437978 2.02500134037411 -0.53688009069465 -0.382862097139777 -0.29303858446355 4.43675183296201 -0.485679102968742 0.382166454005348 0.970455963505432 2.80564281506046 2.3001540079678 0.884869728758966 -0.438824555041024 17.7013333857016 -0.890437345109866 5.03696332392509 3.34644178458134 1.30276820616953
"OPILD" 2.70296175914727 2.90642788579473 8.08713753509441 3.72205228394403 4.63795625652174 2.2709995759491 1.27385584807767 4.44388098176015 4.51007458537115 5.15994764463861 4.17635569399443 3.87534501985294 4.35988836588009 5.30031403307098 2.18424100183372 1.36946074737571 1.36881905243205 0.653589645409819 0.63661532262639 0.488722497230873 0.253562956375797 6.15232811267826 0.184893746177015 3.12570932566401 1.32778603569875 1.24729790417095 5.72593451483316 0.684481409402807 1.09459928598259 1.83719849347044 4.60857931273988 2.39115748144591 1.51385948680265 6.78917288291839 -0.890437345109866 10.0345553101645 1.52014838795373 4.01602970220428 0.801780113598271
"PTAS" 1.36138701123825 3.10326680831834 2.53516866274478 1.12918025654617 2.05052864352836 2.11405129327934 -1.14268913769329 -0.210467424219749 1.20084541575061 2.26009181574215 2.8086922287218 3.27281711251276 1.33365751023413 2.42081294252326 -0.966135579125842 2.12860052257863 2.71888935185813 6.53452434888243 5.62948632647236 1.16476443675008 -0.645001839919108 4.2618785545623 1.25157666510657 1.43106244276388 1.05333524498439 2.3700679784693 3.61104643624033 1.49698530020517 0.398895034999701 0.280435314358448 2.61502693305876 2.26284693982823 3.60941672650271 1.5591197065511 5.03696332392509 1.52014838795373 7.83530643446683 3.64819313381124 0.900152180443027
"JPAS" 1.47030450108183 3.13782912599293 4.44344876659169 2.19185784832972 3.09385019269471 1.77199373813547 -1.18301449351037 0.949890537985051 1.70241070859664 2.72672649144622 2.58907781320205 2.35124278336974 2.17417436713671 3.39835695489214 0.359491423782768 1.66471291636131 1.6383848449063 2.52847286459898 2.18768212737564 0.528810263279132 -0.186831763668255 4.42637507806816 0.245054636980137 2.3364899431848 0.909567456860819 1.43582103625928 4.21811667119396 0.58842653871767 0.31787893855384 1.15910663669921 3.04639690801566 1.18467554859239 1.95531960298255 2.33594396570592 3.34644178458134 4.01602970220428 3.64819313381124 4.64807978115389 0.486207510216811
"BAOPI" 0.709775918084394 1.60607594069042 1.38299537176901 1.08172072579784 1.0697379034539 0.708746197702921 0.591116913332334 0.297455985666512 0.681263900640218 0.0115742393739513 0.882842723850088 1.44075264258569 0.300750604177116 0.642694848130083 0.280263569309617 0.211553974050158 0.228231216241387 0.734394263989307 0.743145201723255 -0.203079568168102 0.224317938519182 1.90178153966093 0.578424265272515 0.883150549450568 0.0654202495389526 -0.0962829576580636 0.946521311543901 0.192255565524789 0.181686819426443 0.2177315275736 1.00996816541643 0.831148888713719 1.04755047791333 1.3519460549565 1.30276820616953 0.801780113598271 0.900152180443027 0.486207510216811 1.19064677988245
