"" "ISPM" "ISNSL" "ISPNS" "PMZS" "PMZI" "PMMT" "NSLNA" "NSLZS" "NSLZI" "NABR" "NAFM" "NAPNS" "BRPT" "BRAPET" "PTFM" "PTAPET" "PTBA" "PTEAM" "PTZYGO" "PTTSP" "FMZS" "FMMT" "ZSZI" "ZIMT" "ZIZYGO" "ZITSP" "MTPNS" "PNSAPET" "APETBA" "APETTS" "BAEAM" "EAMZYGO" "ZYGOTSP" "LDAS" "BRLD" "OPILD" "PTAS" "JPAS" "BAOPI"
"ISPM" 0.480100071522412 0.811975012376997 0.945076636827268 0.253835441836686 0.331667544259866 0.274278720477774 0.301148336191314 -0.0851652519180451 0.422324979172867 0.229843390397124 0.1925092341121 0.485888862184173 -0.0255590227462018 0.33745949414334 0.308769664416314 0.380497754647637 0.396381107782092 0.38527598228033 0.516564016811302 0.49544782805555 0.255577118968138 0.297753921860821 0.448682474176153 -0.0351835699965421 0.201814002560734 0.106826255974673 0.276194250201683 0.00128239238270131 0.220911168752575 0.497708640998275 0.206288280298068 0.387115557333893 0.276731397375082 0.348363925760288 0.181279854627008 0.286760988786958 -0.0159045384787436 0.02592086022164 0.0655479049761273
"ISNSL" 0.811975012376997 3.84313507763823 2.78035694451381 1.71843222898022 1.70613513165332 1.12395677381793 -0.0322108906048401 0.219235079800564 1.61345435803351 1.32028053337641 0.83615989464187 0.42020252397304 -0.912131578088143 0.41168518229211 1.90205822408311 1.24127840047653 1.10782318238005 0.787299021786001 1.82529375038463 1.01889397399676 0.610976863367997 0.746449977024778 1.15474972883445 -0.330998334141984 0.666548597282177 0.834065002094533 1.12951781816216 0.636816952690413 0.921657643207897 1.29352095196188 0.573060495264882 1.04526627217337 1.46871547692226 0.676147455378912 0.350353133622395 -0.187834953546221 0.19275821935164 0.567960275545667 0.54378912037296
"ISPNS" 0.945076636827268 2.78035694451381 5.50379260578804 1.9220732370284 2.06194555965118 1.86003794837531 0.868521624582081 -0.326040570083706 1.27337715924263 1.15366349343615 1.00570046410216 1.37376075223716 -0.356118889366816 0.454708817307616 1.15904500516892 0.611597666039781 0.526126447764619 0.117070230051335 1.3532898849216 0.533877628297402 1.01004196427743 0.605262034217673 1.27877359091442 -0.228421163170964 0.799759699163133 1.14259853409269 1.17390817665358 -1.89027763196522 1.16565029180239 2.25112420412225 1.11034631210326 1.03516994131139 1.52950619704477 1.17851734133941 0.130404722851906 0.700108025638061 -0.147168007487183 0.596811276452741 0.0919445936295912
"PMZS" 0.253835441836686 1.71843222898022 1.9220732370284 2.2221597390304 1.52333131709379 0.875272539186828 0.613915710892247 1.06064894097835 0.915900660015426 1.06430901656894 0.76797531394656 0.106022016655569 -0.479854284549992 -0.468819359028892 0.601999047373311 0.000204126877562792 0.0207194612062993 0.408808004221609 0.948184298166394 0.223116067185319 -0.259586489897038 0.0953463314818641 0.178940852537404 -0.565295031102163 0.671851472552098 1.29843557213664 0.247302518938049 0.691125999957754 0.209648087756388 0.536595866103865 0.40617562086164 0.667016639700313 1.03195847142143 -0.180435254319452 -0.733455306257644 -0.158572783300183 1.00361481419138 0.798550997038852 0.0233628943485135
"PMZI" 0.331667544259866 1.70613513165332 2.06194555965118 1.52333131709379 2.68330707100366 1.35436892546484 0.347267901381442 0.692571657087647 1.90109979694441 1.62333944915204 1.09641863647146 -0.0335771820131754 -1.04106902149719 -0.236481921203735 1.06588657086995 1.22017336531823 0.832470119100684 0.973625498489585 1.29249869916665 1.7570859744866 0.462726377930977 -0.0594897297370474 0.87822367047227 -0.0627815563901226 -0.587893756561451 0.0824616881651137 0.957056424483538 0.331454689553582 0.71236979159432 1.32567787916143 0.429945141599592 0.846537004489871 0.652964379026625 0.489760034960795 -1.94438657058554 0.0902096380715749 0.576930461450365 0.383131997844909 0.359605910786386
"PMMT" 0.274278720477774 1.12395677381793 1.86003794837531 0.875272539186828 1.35436892546484 1.51764022342761 0.0881800544710276 -0.340817752190965 0.708535882875277 0.769303948733683 0.712532156672024 0.0200216987660141 -1.03946647200822 -0.151175959756526 0.896938185163546 0.986736326922551 0.571820007382363 0.465883263540643 1.03703173509657 0.840514681949218 0.426514374662056 -0.185374888692406 0.827616128862515 0.0126721599408869 -0.0882342836977101 0.040290872649813 0.697649478903222 -0.256597713147795 0.66357003206423 0.78789326961153 0.325757801913255 0.641071536813868 0.751940834867382 0.387790453129235 -1.13931201186781 0.113975275971468 -0.0365549196067071 0.280804292584092 -0.080507599720889
"NSLNA" 0.301148336191314 -0.0322108906048401 0.868521624582081 0.613915710892247 0.347267901381442 0.0881800544710276 4.00202241606851 -0.338753374712789 -0.0204060138880376 -1.33973841729161 -0.0275529539571579 1.05029386506725 0.776380929914766 0.221505845052968 0.118108773842143 -1.08567166452525 -1.0655474867428 -0.611760705181179 -0.977281839642433 -0.195860673897838 0.366140721849836 -0.14867648254064 0.514505138123455 -0.188284659296544 0.268267821975551 -0.0236236450123377 0.237156799267627 -0.0818313076912144 0.259358632981357 0.610095599723078 0.279506467532913 0.927027177665307 -0.202474538561584 0.427097200653971 -1.42841368471403 0.65069690499219 -0.698944342592775 0.581125421631441 -0.0455850236440309
"NSLZS" -0.0851652519180451 0.219235079800564 -0.326040570083706 1.06064894097835 0.692571657087647 -0.340817752190965 -0.338753374712789 2.77582804718099 1.25452091680215 1.69767370362739 0.658235087592354 0.264282772535515 0.481492383045266 -0.627607056961069 -0.448648921413217 0.114921953562986 0.570072981884736 1.07033626421297 0.760552098450406 0.648640239304234 -0.981275466034429 0.0520027541628183 -1.04102892303147 -0.214766183503007 -0.0647422651193682 0.588709890915271 -0.656253716283575 1.32855152453614 -0.580372707874986 -0.268854307168505 0.255378670531359 -0.0570279143989345 0.00358302235808363 -0.253540214225066 -0.823476762748966 -0.389437173282187 2.38502364319774 0.496790446143822 0.538690028926898
"NSLZI" 0.422324979172867 1.61345435803351 1.27337715924263 0.915900660015426 1.90109979694441 0.708535882875277 -0.0204060138880376 1.25452091680215 2.5264723986358 2.11816291429581 1.31918328235636 0.418658059469409 -0.855101652316795 0.308419128657578 1.19180367837108 2.1042707706286 2.02116695665501 2.26275123781455 2.56746862609323 2.55979988643255 0.253405440477445 0.232431663633261 1.01717513088613 0.159391869202796 -0.312531058920999 0.272987990244197 0.875684682437613 0.728565543759309 0.574800654896906 1.00326092014217 0.545535479232477 0.72616666327134 0.827058571129043 0.604279257533375 -1.1380232551716 0.363148955835451 1.63091812051246 0.531232866372536 0.594807732461018
"NABR" 0.229843390397124 1.32028053337641 1.15366349343615 1.06430901656894 1.62333944915204 0.769303948733683 -1.33973841729161 1.69767370362739 2.11816291429581 7.16665912381823 1.3850721362096 -0.310519203421422 0.239525979478166 1.01869986345598 1.87477324486314 3.21405275244098 3.19927008742624 3.36887304641964 3.70863393778377 3.24732486880377 -0.141946720859303 -0.203809654524141 0.253874418477031 -0.132507589288559 0.947047471300359 0.345271833451974 0.901544362128792 0.84925047071181 0.923060929904507 1.63058832864601 1.33644973096015 0.311129689123794 1.55096228623394 1.08005222768736 -3.41470406863923 0.666179897656753 2.73966733968698 1.14142793459591 0.83964700412276
"NAFM" 0.1925092341121 0.83615989464187 1.00570046410216 0.76797531394656 1.09641863647146 0.712532156672024 -0.0275529539571579 0.658235087592354 1.31918328235636 1.3850721362096 1.43340992310345 0.136307896224409 -0.836136985883023 0.106184080918467 0.605404526536813 1.21796019823423 0.936630659335447 1.24859134642614 1.89356489988386 1.3250377316297 0.446433820268467 -0.02291355019283 0.614184267286452 0.0505835301605512 0.160795330637447 0.621077303037255 0.520652079218948 0.528195721690863 0.30160127889856 0.297721079809121 0.270264759228422 0.766833806489844 0.982566877918723 0.411170669382118 -0.502064230707318 0.324215302308682 1.0500011904076 0.442494186176208 0.0870033196093579
"NAPNS" 0.485888862184173 0.42020252397304 1.37376075223716 0.106022016655569 -0.0335771820131754 0.0200216987660141 1.05029386506725 0.264282772535515 0.418658059469409 -0.310519203421422 0.136307896224409 2.10378240310971 0.764479452854187 0.849249597770041 0.438817812143227 -0.123701003826292 0.185652805227022 0.099548865480266 0.16833164562447 0.0884980911261681 -0.117270761595855 0.687991702942996 0.320296182455873 0.224094208076568 0.246562407039799 0.626052485458752 0.0480412196656732 -0.824611547432908 0.247462923266694 0.723635873035784 0.455543993618287 0.797288580220659 0.22314062097148 0.608732331339859 0.600230390565306 0.65276563094271 0.0943772090184566 0.125514004398077 0.352489955406535
"BRPT" -0.0255590227462018 -0.912131578088143 -0.356118889366816 -0.479854284549992 -1.04106902149719 -1.03946647200822 0.776380929914766 0.481492383045266 -0.855101652316795 0.239525979478166 -0.836136985883023 0.764479452854187 6.75962177401415 1.15580140146083 -3.65189166365711 -3.70680590835179 -1.23887904836221 -1.63862816732473 -5.45649453457712 -1.87688596912844 -0.951724642230319 0.123315688819755 -1.21789095562937 0.463282239460861 -0.0788296947722742 -0.541346919756946 -0.886022982372877 -0.500169842425144 -0.650608567622331 -0.652426049906959 0.718166895778971 0.187685924448093 -2.93879527268262 0.211089146117965 2.90843013345493 -0.30088234856653 2.50737933956137 0.0596752363950553 0.831114975361253
"BRAPET" 0.33745949414334 0.41168518229211 0.454708817307616 -0.468819359028892 -0.236481921203735 -0.151175959756526 0.221505845052968 -0.627607056961069 0.308419128657578 1.01869986345598 0.106184080918467 0.849249597770041 1.15580140146083 2.61004712502818 0.68564841447118 1.35761920679338 1.6099357853255 1.20069675516191 1.04326167654047 1.56405509588148 0.500525063339974 0.886511118901885 0.86011335568605 0.261282318479094 0.454341911852713 0.29753799231163 0.6631731451821 -0.811614960292757 0.693758141123719 0.853954446207714 0.566352924579284 0.744350355027988 -0.00316255243027112 0.988222389792056 1.43667422494463 1.15687888233427 0.291239793081889 0.195273202928392 0.422415986833418
"PTFM" 0.308769664416314 1.90205822408311 1.15904500516892 0.601999047373311 1.06588657086995 0.896938185163546 0.118108773842143 -0.448648921413217 1.19180367837108 1.87477324486314 0.605404526536813 0.438817812143227 -3.65189166365711 0.68564841447118 6.08270065727739 2.98352491499539 1.31422892797026 1.08362435097531 4.47907435473903 2.15542656169762 0.471716444941845 0.560899050048351 1.40158173741352 -0.0513140069538191 1.26581382736896 0.839967955077851 1.65861629217599 0.440734224920682 1.60332663633562 1.43067799026225 0.367671138457908 0.364515296966632 2.71600471274733 0.986529716013304 -3.08534351306868 1.15296518305175 -2.39559179014017 0.334835100733899 -0.124175476558344
"PTAPET" 0.380497754647637 1.24127840047653 0.611597666039781 0.000204126877562792 1.22017336531823 0.986736326922551 -1.08567166452525 0.114921953562986 2.1042707706286 3.21405275244098 1.21796019823423 -0.123701003826292 -3.70680590835179 1.35761920679338 2.98352491499539 6.19756727854674 4.70453308975233 4.37421743148811 6.50420509357235 4.55403248007765 0.791503873596665 0.269747364188769 1.72918419072468 0.00427517836322528 0.176922317722383 0.00694312856879129 1.35794586442627 0.10295714181356 1.11189883313454 1.56531684303557 0.40511225275138 0.575813493339902 2.38997467750627 0.908401380896312 -2.18543799003786 0.990858331240929 0.307453180743581 0.635004913443765 0.430604189883115
"PTBA" 0.396381107782092 1.10782318238005 0.526126447764619 0.0207194612062993 0.832470119100684 0.571820007382363 -1.0655474867428 0.570072981884736 2.02116695665501 3.19927008742624 0.936630659335447 0.185652805227022 -1.23887904836221 1.6099357853255 1.31422892797026 4.70453308975233 4.9263264474729 4.60026508475875 4.8213766101021 3.88073052046286 0.162257824288044 0.59210555562514 1.34432575833245 0.230727886490961 0.557776321767015 -0.125147528383533 1.01814534290122 0.182424416012258 1.22231557970889 1.22112873706161 0.976018347402533 0.45422650566617 1.27063115775809 0.794877171585047 -1.00194525172013 1.15989514540439 2.62067369729988 1.0828881235507 0.566359521857114
"PTEAM" 0.38527598228033 0.787299021786001 0.117070230051335 0.408808004221609 0.973625498489585 0.465883263540643 -0.611760705181179 1.07033626421297 2.26275123781455 3.36887304641964 1.24859134642614 0.099548865480266 -1.63862816732473 1.20069675516191 1.08362435097531 4.37421743148811 4.60026508475875 6.05452535716793 5.45676196832795 3.99570807836576 -0.180487191602364 0.487936167618084 1.35558741087977 -0.0711030126036343 0.505366527553579 0.23923868209812 0.902181352546365 1.26297599092547 0.619078064534749 0.779759490022519 0.632843361017617 1.02042235282162 1.6088154447136 0.477447705207364 -1.02261457788068 1.37955409960812 4.27964585284749 1.58303753768166 0.167739974431571
"PTZYGO" 0.516564016811302 1.82529375038463 1.3532898849216 0.948184298166394 1.29249869916665 1.03703173509657 -0.977281839642433 0.760552098450406 2.56746862609323 3.70863393778377 1.89356489988386 0.16833164562447 -5.45649453457712 1.04326167654047 4.47907435473903 6.50420509357235 4.8213766101021 5.45676196832795 9.43822122917603 4.89466088306015 0.693679055382728 0.656778284110831 1.92372331021325 -0.531213543641765 1.58979521845394 1.12361025374101 1.48976057066363 0.546714254743316 1.39201743907089 1.56620739762898 0.706318193563377 0.459609737295021 4.13150529015367 0.646972692340149 -2.32151466009702 1.35733138136961 1.18988628296593 1.36473651143544 -0.128827450936373
"PTTSP" 0.49544782805555 1.01889397399676 0.533877628297402 0.223116067185319 1.7570859744866 0.840514681949218 -0.195860673897838 0.648640239304234 2.55979988643255 3.24732486880377 1.3250377316297 0.0884980911261681 -1.87688596912844 1.56405509588148 2.15542656169762 4.55403248007765 3.88073052046286 3.99570807836576 4.89466088306015 5.88016525751694 0.437741268765021 -0.220790212610927 1.50507445398155 0.0592146326737958 0.109804754068334 -0.569348197079193 1.20083253087528 0.743208199060202 1.0472413916966 1.087257248246 0.709559426003348 0.639110164633138 0.517306732464868 1.77302298974143 -2.79955243648614 1.62332432449445 1.26373162013077 0.322114511081094 0.736093215866324
"FMZS" 0.255577118968138 0.610976863367997 1.01004196427743 -0.259586489897038 0.462726377930977 0.426514374662056 0.366140721849836 -0.981275466034429 0.253405440477445 -0.141946720859303 0.446433820268467 -0.117270761595855 -0.951724642230319 0.500525063339974 0.471716444941845 0.791503873596665 0.162257824288044 -0.180487191602364 0.693679055382728 0.437741268765021 1.87855216964664 0.459396011151907 0.717467729957558 0.0661901909076386 0.0885636847374644 0.38260783527143 0.604802028314455 -0.734777420169994 0.621197265360073 0.843606848350926 0.135506625853058 0.269516027834452 0.576523593905194 0.653869943783117 0.253750650783489 0.22249177874508 -1.45180651834165 -0.336000747510652 -0.0323877520476064
"FMMT" 0.297753921860821 0.746449977024778 0.605262034217673 0.0953463314818641 -0.0594897297370474 -0.185374888692406 -0.14867648254064 0.0520027541628183 0.232431663633261 -0.203809654524141 -0.02291355019283 0.687991702942996 0.123315688819755 0.886511118901885 0.560899050048351 0.269747364188769 0.59210555562514 0.487936167618084 0.656778284110831 -0.220790212610927 0.459396011151907 1.70983338333534 0.288937748675582 0.266585191698366 0.41783380638521 1.10483821694101 0.394727367790821 -0.358378477094077 0.402268838132937 0.679906062713353 0.425096570328988 0.335472992791232 0.390394953938577 0.039855638291251 1.7141750522768 0.267463618759626 0.41171776310071 0.277169874040071 -0.0425204328008906
"ZSZI" 0.448682474176153 1.15474972883445 1.27877359091442 0.178940852537404 0.87822367047227 0.827616128862515 0.514505138123455 -1.04102892303147 1.01717513088613 0.253874418477031 0.614184267286452 0.320296182455873 -1.21789095562937 0.86011335568605 1.40158173741352 1.72918419072468 1.34432575833245 1.35558741087977 1.92372331021325 1.50507445398155 0.717467729957558 0.288937748675582 1.81254836456222 0.0805518653856748 0.0561461964681019 0.00821897875355349 1.20926211856048 -0.292393328370079 0.917730795705598 0.90913736637255 0.207171909840502 0.797656292436725 0.877750108088539 0.609440338236109 -0.126448821829097 0.690479322218392 -0.215007591132544 0.371337586383103 -0.0180367445448891
"ZIMT" -0.0351835699965421 -0.330998334141984 -0.228421163170964 -0.565295031102163 -0.0627815563901226 0.0126721599408869 -0.188284659296544 -0.214766183503007 0.159391869202796 -0.132507589288559 0.0505835301605512 0.224094208076568 0.463282239460861 0.261282318479094 -0.0513140069538191 0.00427517836322528 0.230727886490961 -0.0711030126036343 -0.531213543641765 0.0592146326737958 0.0661901909076386 0.266585191698366 0.0805518653856748 0.97487687538566 -0.592431084987937 0.000757014182338089 0.112899217572693 -0.271699037173434 0.148915510142964 0.20313061675475 0.123223650419733 0.288171594863665 -0.310123290618087 -0.0286360071902639 0.11287682898762 0.168707596363276 0.0999524476779616 -0.325037239175613 -0.01136178432307
"ZIZYGO" 0.201814002560734 0.666548597282177 0.799759699163133 0.671851472552098 -0.587893756561451 -0.0882342836977101 0.268267821975551 -0.0647422651193682 -0.312531058920999 0.947047471300359 0.160795330637447 0.246562407039799 -0.0788296947722742 0.454341911852713 1.26581382736896 0.176922317722383 0.557776321767015 0.505366527553579 1.58979521845394 0.109804754068334 0.0885636847374644 0.41783380638521 0.0561461964681019 -0.592431084987937 3.32654569871156 1.74383340275554 0.0731233030401809 0.721756307377977 0.442803797322613 -0.578939918829477 0.673649787679495 -0.673629637202801 1.29662199494483 0.214111768376444 0.169151200201875 0.700866038736891 0.552228696284565 1.11467967327044 -0.357799784409186
"ZITSP" 0.106826255974673 0.834065002094533 1.14259853409269 1.29843557213664 0.0824616881651137 0.040290872649813 -0.0236236450123377 0.588709890915271 0.272987990244197 0.345271833451974 0.621077303037255 0.626052485458752 -0.541346919756946 0.29753799231163 0.839967955077851 0.00694312856879129 -0.125147528383533 0.23923868209812 1.12361025374101 -0.569348197079193 0.38260783527143 1.10483821694101 0.00821897875355349 0.000757014182338089 1.74383340275554 5.40275937929053 -0.215994076739362 0.919678845912047 -0.503071924340422 -0.901041842124229 0.0636547120410882 0.623470890504228 1.90354143267343 -1.15670678963875 2.5996002597719 -0.896178102478097 0.359642489755073 0.372053752715242 -0.114058344607132
"MTPNS" 0.276194250201683 1.12951781816216 1.17390817665358 0.247302518938049 0.957056424483538 0.697649478903222 0.237156799267627 -0.656253716283575 0.875684682437613 0.901544362128792 0.520652079218948 0.0480412196656732 -0.886022982372877 0.6631731451821 1.65861629217599 1.35794586442627 1.01814534290122 0.902181352546365 1.48976057066363 1.20083253087528 0.604802028314455 0.394727367790821 1.20926211856048 0.112899217572693 0.0731233030401809 -0.215994076739362 1.37064257985551 -0.223653043287652 0.936977698243101 1.06784853791428 0.368209784796287 0.61844885409409 0.786316395954714 0.804203201266533 -1.13340963090566 0.931634685612848 -0.348871538915742 0.377851580308429 -0.0498825855610911
"PNSAPET" 0.00128239238270131 0.636816952690413 -1.89027763196522 0.691125999957754 0.331454689553582 -0.256597713147795 -0.0818313076912144 1.32855152453614 0.728565543759309 0.84925047071181 0.528195721690863 -0.824611547432908 -0.500169842425144 -0.811614960292757 0.440734224920682 0.10295714181356 0.182424416012258 1.26297599092547 0.546714254743316 0.743208199060202 -0.734777420169994 -0.358378477094077 -0.292393328370079 -0.271699037173434 0.721756307377977 0.919678845912047 -0.223653043287652 3.94895390794239 -0.925102564707451 -1.72720622398718 -0.440131374345267 0.377018734651872 0.219182047041194 -0.65140121244589 -0.919578528060754 -0.531428886023577 1.77713856997853 0.470006504809987 -0.131668419953242
"APETBA" 0.220911168752575 0.921657643207897 1.16565029180239 0.209648087756388 0.71236979159432 0.66357003206423 0.259358632981357 -0.580372707874986 0.574800654896906 0.923060929904507 0.30160127889856 0.247462923266694 -0.650608567622331 0.693758141123719 1.60332663633562 1.11189883313454 1.22231557970889 0.619078064534749 1.39201743907089 1.0472413916966 0.621197265360073 0.402268838132937 0.917730795705598 0.148915510142964 0.442803797322613 -0.503071924340422 0.936977698243101 -0.925102564707451 1.70240474682714 1.47552133892716 0.790484041414183 0.154125219423612 0.582773884965042 0.72793627954825 -1.56666085306541 0.80720469365533 -0.439471611551873 0.393922233279209 0.160559896852461
"APETTS" 0.497708640998275 1.29352095196188 2.25112420412225 0.536595866103865 1.32567787916143 0.78789326961153 0.610095599723078 -0.268854307168505 1.00326092014217 1.63058832864601 0.297721079809121 0.723635873035784 -0.652426049906959 0.853954446207714 1.43067799026225 1.56531684303557 1.22112873706161 0.779759490022519 1.56620739762898 1.087257248246 0.843606848350926 0.679906062713353 0.90913736637255 0.20313061675475 -0.578939918829477 -0.901041842124229 1.06784853791428 -1.72720622398718 1.47552133892716 3.49907448297026 0.964605242792632 0.779899650891233 0.786617379146934 0.800223026923544 -2.10973646202904 1.11455236848758 -0.736660062214442 0.212111663312463 0.348778955200987
"BAEAM" 0.206288280298068 0.573060495264882 1.11034631210326 0.40617562086164 0.429945141599592 0.325757801913255 0.279506467532913 0.255378670531359 0.545535479232477 1.33644973096015 0.270264759228422 0.455543993618287 0.718166895778971 0.566352924579284 0.367671138457908 0.40511225275138 0.976018347402533 0.632843361017617 0.706318193563377 0.709559426003348 0.135506625853058 0.425096570328988 0.207171909840502 0.123223650419733 0.673649787679495 0.0636547120410882 0.368209784796287 -0.440131374345267 0.790484041414183 0.964605242792632 1.08974089000242 0.211928288149639 0.270442961167492 0.277866208606024 -0.421394179611267 0.434140158367941 1.07422670701592 0.608339948300231 0.130586409661021
"EAMZYGO" 0.387115557333893 1.04526627217337 1.03516994131139 0.667016639700313 0.846537004489871 0.641071536813868 0.927027177665307 -0.0570279143989345 0.72616666327134 0.311129689123794 0.766833806489844 0.797288580220659 0.187685924448093 0.744350355027988 0.364515296966632 0.575813493339902 0.45422650566617 1.02042235282162 0.459609737295021 0.639110164633138 0.269516027834452 0.335472992791232 0.797656292436725 0.288171594863665 -0.673629637202801 0.623470890504228 0.61844885409409 0.377018734651872 0.154125219423612 0.779899650891233 0.211928288149639 2.8078341071097 0.541950772448861 0.341854303457228 0.0960045208673915 0.469311634406383 0.579913393392279 0.0638343499245778 0.157627999107282
"ZYGOTSP" 0.276731397375082 1.46871547692226 1.52950619704477 1.03195847142143 0.652964379026625 0.751940834867382 -0.202474538561584 0.00358302235808363 0.827058571129043 1.55096228623394 0.982566877918723 0.22314062097148 -2.93879527268262 -0.00316255243027112 2.71600471274733 2.38997467750627 1.27063115775809 1.6088154447136 4.13150529015367 0.517306732464868 0.576523593905194 0.390394953938577 0.877750108088539 -0.310123290618087 1.29662199494483 1.90354143267343 0.786316395954714 0.219182047041194 0.582773884965042 0.786617379146934 0.270442961167492 0.541950772448861 3.59253509862312 -0.411344192137187 -0.41547248049942 0.131239903574062 -0.259652440985254 0.999443586852723 -0.367942154736177
"LDAS" 0.348363925760288 0.676147455378912 1.17851734133941 -0.180435254319452 0.489760034960795 0.387790453129235 0.427097200653971 -0.253540214225066 0.604279257533375 1.08005222768736 0.411170669382118 0.608732331339859 0.211089146117965 0.988222389792056 0.986529716013304 0.908401380896312 0.794877171585047 0.477447705207364 0.646972692340149 1.77302298974143 0.653869943783117 0.039855638291251 0.609440338236109 -0.0286360071902639 0.214111768376444 -1.15670678963875 0.804203201266533 -0.65140121244589 0.72793627954825 0.800223026923544 0.277866208606024 0.341854303457228 -0.411344192137187 3.18904940787175 -2.11783792069727 2.52801313648643 -0.466903231154613 -0.151447946238549 0.492541597390432
"BRLD" 0.181279854627008 0.350353133622395 0.130404722851906 -0.733455306257644 -1.94438657058554 -1.13931201186781 -1.42841368471403 -0.823476762748966 -1.1380232551716 -3.41470406863923 -0.502064230707318 0.600230390565306 2.90843013345493 1.43667422494463 -3.08534351306868 -2.18543799003786 -1.00194525172013 -1.02261457788068 -2.32151466009702 -2.79955243648614 0.253750650783489 1.7141750522768 -0.126448821829097 0.11287682898762 0.169151200201875 2.5996002597719 -1.13340963090566 -0.919578528060754 -1.56666085306541 -2.10973646202904 -0.421394179611267 0.0960045208673915 -0.41547248049942 -2.11783792069727 13.7521042228881 -3.37438271052956 1.90652809212389 -0.26164087310344 0.440494303106996
"OPILD" 0.286760988786958 -0.187834953546221 0.700108025638061 -0.158572783300183 0.0902096380715749 0.113975275971468 0.65069690499219 -0.389437173282187 0.363148955835451 0.666179897656753 0.324215302308682 0.65276563094271 -0.30088234856653 1.15687888233427 1.15296518305175 0.990858331240929 1.15989514540439 1.37955409960812 1.35733138136961 1.62332432449445 0.22249177874508 0.267463618759626 0.690479322218392 0.168707596363276 0.700866038736891 -0.896178102478097 0.931634685612848 -0.531428886023577 0.80720469365533 1.11455236848758 0.434140158367941 0.469311634406383 0.131239903574062 2.52801313648643 -3.37438271052956 4.30031486912371 0.169665859045072 0.434984580997174 -0.535879077046374
"PTAS" -0.0159045384787436 0.19275821935164 -0.147168007487183 1.00361481419138 0.576930461450365 -0.0365549196067071 -0.698944342592775 2.38502364319774 1.63091812051246 2.73966733968698 1.0500011904076 0.0943772090184566 2.50737933956137 0.291239793081889 -2.39559179014017 0.307453180743581 2.62067369729988 4.27964585284749 1.18988628296593 1.26373162013077 -1.45180651834165 0.41171776310071 -0.215007591132544 0.0999524476779616 0.552228696284565 0.359642489755073 -0.348871538915742 1.77713856997853 -0.439471611551873 -0.736660062214442 1.07422670701592 0.579913393392279 -0.259652440985254 -0.466903231154613 1.90652809212389 0.169665859045072 7.75457999283255 2.14716455938898 0.260822243299918
"JPAS" 0.02592086022164 0.567960275545667 0.596811276452741 0.798550997038852 0.383131997844909 0.280804292584092 0.581125421631441 0.496790446143822 0.531232866372536 1.14142793459591 0.442494186176208 0.125514004398077 0.0596752363950553 0.195273202928392 0.334835100733899 0.635004913443765 1.0828881235507 1.58303753768166 1.36473651143544 0.322114511081094 -0.336000747510652 0.277169874040071 0.371337586383103 -0.325037239175613 1.11467967327044 0.372053752715242 0.377851580308429 0.470006504809987 0.393922233279209 0.212111663312463 0.608339948300231 0.0638343499245778 0.999443586852723 -0.151447946238549 -0.26164087310344 0.434984580997174 2.14716455938898 1.81320309893906 -0.0308810743432666
"BAOPI" 0.0655479049761273 0.54378912037296 0.0919445936295912 0.0233628943485135 0.359605910786386 -0.080507599720889 -0.0455850236440309 0.538690028926898 0.594807732461018 0.83964700412276 0.0870033196093579 0.352489955406535 0.831114975361253 0.422415986833418 -0.124175476558344 0.430604189883115 0.566359521857114 0.167739974431571 -0.128827450936373 0.736093215866324 -0.0323877520476064 -0.0425204328008906 -0.0180367445448891 -0.01136178432307 -0.357799784409186 -0.114058344607132 -0.0498825855610911 -0.131668419953242 0.160559896852461 0.348778955200987 0.130586409661021 0.157627999107282 -0.367942154736177 0.492541597390432 0.440494303106996 -0.535879077046374 0.260822243299918 -0.0308810743432666 1.13957966257982
