"" "ISPM" "ISNSL" "ISPNS" "PMZS" "PMZI" "PMMT" "NSLNA" "NSLZS" "NSLZI" "NABR" "NAFM" "NAPNS" "BRPT" "BRAPET" "PTFM" "PTAPET" "PTBA" "PTEAM" "PTZYGO" "PTTSP" "FMZS" "FMMT" "ZSZI" "ZIMT" "ZIZYGO" "ZITSP" "MTPNS" "PNSAPET" "APETBA" "APETTS" "BAEAM" "EAMZYGO" "ZYGOTSP" "LDAS" "BRLD" "OPILD" "PTAS" "JPAS" "BAOPI"
"ISPM" 0.436588102069018 0.658870917897751 1.05224267327149 0.449136361014189 0.38881299677868 0.565311499578767 0.128270957306323 0.222264021397859 0.529408295285154 0.351149120207213 0.122988992845809 0.257792973993245 0.0972434914384507 0.55207615258067 0.22187945119891 0.457170865814808 0.75703737073462 0.566040183570106 0.613646895951351 0.0690730925129224 0.0623051562643959 0.464611765470098 0.286051957250204 0.359377202779556 0.21405026579157 0.42325707352522 0.377373848279518 0.20648719355637 0.411615580020542 0.334745629428803 0.37282182887808 0.494748029530652 0.470301648819356 0.134890401496231 0.232183056525907 0.2458474552989 0.596474147421814 0.365629468619771 0.018579144025687
"ISNSL" 0.658870917897751 4.24837037729659 4.32478893020173 3.20409118149422 2.21453916590618 2.00280322289902 -0.114543747035991 1.05196215934251 1.67279761862454 1.58114970569692 0.509470596982605 1.0803221763491 -0.26554347116224 0.466330624934094 1.63319944586496 1.18766418913956 1.75260275480303 1.10346959140243 2.09666488422523 0.0254221297967046 0.222100684970253 1.54579736965287 0.714488542440664 0.17270151076308 0.436657112993797 1.33807147656229 1.50816167028877 -0.413324150553492 1.68931625379563 1.67387223618735 1.35049832790392 2.03867881940924 1.65989392192216 0.022100413806006 -0.324385058298617 -0.104624606246669 0.822537488380767 1.23038973300771 0.405428017310945
"ISPNS" 1.05224267327149 4.32478893020173 7.47535286594883 4.1940324952335 2.9401193964985 3.54833237896389 0.452585082277987 1.33102404109855 2.23931536122301 2.05005885464129 0.654609631953428 1.85227817880599 -0.260710998009997 1.53651121883419 1.61769374892217 2.69923249479604 4.26451429725126 3.42080638708736 4.0542064631368 0.216160482435582 0.369199505724795 2.56490835306632 1.31822117592201 0.929225429705573 1.80023210982882 2.63949577722134 2.14748812154363 -1.4295430122612 2.98782571807456 2.89821033180876 2.19024137022962 2.87081795737747 3.58094600443253 0.0606319874588133 1.35940785233368 0.243913423279826 2.87932540842199 1.90772415263259 0.483775646834499
"PMZS" 0.449136361014189 3.20409118149422 4.1940324952335 4.40609782830181 3.03754798832818 2.19425096345911 1.35238528834268 2.00122763501528 2.04401951151415 1.46627582972809 1.17286662037961 1.81408862466865 -0.482005087520619 0.491851833652059 1.26489574866561 1.39278164601745 2.22466443845462 2.07851348322477 2.88120470275337 0.194132858825248 -0.216536833278795 1.57009809112185 0.815564478474334 -0.282001075687566 0.924784112319688 1.70810978726107 1.44807712496458 -0.494112455462971 1.9200646338782 1.78903283014391 1.54460475951464 1.79598780312964 2.50340040336964 0.0831059593490271 0.874639939580897 -0.170424092581489 1.80753098690885 1.68105896338045 0.988978340256988
"PMZI" 0.38881299677868 2.21453916590618 2.9401193964985 3.03754798832818 2.87498330754163 1.841124929629 0.980151388930628 1.21279642203325 2.07793909474186 0.982386594908197 0.953021488787057 1.18981656528013 -0.274659409671993 0.380259481037705 1.08656176121155 0.649829525773571 1.32235272118092 1.40394431740232 1.95765700718952 0.320010396615333 0.133414162578417 1.47111043777664 1.23250120573354 -0.00586437117093732 0.468358311047333 1.19762520602719 1.1739448267736 -0.0102590172005335 1.56568387658972 1.27475995083487 1.28099692124473 1.44623235762093 1.43696200920975 0.0564324164091192 0.776389870821825 -0.247530421082976 1.46765720512165 1.26089507071288 0.84763106487201
"PMMT" 0.565311499578767 2.00280322289902 3.54833237896389 2.19425096345911 1.841124929629 2.64448703933809 0.250163832613076 0.812269436593417 1.45229999030262 0.900359667482916 0.349910406031894 0.849129987892707 -0.282197443119539 0.349720380690461 0.442839099524901 1.19132546226356 2.0536475348997 1.8721619434868 2.0458732003602 0.286750980913459 0.0710274352672159 1.12067406266883 0.864015528270933 0.947230545820406 0.836255162706675 1.41569747647284 0.808634314975947 -0.299655602481161 1.38524952860294 1.45693793299402 1.10295395484092 1.55231559856176 1.82731879558871 0.110374717244289 0.751775867463642 0.14018609963278 2.08691530952505 1.16022055079809 0.570947923481894
"NSLNA" 0.128270957306323 -0.114543747035991 0.452585082277987 1.35238528834268 0.980151388930628 0.250163832613076 3.56252393199808 1.09866586592907 1.16638247269554 -1.25998546749415 0.706437137773751 1.71419972268667 -0.387205508857115 -0.118670382835729 -0.01746395859274 0.422083551316212 0.585286905917291 1.30428369904524 1.23629618058984 0.212650249811391 0.0490974896080214 0.603068345090657 0.58535120677988 -0.350473482800859 0.870410569532278 0.313498489565648 0.2995919004982 -0.0444976276746955 0.172220985363581 0.251394385908854 0.49169272262553 -0.701066843816923 1.08659655066806 0.111176804990397 0.87285669126095 0.416411436633832 0.997295811386762 0.59571908652661 0.440198528750317
"NSLZS" 0.222264021397859 1.05196215934251 1.33102404109855 2.00122763501528 1.21279642203325 0.812269436593417 1.09866586592907 1.93448927210071 1.20074926300689 0.712249066006868 1.02498523497819 1.45262268222283 0.0919694425122192 0.449983985877259 0.41295360503565 0.604209861549606 0.774845163521813 0.709738320021713 1.05809694457516 0.30569050020986 -0.401416849390117 0.40972965829152 -0.167530392230571 -0.331853155328607 0.151909025744546 0.613022892571629 0.298525225049048 -0.118538919393639 0.574902483509638 0.740789554416946 0.874109365449527 0.41991303495426 0.973342730036831 0.0806748473745374 0.812890257645141 -0.0154770080520302 1.06446488211839 1.10579904422522 0.588948441899181
"NSLZI" 0.529408295285154 1.67279761862454 2.23931536122301 2.04401951151415 2.07793909474186 1.45229999030262 1.16638247269554 1.20074926300689 2.2036465847631 0.792465119766463 0.85057818491456 1.31862084960503 -0.0531780221477981 0.534396844323259 1.11908959964094 0.531922137861743 0.915728297437873 0.788438599213951 1.59268029933247 0.30515653838668 0.260609239500449 1.25444481875488 1.1807431016705 0.332881729204716 0.316342980180367 1.00919110902079 0.69863390041199 0.13292020441885 1.14897163772817 1.06074436570461 1.23516473429816 1.00053692490914 1.18678885305089 0.13739184465168 0.50602874630418 0.171777711181877 1.02576832542728 1.04261699391588 0.578431715336217
"NABR" 0.351149120207213 1.58114970569692 2.05005885464129 1.46627582972809 0.982386594908197 0.900359667482916 -1.25998546749415 0.712249066006868 0.792465119766463 5.95863911584093 0.93505711216009 1.07618454724 2.21410517922905 2.3518516002037 1.3110871604759 0.611581849168564 1.53873819099484 0.276524260205292 1.03888935879093 0.574976526020414 0.0413941038809124 1.01108493206571 0.241026531309945 -0.148978770123016 -0.254367601817188 0.92404876920872 0.6794205605994 -0.0383473194477999 1.28651973762183 1.03446877815328 1.05798496509812 2.06923224305793 0.233835345616621 0.679843471515641 -1.55317317917687 0.454363966406105 1.23168334316605 0.779559605305692 0.451196178287642
"NAFM" 0.122988992845809 0.509470596982605 0.654609631953428 1.17286662037961 0.953021488787057 0.349910406031894 0.706437137773751 1.02498523497819 0.85057818491456 0.93505711216009 1.21746743454038 1.08181176046361 0.504530793970763 0.834309541023413 0.399639635934161 0.160117784597838 0.473896087040174 0.359369168356816 0.536976467568364 0.0177610474753181 0.0403750901648968 0.450781339538725 0.1675089060553 -0.426407770148089 0.0748241465364772 0.401760330586204 0.31936250395236 0.0224225655863791 0.593017987437084 0.49186347238867 0.785490412684881 0.358533290657747 0.369351529764597 0.245977919614381 0.949431088117946 0.217418083827983 0.808248715712518 0.833444506611314 0.371219717951706
"NAPNS" 0.257792973993245 1.0803221763491 1.85227817880599 1.81408862466865 1.18981656528013 0.849129987892707 1.71419972268667 1.45262268222283 1.31862084960503 1.07618454724 1.08181176046361 2.71604816814331 0.730063321286397 1.10187495604101 0.766857306001885 0.842733609331327 1.24359018098842 1.18417198678118 1.01855270989135 0.26720348356357 0.113493939659893 1.40193461956728 0.407973084806244 -0.100469326465214 0.875870821470149 0.463550993663815 0.448743730425718 -0.50998662068045 0.784741525034085 1.09706473032876 1.20118259945652 0.503914391922818 1.0211063273754 0.596354327698 1.58246345593125 0.77283188768267 1.67638997513594 1.17624098943213 0.458948112683377
"BRPT" 0.0972434914384507 -0.26554347116224 -0.260710998009997 -0.482005087520619 -0.274659409671993 -0.282197443119539 -0.387205508857115 0.0919694425122192 -0.0531780221477981 2.21410517922905 0.504530793970763 0.730063321286397 3.94507214727362 1.92971794701407 -1.07751437665743 -2.13758289269364 -1.33075639978082 -1.2962415295014 -3.08038460694947 -0.682198582571956 0.0679069407807417 0.159903174827247 -0.23578453352487 -0.161989051199354 -0.437431248220522 -1.49222893827699 -0.140054137826268 0.336778685552848 -0.472927334959945 -0.322294011547761 0.326378689927085 0.028783205075472 -2.16406557417088 0.384667420392111 0.391716719211679 0.104585874383134 0.954415775011285 -0.212162693690644 -0.106698253877743
"BRAPET" 0.55207615258067 0.466330624934094 1.53651121883419 0.491851833652059 0.380259481037705 0.349720380690461 -0.118670382835729 0.449983985877259 0.534396844323259 2.3518516002037 0.834309541023413 1.10187495604101 1.92971794701407 3.25715598123322 0.670476430908044 1.14574133683567 1.82749373429621 0.920376574239089 0.630284233218017 0.227534144013065 0.22277607406669 1.27402006188436 0.300839132362555 0.0980573402531396 0.419696982114251 0.463354220573345 0.707166008669652 0.0807912686107719 0.835389588853435 0.844167793849251 1.26610301394291 1.00068012399812 0.501079068859667 0.574483055197367 1.81119254028319 1.02360043343746 1.28099083042033 1.19351740631283 0.233448356461889
"PTFM" 0.22187945119891 1.63319944586496 1.61769374892217 1.26489574866561 1.08656176121155 0.442839099524901 -0.01746395859274 0.41295360503565 1.11908959964094 1.3110871604759 0.399639635934161 0.766857306001885 -1.07751437665743 0.670476430908044 3.54947093516925 1.35862426543196 0.985982024801238 -0.695142071573761 2.14706329824327 0.424060131630407 0.172265977995248 1.03986090656148 0.703213878154498 0.0115175995236065 0.473734800719476 1.20888047637714 0.694576610470384 -0.283767764470511 1.62650209873131 1.49449182437687 1.2018568487967 1.36019384485786 1.57038610339229 -0.0458896713570464 -0.193282976526852 0.599831829557638 -1.25022011564496 0.911111015883677 0.183426163414814
"PTAPET" 0.457170865814808 1.18766418913956 2.69923249479604 1.39278164601745 0.649829525773571 1.19132546226356 0.422083551316212 0.604209861549606 0.531922137861743 0.611581849168564 0.160117784597838 0.842733609331327 -2.13758289269364 1.14574133683567 1.35862426543196 4.56906861611425 4.28179538332866 3.21442476391272 4.36265948218896 1.29766018178809 0.0652080532047132 1.22103951334086 0.410865879190449 0.310108425380963 1.07958578360265 1.95644218348683 0.851930058074254 -0.90836048740532 1.2288681544363 1.497244473986 0.823951703448225 1.05742723367402 3.23189348424599 0.107465930109356 0.654708600305667 0.890230280353867 1.14299173185565 1.86598701400395 0.418692768152377
"PTBA" 0.75703737073462 1.75260275480303 4.26451429725126 2.22466443845462 1.32235272118092 2.0536475348997 0.585286905917291 0.774845163521813 0.915728297437873 1.53873819099484 0.473896087040174 1.24359018098842 -1.33075639978082 1.82749373429621 0.985982024801238 4.28179538332866 5.68254915375346 4.60290614213763 4.78312419724272 1.1759319140691 0.200470338036531 2.06045112124097 0.726689322831423 0.628163971105344 1.6828546221661 2.53489708253528 1.41027416158723 -0.911071152410607 2.60924749472191 2.06818322839487 1.54012709907882 1.70883857833518 3.46635016025716 0.47530183024866 1.46161325521048 1.3033400536394 3.10590526630641 2.41036781644453 0.496483584495569
"PTEAM" 0.566040183570106 1.10346959140243 3.42080638708736 2.07851348322477 1.40394431740232 1.8721619434868 1.30428369904524 0.709738320021713 0.788438599213951 0.276524260205292 0.359369168356816 1.18417198678118 -1.2962415295014 0.920376574239089 -0.695142071573761 3.21442476391272 4.60290614213763 5.91584184381736 4.31245221097571 1.13471564048902 0.0490848978620959 1.90165618779941 0.740074421631842 0.469931409460878 1.64623928410082 2.38431245843304 1.40829154130808 -0.62248377963666 1.38640081654206 1.27297252052583 0.705391437685309 0.843969553321747 3.0036085765404 0.791842610997494 1.90206783588174 0.716209385486004 4.34107146368493 1.84661119199168 0.732279082768645
"PTZYGO" 0.613646895951351 2.09666488422523 4.0542064631368 2.88120470275337 1.95765700718952 2.0458732003602 1.23629618058984 1.05809694457516 1.59268029933247 1.03888935879093 0.536976467568364 1.01855270989135 -3.08038460694947 0.630284233218017 2.14706329824327 4.36265948218896 4.78312419724272 4.31245221097571 7.27498855823088 1.42708553545782 -0.00856916313008412 1.56003101211171 1.11243905542184 0.456268051778688 1.42118217528829 3.90983403637819 1.41425247242254 -0.627557738856877 2.10493863964971 1.93213411637311 1.17121030541423 1.87413876808417 5.18569700639133 0.239204616422583 0.55046682674738 0.103655268441633 1.44098030406634 1.73731465666123 0.947790991562252
"PTTSP" 0.0690730925129224 0.0254221297967046 0.216160482435582 0.194132858825248 0.320010396615333 0.286750980913459 0.212650249811391 0.30569050020986 0.30515653838668 0.574976526020414 0.0177610474753181 0.26720348356357 -0.682198582571956 0.227534144013065 0.424060131630407 1.29766018178809 1.1759319140691 1.13471564048902 1.42708553545782 1.82694617594349 -0.0462535107715243 0.318280231845585 0.109218633779995 -0.0744815062801479 -0.0596200952433363 0.170988929850347 0.196667574422075 -0.0520039539709663 0.274128002601325 0.291296580816519 -0.0394939795941597 0.182035954844201 0.224388725045783 -0.0165468556838843 -0.0813177222743106 -0.129072268807376 0.472787474911513 0.615058129055181 0.353572505185108
"FMZS" 0.0623051562643959 0.222100684970253 0.369199505724795 -0.216536833278795 0.133414162578417 0.0710274352672159 0.0490974896080214 -0.401416849390117 0.260609239500449 0.0413941038809124 0.0403750901648968 0.113493939659893 0.0679069407807417 0.22277607406669 0.172265977995248 0.0652080532047132 0.200470338036531 0.0490848978620959 -0.00856916313008412 -0.0462535107715243 0.835528992618612 0.707243133230497 0.449093413439446 0.271219086127421 0.285031137982097 0.235802071130851 0.127043751219227 0.0336958328010067 0.178867677555524 0.0441930821752268 0.294404380161728 0.0121311654898286 -0.127191160457537 0.228563299002984 0.738297052090769 0.113116351490273 0.0836374211668524 0.0865551043782765 0.134900623770492
"FMMT" 0.464611765470098 1.54579736965287 2.56490835306632 1.57009809112185 1.47111043777664 1.12067406266883 0.603068345090657 0.40972965829152 1.25444481875488 1.01108493206571 0.450781339538725 1.40193461956728 0.159903174827247 1.27402006188436 1.03986090656148 1.22103951334086 2.06045112124097 1.90165618779941 1.56003101211171 0.318280231845585 0.707243133230497 2.43982027504331 1.02299674008922 0.621946363471714 1.19504993891467 1.28009609821972 1.16558782992702 -0.118881862020606 1.36133223528933 1.08257008302117 1.23413400510769 0.938472813739519 1.09425848336864 0.691259041001789 1.83194107643023 0.485726824697542 1.90482498495145 1.22638427359879 0.58378490758764
"ZSZI" 0.286051957250204 0.714488542440664 1.31822117592201 0.815564478474334 1.23250120573354 0.864015528270933 0.58535120677988 -0.167530392230571 1.1807431016705 0.241026531309945 0.1675089060553 0.407973084806244 -0.23578453352487 0.300839132362555 0.703213878154498 0.410865879190449 0.726689322831423 0.740074421631842 1.11243905542184 0.109218633779995 0.449093413439446 1.02299674008922 1.3179137543328 0.414794954603678 0.402966708077212 0.693825802217431 0.508945427337693 0.0855199384961796 0.776710596785008 0.573907303825999 0.573335041180805 0.68643943210756 0.790136804665929 0.181036164833123 0.185045742190018 0.286449447879376 0.535432382844596 0.313293757581791 0.237632182343292
"ZIMT" 0.359377202779556 0.17270151076308 0.929225429705573 -0.282001075687566 -0.00586437117093732 0.947230545820406 -0.350473482800859 -0.331853155328607 0.332881729204716 -0.148978770123016 -0.426407770148089 -0.100469326465214 -0.161989051199354 0.0980573402531396 0.0115175995236065 0.310108425380963 0.628163971105344 0.469931409460878 0.456268051778688 -0.0744815062801479 0.271219086127421 0.621946363471714 0.414794954603678 1.53079060843991 0.523681476587968 0.594512487924317 -0.00668019594877022 -0.00694149879441908 0.287965436153941 0.310105369166433 0.210771973794702 0.311564548856059 0.519438280611934 0.244885040040698 0.480450976272059 0.339578456019675 0.515250574198054 0.220960917411096 -0.0376471339207025
"ZIZYGO" 0.21405026579157 0.436657112993797 1.80023210982882 0.924784112319688 0.468358311047333 0.836255162706675 0.870410569532278 0.151909025744546 0.316342980180367 -0.254367601817188 0.0748241465364772 0.875870821470149 -0.437431248220522 0.419696982114251 0.473734800719476 1.07958578360265 1.6828546221661 1.64623928410082 1.42118217528829 -0.0596200952433363 0.285031137982097 1.19504993891467 0.402966708077212 0.523681476587968 2.29312764795697 0.798342736618358 0.592523016582715 -0.615499486081398 1.00466357786025 0.956640181890892 0.660901875767875 -0.347149625225871 1.51773139417292 0.616531626242288 1.85016258388331 1.01574685285313 1.61783710599306 1.05016887725516 0.224634320999704
"ZITSP" 0.42325707352522 1.33807147656229 2.63949577722134 1.70810978726107 1.19762520602719 1.41569747647284 0.313498489565648 0.613022892571629 1.00919110902079 0.92404876920872 0.401760330586204 0.463550993663815 -1.49222893827699 0.463354220573345 1.20888047637714 1.95644218348683 2.53489708253528 2.38431245843304 3.90983403637819 0.170988929850347 0.235802071130851 1.28009609821972 0.693825802217431 0.594512487924317 0.798342736618358 3.77708165030697 0.986143124587599 0.0666275912128305 1.39078273243315 1.20612974210854 0.860233930239157 1.64341762915443 3.0612704278455 0.592123881930754 0.678758080238943 -0.455162331688335 1.21605085929324 0.466109969854335 0.763817727484563
"MTPNS" 0.377373848279518 1.50816167028877 2.14748812154363 1.44807712496458 1.1739448267736 0.808634314975947 0.2995919004982 0.298525225049048 0.69863390041199 0.6794205605994 0.31936250395236 0.448743730425718 -0.140054137826268 0.707166008669652 0.694576610470384 0.851930058074254 1.41027416158723 1.40829154130808 1.41425247242254 0.196667574422075 0.127043751219227 1.16558782992702 0.508945427337693 -0.00668019594877022 0.592523016582715 0.986143124587599 1.40879393222358 -0.120985110497383 1.05428169015688 0.870766044087287 0.66837932415401 1.01127423204334 0.865462207106625 0.0753464596289867 0.617821366578518 -0.105238633193939 1.13829044137101 0.74094186294329 0.250736273653636
"PNSAPET" 0.20648719355637 -0.413324150553492 -1.4295430122612 -0.494112455462971 -0.0102590172005335 -0.299655602481161 -0.0444976276746955 -0.118538919393639 0.13292020441885 -0.0383473194477999 0.0224225655863791 -0.50998662068045 0.336778685552848 0.0807912686107719 -0.283767764470511 -0.90836048740532 -0.911071152410607 -0.62248377963666 -0.627557738856877 -0.0520039539709663 0.0336958328010067 -0.118881862020606 0.0855199384961796 -0.00694149879441908 -0.615499486081398 0.0666275912128305 -0.120985110497383 2.33776181644396 -0.918090544414428 -1.10305126553056 -0.230095082882714 0.242527937624824 -0.67444397245472 0.611965296907201 -0.108322627030733 -0.131669596783315 -0.0628263769796217 -0.669238520930017 0.495949884105523
"APETBA" 0.411615580020542 1.68931625379563 2.98782571807456 1.9200646338782 1.56568387658972 1.38524952860294 0.172220985363581 0.574902483509638 1.14897163772817 1.28651973762183 0.593017987437084 0.784741525034085 -0.472927334959945 0.835389588853435 1.62650209873131 1.2288681544363 2.60924749472191 1.38640081654206 2.10493863964971 0.274128002601325 0.178867677555524 1.36133223528933 0.776710596785008 0.287965436153941 1.00466357786025 1.39078273243315 1.05428169015688 -0.918090544414428 3.00184871641175 1.99155062858402 1.4618373682043 1.41882285511358 1.50825481735058 -0.0730166936717014 0.448049016168932 0.772261109890468 1.24688265556029 1.47184215486103 -0.044528542262838
"APETTS" 0.334745629428803 1.67387223618735 2.89821033180876 1.78903283014391 1.27475995083487 1.45693793299402 0.251394385908854 0.740789554416946 1.06074436570461 1.03446877815328 0.49186347238867 1.09706473032876 -0.322294011547761 0.844167793849251 1.49449182437687 1.497244473986 2.06818322839487 1.27297252052583 1.93213411637311 0.291296580816519 0.0441930821752268 1.08257008302117 0.573907303825999 0.310105369166433 0.956640181890892 1.20612974210854 0.870766044087287 -1.10305126553056 1.99155062858402 2.51067175548996 1.28209635499588 1.40352230733025 1.67746251395145 -0.0554651983115596 0.875886006344623 0.673049870616045 1.18847186517558 1.38637726535384 0.221383477893463
"BAEAM" 0.37282182887808 1.35049832790392 2.19024137022962 1.54460475951464 1.28099692124473 1.10295395484092 0.49169272262553 0.874109365449527 1.23516473429816 1.05798496509812 0.785490412684881 1.20118259945652 0.326378689927085 1.26610301394291 1.2018568487967 0.823951703448225 1.54012709907882 0.705391437685309 1.17121030541423 -0.0394939795941597 0.294404380161728 1.23413400510769 0.573335041180805 0.210771973794702 0.660901875767875 0.860233930239157 0.66837932415401 -0.230095082882714 1.4618373682043 1.28209635499588 1.86226286405941 1.03161125822762 1.12398253081101 0.324525819307718 1.41321868396709 1.05738097816327 1.00257590979725 1.36880713021253 0.328042057398616
"EAMZYGO" 0.494748029530652 2.03867881940924 2.87081795737747 1.79598780312964 1.44623235762093 1.55231559856176 -0.701066843816923 0.41991303495426 1.00053692490914 2.06923224305793 0.358533290657747 0.503914391922818 0.028783205075472 1.00068012399812 1.36019384485786 1.05742723367402 1.70883857833518 0.843969553321747 1.87413876808417 0.182035954844201 0.0121311654898286 0.938472813739519 0.68643943210756 0.311564548856059 -0.347149625225871 1.64341762915443 1.01127423204334 0.242527937624824 1.41882285511358 1.40352230733025 1.03161125822762 3.12541464229124 1.42757148566636 0.0794156822252822 -0.235933346906786 -0.195652850614001 0.730592545815778 0.286679687999437 0.514500852928194
"ZYGOTSP" 0.470301648819356 1.65989392192216 3.58094600443253 2.50340040336964 1.43696200920975 1.82731879558871 1.08659655066806 0.973342730036831 1.18678885305089 0.233835345616621 0.369351529764597 1.0211063273754 -2.16406557417088 0.501079068859667 1.57038610339229 3.23189348424599 3.46635016025716 3.0036085765404 5.18569700639133 0.224388725045783 -0.127191160457537 1.09425848336864 0.790136804665929 0.519438280611934 1.51773139417292 3.0612704278455 0.865462207106625 -0.67444397245472 1.50825481735058 1.67746251395145 1.12398253081101 1.42757148566636 4.72801145706264 0.13795128948951 1.05045746693048 0.232227361831455 1.11654865627591 1.20747800062324 0.696053052825735
"LDAS" 0.134890401496231 0.022100413806006 0.0606319874588133 0.0831059593490271 0.0564324164091192 0.110374717244289 0.111176804990397 0.0806748473745374 0.13739184465168 0.679843471515641 0.245977919614381 0.596354327698 0.384667420392111 0.574483055197367 -0.0458896713570464 0.107465930109356 0.47530183024866 0.791842610997494 0.239204616422583 -0.0165468556838843 0.228563299002984 0.691259041001789 0.181036164833123 0.244885040040698 0.616531626242288 0.592123881930754 0.0753464596289867 0.611965296907201 -0.0730166936717014 -0.0554651983115596 0.324525819307718 0.0794156822252822 0.13795128948951 1.88224938881085 0.187620744894967 1.2016422736166 0.933553883989068 0.0749006551846097 0.436601011260952
"BRLD" 0.232183056525907 -0.324385058298617 1.35940785233368 0.874639939580897 0.776389870821825 0.751775867463642 0.87285669126095 0.812890257645141 0.50602874630418 -1.55317317917687 0.949431088117946 1.58246345593125 0.391716719211679 1.81119254028319 -0.193282976526852 0.654708600305667 1.46161325521048 1.90206783588174 0.55046682674738 -0.0813177222743106 0.738297052090769 1.83194107643023 0.185045742190018 0.480450976272059 1.85016258388331 0.678758080238943 0.617821366578518 -0.108322627030733 0.448049016168932 0.875886006344623 1.41321868396709 -0.235933346906786 1.05045746693048 0.187620744894967 9.71707669029484 -0.138736472275738 2.53728582026217 1.44614217694225 0.706730620708885
"OPILD" 0.2458474552989 -0.104624606246669 0.243913423279826 -0.170424092581489 -0.247530421082976 0.14018609963278 0.416411436633832 -0.0154770080520302 0.171777711181877 0.454363966406105 0.217418083827983 0.77283188768267 0.104585874383134 1.02360043343746 0.599831829557638 0.890230280353867 1.3033400536394 0.716209385486004 0.103655268441633 -0.129072268807376 0.113116351490273 0.485726824697542 0.286449447879376 0.339578456019675 1.01574685285313 -0.455162331688335 -0.105238633193939 -0.131669596783315 0.772261109890468 0.673049870616045 1.05738097816327 -0.195652850614001 0.232227361831455 1.2016422736166 -0.138736472275738 4.0535050682061 1.10642614189797 1.37627207786518 -0.736680845573179
"PTAS" 0.596474147421814 0.822537488380767 2.87932540842199 1.80753098690885 1.46765720512165 2.08691530952505 0.997295811386762 1.06446488211839 1.02576832542728 1.23168334316605 0.808248715712518 1.67638997513594 0.954415775011285 1.28099083042033 -1.25022011564496 1.14299173185565 3.10590526630641 4.34107146368493 1.44098030406634 0.472787474911513 0.0836374211668524 1.90482498495145 0.535432382844596 0.515250574198054 1.61783710599306 1.21605085929324 1.13829044137101 -0.0628263769796217 1.24688265556029 1.18847186517558 1.00257590979725 0.730592545815778 1.11654865627591 0.933553883989068 2.53728582026217 1.10642614189797 5.76675241201426 2.06739540763512 0.701959459302811
"JPAS" 0.365629468619771 1.23038973300771 1.90772415263259 1.68105896338045 1.26089507071288 1.16022055079809 0.59571908652661 1.10579904422522 1.04261699391588 0.779559605305692 0.833444506611314 1.17624098943213 -0.212162693690644 1.19351740631283 0.911111015883677 1.86598701400395 2.41036781644453 1.84661119199168 1.73731465666123 0.615058129055181 0.0865551043782765 1.22638427359879 0.313293757581791 0.220960917411096 1.05016887725516 0.466109969854335 0.74094186294329 -0.669238520930017 1.47184215486103 1.38637726535384 1.36880713021253 0.286679687999437 1.20747800062324 0.0749006551846097 1.44614217694225 1.37627207786518 2.06739540763512 3.44067213743541 0.590114599153362
"BAOPI" 0.018579144025687 0.405428017310945 0.483775646834499 0.988978340256988 0.84763106487201 0.570947923481894 0.440198528750317 0.588948441899181 0.578431715336217 0.451196178287642 0.371219717951706 0.458948112683377 -0.106698253877743 0.233448356461889 0.183426163414814 0.418692768152377 0.496483584495569 0.732279082768645 0.947790991562252 0.353572505185108 0.134900623770492 0.58378490758764 0.237632182343292 -0.0376471339207025 0.224634320999704 0.763817727484563 0.250736273653636 0.495949884105523 -0.044528542262838 0.221383477893463 0.328042057398616 0.514500852928194 0.696053052825735 0.436601011260952 0.706730620708885 -0.736680845573179 0.701959459302811 0.590114599153362 1.44336633388606
