"" "ISPM" "ISNSL" "ISPNS" "PMZS" "PMZI" "PMMT" "NSLNA" "NSLZS" "NSLZI" "NABR" "NAFM" "NAPNS" "BRPT" "BRAPET" "PTFM" "PTAPET" "PTBA" "PTEAM" "PTZYGO" "PTTSP" "FMZS" "FMMT" "ZSZI" "ZIMT" "ZIZYGO" "ZITSP" "MTPNS" "PNSAPET" "APETBA" "APETTS" "BAEAM" "EAMZYGO" "ZYGOTSP" "LDAS" "BRLD" "OPILD" "PTAS" "JPAS" "BAOPI"
"ISPM" 0.43406724243083 0.674557576989565 1.02962648707224 0.523704610614462 0.404949471237262 0.571421375729244 0.117951608860988 0.301338906097203 0.489948855523794 0.47281369786901 0.170694373245545 0.302907496165966 0.194436190372134 0.622612139377537 0.147548369618421 0.470743260697423 0.781284788159852 0.566558835299886 0.619841994567469 0.0984610138220315 0.0563983175282304 0.41934955283409 0.205588357784221 0.235843428036627 0.147058376512056 0.479740531386349 0.380934076679967 0.341411993306514 0.313337827652027 0.271681684682118 0.373856059286854 0.568802879434682 0.475212739546813 0.206354008920091 0.474897705819268 0.114584742661286 0.63473899532505 0.301668548403378 0.112848552431678
"ISNSL" 0.674557576989565 4.02560346348306 4.2897451702976 3.52513058863348 2.55582576147548 2.16987260757377 0.150851532953523 1.28185351282379 1.80378720816022 1.59246878859657 0.666654427727315 1.08067125515112 -0.0470882607944194 0.62708700940115 1.4664756313067 1.00701183862696 1.5698366564503 1.09971535411534 2.17355049212509 0.140851467298569 0.0833700087483915 1.33219330165421 0.691698725088136 -0.0047572104025648 0.374626652205352 1.16680867701873 1.50914353539184 -0.19191544537871 1.54409336647699 1.67495187007037 1.38700812131288 2.04979434093758 1.71081178167047 -0.314061943739964 0.704168221264337 -0.593255623578952 0.885072488841876 1.23833810498122 0.634628484772196
"ISPNS" 1.02962648707224 4.2897451702976 7.60927927278027 4.74598816289297 3.30070101865992 3.90334012112567 0.691533763614928 1.83174851960586 2.30679579022389 2.48443956815822 0.944686202785691 2.11362795380739 0.0907639795627097 1.8203077195351 1.26523615927981 2.7279690484732 4.42985365386892 3.68660351109695 4.29687246679209 0.378776643978796 0.15397061489208 2.33547884716854 1.09528167069931 0.589454422166307 1.60469836634599 2.67279221233079 2.10594322823871 -1.1186137377279 2.81025394694029 3.03509290431843 2.29939157123056 3.11809449242158 3.76429820598495 -0.0183810683678404 2.22288304017899 -0.118973902440354 3.32859864643072 1.92401577777505 0.868205068833772
"PMZS" 0.523704610614462 3.52513058863348 4.74598816289297 4.98692638128658 3.36246589100272 2.61040126272145 1.60702058487254 2.34244933617161 2.21734024490653 1.35646610677509 1.18348321765831 1.93703090761646 -0.709798376405867 0.477584066767932 1.38026822648518 1.6351151014301 2.4363470290241 2.34317370990661 3.37417413085761 0.33143193310568 -0.418093418903851 1.52920117296485 0.761726949270703 -0.259420848423662 1.09808082088206 1.86327016609123 1.60160918537684 -0.566767114305922 2.01424235273557 2.06171344527523 1.70530736939364 1.95478522435164 2.97281357282026 -0.0861999097919876 1.33392648772139 -0.366464711153506 1.87844757007547 1.82687667048726 1.1528366150798
"PMZI" 0.404949471237262 2.55582576147548 3.30070101865992 3.36246589100272 2.95411565282691 2.12652001709363 0.924011306805661 1.37974792696901 2.05699384222964 1.03645277374624 0.758437343235231 1.15285653875891 -0.508923413128042 0.28652020756995 1.22203184278012 0.919515334014792 1.40169326309672 1.40332986265026 2.2796690484246 0.441794430160746 -0.00924191043452643 1.37906174718243 1.08551831339517 -0.0149508995282209 0.524661737293451 1.32961060137535 1.27411746245834 0.0202887058046184 1.42516122534292 1.36045908267662 1.35542550594808 1.64825085318821 1.76685234304813 -0.0391985830999043 0.786910010862639 -0.491221734039294 1.24006420421656 1.15852059892372 1.02168559362289
"PMMT" 0.571421375729244 2.16987260757377 3.90334012112567 2.61040126272145 2.12652001709363 2.89823497722117 0.181670527750978 1.00536587192516 1.52999845813788 1.45809256694882 0.578935445545933 1.13734053913677 0.0143359080141653 0.736526576379197 0.552664844468798 1.34531644546277 2.32522997005008 1.98241254768148 2.09273782888651 0.259797335950344 0.105463787502509 1.30125401220023 0.869221762789364 0.809041930613693 0.911845878229071 1.53365067231042 0.914992463650479 -0.217991898329093 1.51999703268086 1.66438924277814 1.35344798977802 1.90652475679177 1.9663931243699 0.214231757476105 1.31733627902215 0.148460886243122 2.40018986131761 1.31651275392038 0.803617636389095
"NSLNA" 0.117951608860988 0.150851532953523 0.691533763614928 1.60702058487254 0.924011306805661 0.181670527750978 3.65026940487777 1.25507102955464 1.10248896449985 -1.15456763088313 0.597700754930994 1.96482563098143 -0.601154103436734 -0.0944752043581335 0.356438901853488 0.76003249789301 0.893655269019847 1.34301143104481 1.27452318618356 0.281996667258478 -0.0139544759980636 0.721622679143546 0.45716386174347 -0.531818358574646 0.977299939763439 0.351676175427858 0.418463633848649 -0.13072856591237 0.388995303558638 0.518437879344095 0.697838716851619 -0.535012662618368 1.17749891053122 0.258971089577077 0.829757282132303 0.935385046939774 0.934767907843677 0.617899361630528 0.291312165980858
"NSLZS" 0.301338906097203 1.28185351282379 1.83174851960586 2.34244933617161 1.37974792696901 1.00536587192516 1.25507102955464 2.12308094638266 1.37540340192746 0.611237471117375 1.00984583105919 1.55934557365332 -0.140020923658489 0.442103444374073 0.669435347407714 0.92806651214826 1.03888547969708 0.845257434439464 1.4226183096138 0.364558957478359 -0.403284912812616 0.549109005009093 -0.121060862397648 -0.255419663951274 0.380139839431263 0.778405903080997 0.43841107617483 -0.307924381664903 0.769555319271929 0.950781286235084 1.02160036626399 0.526744458775085 1.37989395618203 -0.0538505411204049 1.08804701380263 -0.0831551459799664 1.08602512624568 1.33284285884517 0.657438134232142
"NSLZI" 0.489948855523794 1.80378720816022 2.30679579022389 2.21734024490653 2.05699384222964 1.52999845813788 1.10248896449985 1.37540340192746 2.11674263096057 0.865061952005129 0.763047386209832 1.37208312411803 -0.132312208656792 0.539109447282794 1.27675113347835 0.701305793899844 0.8629886945674 0.583489215565085 1.68295279588865 0.419689097258461 0.200979496047258 1.11218220601089 0.975046306513942 0.163900879633521 0.27342569138461 1.08711739637988 0.702777968085079 0.230493472959094 0.938078009547024 1.09029643122369 1.30936039849004 1.15738428061844 1.34445744447734 0.135257184170006 0.968416679022747 -0.0858670403597796 0.718174729963509 0.876633574218762 0.764813504401402
"NABR" 0.47281369786901 1.59246878859657 2.48443956815822 1.35646610677509 1.03645277374624 1.45809256694882 -1.15456763088313 0.611237471117375 0.865061952005129 5.15048043302969 0.600649962079042 0.621711283053081 1.49606562159299 1.77192292841497 1.27283528944443 0.787863746398704 1.66462951328186 0.671427687155747 1.9353147080331 1.07965747353277 -0.0648971633680211 0.68716708018163 0.29417146512826 0.359509516042153 -0.218930611749877 1.30756324720592 0.739724670182697 -0.328809141785174 1.31303262115514 1.20747949858458 0.851861535842135 2.05771066697031 0.734315614199739 0.287823702990233 -0.807350711938176 -0.354832293011663 1.17774362813325 0.731055666199767 0.457339986091591
"NAFM" 0.170694373245545 0.666654427727315 0.944686202785691 1.18348321765831 0.758437343235231 0.578935445545933 0.597700754930994 1.00984583105919 0.763047386209832 0.600649962079042 0.727513408686316 0.688358053396017 -0.0955098225842309 0.329675974898906 0.430570664879287 0.4927214750669 0.608027215824648 0.36991743770191 0.964746730212751 0.221675441746798 -0.123493595245592 0.171409027198566 0.0480396001106313 -0.237362173024259 0.148115081297818 0.499114178970644 0.299925493603457 -0.0816061497813599 0.520411286840862 0.525511911235582 0.667661437735837 0.366345014798627 0.748596920388206 -0.0114634706637271 0.518843902822535 0.142341955551339 0.50127035991856 0.701456838343694 0.256209738650422
"NAPNS" 0.302907496165966 1.08067125515112 2.11362795380739 1.93703090761646 1.15285653875891 1.13734053913677 1.96482563098143 1.55934557365332 1.37208312411803 0.621711283053081 0.688358053396017 2.62566544383274 0.200300608775055 0.612216810447835 0.721824003495565 1.16051710011187 1.42502705207956 1.39428863833494 1.51360960586767 0.564344341090777 -0.0470264361257103 1.22743225750441 0.376894035466287 0.0825478625372018 0.995582300935626 0.507714588803643 0.386140792145022 -0.610087868574493 0.707724944920993 1.20268971523178 1.10745490431002 0.463595824410814 1.44296395528137 0.324464027905812 1.67230906653911 0.655675025194376 1.66140482993102 1.13586009871613 0.42855731744652
"BRPT" 0.194436190372134 -0.0470882607944194 0.0907639795627097 -0.709798376405867 -0.508923413128042 0.0143359080141653 -0.601154103436734 -0.140020923658489 -0.132312208656792 1.49606562159299 -0.0955098225842309 0.200300608775055 3.41986442172639 1.2339430073898 -1.24581083392925 -2.11883731804352 -1.32162489188857 -1.21150965680858 -2.86961579309309 -0.500461945708368 -0.00936884856093191 -0.0332079606499762 -0.246748141916298 0.303940524176702 -0.546226530523326 -1.41150441310009 -0.126259273079666 0.141986721611915 -0.518478438661754 -0.264078567416586 0.105285046042748 0.0787326318983778 -2.05902978680452 0.0587934182000761 0.273716500176521 -0.258821857204341 0.867622619263719 -0.410447083992075 -0.348624381501218
"BRAPET" 0.622612139377537 0.62708700940115 1.8203077195351 0.477584066767932 0.28652020756995 0.736526576379197 -0.0944752043581335 0.442103444374073 0.539109447282794 1.77192292841497 0.329675974898906 0.612216810447835 1.2339430073898 2.58922444099616 0.340530764052924 1.50777123727455 2.15473806527241 1.3452127454526 1.45290025661535 0.648492659205231 0.0782934655267724 0.976969050905921 0.26933716124248 0.363846040668542 0.265572898910675 0.838842023312445 0.668687425741261 0.105731023786647 0.659545206734042 0.768443529474245 1.01208394323742 1.03442291767493 0.993707382857621 0.357711251767447 1.62637900523879 0.570822450492405 1.30977191762608 1.0463400263971 0.22939833559197
"PTFM" 0.147548369618421 1.4664756313067 1.26523615927981 1.38026822648518 1.22203184278012 0.552664844468798 0.356438901853488 0.669435347407714 1.27675113347835 1.27283528944443 0.430570664879287 0.721824003495565 -1.24581083392925 0.340530764052924 3.45810710626023 1.24053522787547 0.703652154595708 -0.843461212449102 2.6170669774371 0.66533312337538 -0.00915032235038635 0.671728921272647 0.648682537392218 -0.126188701873021 0.265690360392591 1.35055017268985 0.496826371718744 0.00869078098627776 1.26475198820357 1.25819692104358 1.05768428683395 1.22797279991933 1.80776493696371 -0.187903128305425 -0.366259197225718 0.0685334655243433 -1.49677958171915 0.721416121768281 0.456704763576619
"PTAPET" 0.470743260697423 1.00701183862696 2.7279690484732 1.6351151014301 0.919515334014792 1.34531644546277 0.76003249789301 0.92806651214826 0.701305793899844 0.787863746398704 0.4927214750669 1.16051710011187 -2.11883731804352 1.50777123727455 1.24053522787547 5.00587164480085 4.78181070480835 3.79293369697152 4.89152564665943 1.5992982338725 -0.0287784968511192 1.23470369879844 0.421982219115115 0.140311483119365 1.10469283952535 2.12700803492402 0.845730760702268 -0.853528568483018 1.2944549038572 1.61394270767444 0.943017471409385 1.03358647346285 3.52032390297943 0.212964138237149 1.18489751923902 0.975594067159045 1.59872508436729 2.18167947680645 0.588879786009984
"PTBA" 0.781284788159852 1.5698366564503 4.42985365386892 2.4363470290241 1.40169326309672 2.32522997005008 0.893655269019847 1.03888547969708 0.8629886945674 1.66462951328186 0.608027215824648 1.42502705207956 -1.32162489188857 2.15473806527241 0.703652154595708 4.78181070480835 6.30636489097269 5.27261348400297 5.43451364974211 1.4745257878081 0.0764117608911908 1.98013451153172 0.57409401449704 0.52536214013284 1.84417928671263 2.7759480191856 1.42375132175321 -0.840303038912338 2.56274293929845 2.12675707985839 1.6216553685204 1.71116841820672 3.92995582638373 0.522287526046491 2.16545593901732 1.15317430791502 3.55345585974128 2.59579851236427 0.781546571447087
"PTEAM" 0.566558835299886 1.09971535411534 3.68660351109695 2.34317370990661 1.40332986265026 1.98241254768148 1.34301143104481 0.845257434439464 0.583489215565085 0.671427687155747 0.36991743770191 1.39428863833494 -1.21150965680858 1.3452127454526 -0.843461212449102 3.79293369697152 5.27261348400297 6.63120065979095 4.68374675439707 1.30489306823032 -0.0102429963653346 2.03460249395734 0.572554571633895 0.25638250695146 1.91300571334209 2.53718667791036 1.54732959574418 -0.588386401338687 1.38589372030753 1.41350227988785 0.792977268381948 0.976561421429563 3.3580563388265 1.01501520755067 2.33453758311605 0.964419299754751 4.87498315131291 2.03677626863698 0.946054358231477
"PTZYGO" 0.619841994567469 2.17355049212509 4.29687246679209 3.37417413085761 2.2796690484246 2.09273782888651 1.27452318618356 1.4226183096138 1.68295279588865 1.9353147080331 0.964746730212751 1.51360960586767 -2.86961579309309 1.45290025661535 2.6170669774371 4.89152564665943 5.43451364974211 4.68374675439707 7.82392640839944 1.61236693340395 -0.0957651944851833 1.74321298819414 1.05028988673981 0.0700405490209885 1.56941956216054 4.18536171351921 1.56335912131491 -0.52002995023194 2.49774929826058 2.35432853950977 1.56279346989976 2.23610440711872 5.58753774145166 0.556839190911863 1.09773012954857 0.625374621884918 1.71816430874591 2.09013414672676 1.12662130380989
"PTTSP" 0.0984610138220315 0.140851467298569 0.378776643978796 0.33143193310568 0.441794430160746 0.259797335950344 0.281996667258478 0.364558957478359 0.419689097258461 1.07965747353277 0.221675441746798 0.564344341090777 -0.500461945708368 0.648492659205231 0.66533312337538 1.5992982338725 1.4745257878081 1.30489306823032 1.61236693340395 2.00465582702994 0.0850452189976338 0.64782863323885 0.213408011280889 -0.151604544340269 0.0599213661924421 0.215404885249267 0.328996429412946 -0.0868827208464616 0.390759467115715 0.36743559900422 0.0924019905328473 0.299683784719655 0.282651417954936 0.0981573993407098 -0.160103252733244 -0.0504519938849695 0.609112967992976 0.862632941345583 0.527174804849608
"FMZS" 0.0563983175282304 0.0833700087483915 0.15397061489208 -0.418093418903851 -0.00924191043452643 0.105463787502509 -0.0139544759980636 -0.403284912812616 0.200979496047258 -0.0648971633680211 -0.123493595245592 -0.0470264361257103 -0.00936884856093191 0.0782934655267724 -0.00915032235038635 -0.0287784968511192 0.0764117608911908 -0.0102429963653346 -0.0957651944851833 0.0850452189976338 0.766278028920306 0.504184571082381 0.335435957210156 0.341335430355877 0.157715256768449 0.12965587484458 -0.0127498357060592 0.17297804740335 0.0188691082375182 -0.0181914037068329 0.235208475346964 -0.0975416732459425 -0.293209673764087 0.190024923131614 0.692470681425857 0.177239683525007 0.0211279733332096 -0.0706101045236036 0.0618726465803084
"FMMT" 0.41934955283409 1.33219330165421 2.33547884716854 1.52920117296485 1.37906174718243 1.30125401220023 0.721622679143546 0.549109005009093 1.11218220601089 0.68716708018163 0.171409027198566 1.22743225750441 -0.0332079606499762 0.976969050905921 0.671728921272647 1.23470369879844 1.98013451153172 2.03460249395734 1.74321298819414 0.64782863323885 0.504184571082381 2.11590639348179 0.775147742477012 0.62008833702059 1.11184878818677 1.27579840083044 1.02596559781796 0.128036548654067 0.968812089502413 0.939623242199152 1.06694095150693 0.781519341029697 1.15880917360954 0.617258916151707 2.28121415634905 0.141413665847721 1.92176574873956 0.984679558764756 0.735924533841446
"ZSZI" 0.205588357784221 0.691698725088136 1.09528167069931 0.761726949270703 1.08551831339517 0.869221762789364 0.45716386174347 -0.121060862397648 0.975046306513942 0.29417146512826 0.0480396001106313 0.376894035466287 -0.246748141916298 0.26933716124248 0.648682537392218 0.421982219115115 0.57409401449704 0.572554571633895 1.05028988673981 0.213408011280889 0.335435957210156 0.775147742477012 1.09318868950879 0.253363506252989 0.245809581407203 0.684065246276671 0.416706217459832 0.266845768231012 0.459678081769469 0.494682918590849 0.531951810390992 0.743940085253926 0.74104463148881 0.276643312262652 0.354221667131377 0.156541762474052 0.277017495515832 0.00950711700249038 0.337119737782733
"ZIMT" 0.235843428036627 -0.0047572104025648 0.589454422166307 -0.259420848423662 -0.0149508995282209 0.809041930613693 -0.531818358574646 -0.255419663951274 0.163900879633521 0.359509516042153 -0.237362173024259 0.0825478625372018 0.303940524176702 0.363846040668542 -0.126188701873021 0.140311483119365 0.52536214013284 0.25638250695146 0.0700405490209885 -0.151604544340269 0.341335430355877 0.62008833702059 0.253363506252989 1.27107238935321 0.37708689799208 0.564706451818179 -0.126686994210748 0.254055168602969 0.119856386290426 0.178319523723485 0.237988357104552 0.4203229905433 0.263599776001073 0.533821305824717 0.965896094791142 0.309220273549004 0.601872052619684 0.115061731773093 0.157486633660983
"ZIZYGO" 0.147058376512056 0.374626652205352 1.60469836634599 1.09808082088206 0.524661737293451 0.911845878229071 0.977299939763439 0.380139839431263 0.27342569138461 -0.218930611749877 0.148115081297818 0.995582300935626 -0.546226530523326 0.265572898910675 0.265690360392591 1.10469283952535 1.84417928671263 1.91300571334209 1.56941956216054 0.0599213661924421 0.157715256768449 1.11184878818677 0.245809581407203 0.37708689799208 2.28647414058964 0.879218369520177 0.503564147915538 -0.425994107083209 0.968122180104808 1.02390735369622 0.650788070025081 -0.408824839620873 1.54381637006394 0.785349123011193 2.13146006706385 1.1414336236926 2.02268231543868 1.09632532224421 0.320556794858344
"ZITSP" 0.479740531386349 1.16680867701873 2.67279221233079 1.86327016609123 1.32961060137535 1.53365067231042 0.351676175427858 0.778405903080997 1.08711739637988 1.30756324720592 0.499114178970644 0.507714588803643 -1.41150441310009 0.838842023312445 1.35055017268985 2.12700803492402 2.7759480191856 2.53718667791036 4.18536171351921 0.215404885249267 0.12965587484458 1.27579840083044 0.684065246276671 0.564706451818179 0.879218369520177 4.04499080645926 0.996013964416934 0.288505738903314 1.56453382473889 1.44165259448814 1.00902611838666 1.82520266512022 3.32454562988793 0.648462950175728 0.875641437443963 -0.203849858653056 1.39702677148356 0.558595853888203 0.866430447304682
"MTPNS" 0.380934076679967 1.50914353539184 2.10594322823871 1.60160918537684 1.27411746245834 0.914992463650479 0.418463633848649 0.43841107617483 0.702777968085079 0.739724670182697 0.299925493603457 0.386140792145022 -0.126259273079666 0.668687425741261 0.496826371718744 0.845730760702268 1.42375132175321 1.54732959574418 1.56335912131491 0.328996429412946 -0.0127498357060592 1.02596559781796 0.416706217459832 -0.126686994210748 0.503564147915538 0.996013964416934 1.47223246292207 0.079596247414593 0.921977065075734 0.838172115788643 0.609795147769365 1.04028643028851 0.897312245290049 0.013122147658776 0.635809461298649 -0.272999021686099 1.27840267325079 0.695726831006387 0.367124612863196
"PNSAPET" 0.341411993306514 -0.19191544537871 -1.1186137377279 -0.566767114305922 0.0202887058046184 -0.217991898329093 -0.13072856591237 -0.307924381664903 0.230493472959094 -0.328809141785174 -0.0816061497813599 -0.610087868574493 0.141986721611915 0.105731023786647 0.00869078098627776 -0.853528568483018 -0.840303038912338 -0.588386401338687 -0.52002995023194 -0.0868827208464616 0.17297804740335 0.128036548654067 0.266845768231012 0.254055168602969 -0.425994107083209 0.288505738903314 0.079596247414593 2.44508421321777 -0.775416399479909 -1.0959527524082 -0.139943271386055 0.381109844761272 -0.558695749326747 0.726217720445937 0.0781320077068121 -0.0956906042853238 -0.139015971571622 -0.675674812883611 0.446382090633966
"APETBA" 0.313337827652027 1.54409336647699 2.81025394694029 2.01424235273557 1.42516122534292 1.51999703268086 0.388995303558638 0.769555319271929 0.938078009547024 1.31303262115514 0.520411286840862 0.707724944920993 -0.518478438661754 0.659545206734042 1.26475198820357 1.2944549038572 2.56274293929845 1.38589372030753 2.49774929826058 0.390759467115715 0.0188691082375182 0.968812089502413 0.459678081769469 0.119856386290426 0.968122180104808 1.56453382473889 0.921977065075734 -0.775416399479909 2.56168697067568 1.73438218530304 1.31848918719575 1.3275463236715 1.83453350951032 -0.229622294957819 0.538845579912324 0.028821781054066 1.03943552202369 1.18547664177649 0.327394760476758
"APETTS" 0.271681684682118 1.67495187007037 3.03509290431843 2.06171344527523 1.36045908267662 1.66438924277814 0.518437879344095 0.950781286235084 1.09029643122369 1.20747949858458 0.525511911235582 1.20268971523178 -0.264078567416586 0.768443529474245 1.25819692104358 1.61394270767444 2.12675707985839 1.41350227988785 2.35432853950977 0.36743559900422 -0.0181914037068329 0.939623242199152 0.494682918590849 0.178319523723485 1.02390735369622 1.44165259448814 0.838172115788643 -1.0959527524082 1.73438218530304 2.48739426033517 1.24908893918949 1.42382847829806 2.06239013001196 -0.139796003331553 0.973260811330193 0.131004641397064 1.24129848598645 1.28478815875664 0.559721963000069
"BAEAM" 0.373856059286854 1.38700812131288 2.29939157123056 1.70530736939364 1.35542550594808 1.35344798977802 0.697838716851619 1.02160036626399 1.30936039849004 0.851861535842135 0.667661437735837 1.10745490431002 0.105285046042748 1.01208394323742 1.05768428683395 0.943017471409385 1.6216553685204 0.792977268381948 1.56279346989976 0.0924019905328473 0.235208475346964 1.06694095150693 0.531951810390992 0.237988357104552 0.650788070025081 1.00902611838666 0.609795147769365 -0.139943271386055 1.31848918719575 1.24908893918949 1.91145593139932 1.03343761515123 1.45428177678623 0.197883388352263 1.56743535470389 0.799731675315597 0.987351254992191 1.35844563817791 0.506665934881261
"EAMZYGO" 0.568802879434682 2.04979434093758 3.11809449242158 1.95478522435164 1.64825085318821 1.90652475679177 -0.535012662618368 0.526744458775085 1.15738428061844 2.05771066697031 0.366345014798627 0.463595824410814 0.0787326318983778 1.03442291767493 1.22797279991933 1.03358647346285 1.71116841820672 0.976561421429563 2.23610440711872 0.299683784719655 -0.0975416732459425 0.781519341029697 0.743940085253926 0.4203229905433 -0.408824839620873 1.82520266512022 1.04028643028851 0.381109844761272 1.3275463236715 1.42382847829806 1.03343761515123 3.38989611659456 1.71096132930262 -0.0564319635836616 -0.0820876908154245 -0.600780094224831 0.789491024742154 0.176288234782776 0.714927604670528
"ZYGOTSP" 0.475212739546813 1.71081178167047 3.76429820598495 2.97281357282026 1.76685234304813 1.9663931243699 1.17749891053122 1.37989395618203 1.34445744447734 0.734315614199739 0.748596920388206 1.44296395528137 -2.05902978680452 0.993707382857621 1.80776493696371 3.52032390297943 3.92995582638373 3.3580563388265 5.58753774145166 0.282651417954936 -0.293209673764087 1.15880917360954 0.74104463148881 0.263599776001073 1.54381637006394 3.32454562988793 0.897312245290049 -0.558695749326747 1.83453350951032 2.06239013001196 1.45428177678623 1.71096132930262 5.09888154653846 0.373496563382227 1.5977110481354 0.669832027122108 1.50669265266871 1.46351174856277 0.778992605366523
"LDAS" 0.206354008920091 -0.314061943739964 -0.0183810683678404 -0.0861999097919876 -0.0391985830999043 0.214231757476105 0.258971089577077 -0.0538505411204049 0.135257184170006 0.287823702990233 -0.0114634706637271 0.324464027905812 0.0587934182000761 0.357711251767447 -0.187903128305425 0.212964138237149 0.522287526046491 1.01501520755067 0.556839190911863 0.0981573993407098 0.190024923131614 0.617258916151707 0.276643312262652 0.533821305824717 0.785349123011193 0.648462950175728 0.013122147658776 0.726217720445937 -0.229622294957819 -0.139796003331553 0.197883388352263 -0.0564319635836616 0.373496563382227 1.84710750473641 0.349898525450099 1.16299332960138 0.964492831364322 0.00436033415924249 0.492212132015477
"BRLD" 0.474897705819268 0.704168221264337 2.22288304017899 1.33392648772139 0.786910010862639 1.31733627902215 0.829757282132303 1.08804701380263 0.968416679022747 -0.807350711938176 0.518843902822535 1.67230906653911 0.273716500176521 1.62637900523879 -0.366259197225718 1.18489751923902 2.16545593901732 2.33453758311605 1.09773012954857 -0.160103252733244 0.692470681425857 2.28121415634905 0.354221667131377 0.965896094791142 2.13146006706385 0.875641437443963 0.635809461298649 0.0781320077068121 0.538845579912324 0.973260811330193 1.56743535470389 -0.0820876908154245 1.5977110481354 0.349898525450099 7.40202186915473 0.835293918138902 3.13667739106009 1.77486414391317 0.658371809716265
"OPILD" 0.114584742661286 -0.593255623578952 -0.118973902440354 -0.366464711153506 -0.491221734039294 0.148460886243122 0.935385046939774 -0.0831551459799664 -0.0858670403597796 -0.354832293011663 0.142341955551339 0.655675025194376 -0.258821857204341 0.570822450492405 0.0685334655243433 0.975594067159045 1.15317430791502 0.964419299754751 0.625374621884918 -0.0504519938849695 0.177239683525007 0.141413665847721 0.156541762474052 0.309220273549004 1.1414336236926 -0.203849858653056 -0.272999021686099 -0.0956906042853238 0.028821781054066 0.131004641397064 0.799731675315597 -0.600780094224831 0.669832027122108 1.16299332960138 0.835293918138902 3.24958841492748 0.968272030440272 1.10399433925775 -0.389983184846838
"PTAS" 0.63473899532505 0.885072488841876 3.32859864643072 1.87844757007547 1.24006420421656 2.40018986131761 0.934767907843677 1.08602512624568 0.718174729963509 1.17774362813325 0.50127035991856 1.66140482993102 0.867622619263719 1.30977191762608 -1.49677958171915 1.59872508436729 3.55345585974128 4.87498315131291 1.71816430874591 0.609112967992976 0.0211279733332096 1.92176574873956 0.277017495515832 0.601872052619684 2.02268231543868 1.39702677148356 1.27840267325079 -0.139015971571622 1.03943552202369 1.24129848598645 0.987351254992191 0.789491024742154 1.50669265266871 0.964492831364322 3.13667739106009 0.968272030440272 6.24058500832012 2.09640912259303 0.887284192637506
"JPAS" 0.301668548403378 1.23833810498122 1.92401577777505 1.82687667048726 1.15852059892372 1.31651275392038 0.617899361630528 1.33284285884517 0.876633574218762 0.731055666199767 0.701456838343694 1.13586009871613 -0.410447083992075 1.0463400263971 0.721416121768281 2.18167947680645 2.59579851236427 2.03677626863698 2.09013414672676 0.862632941345583 -0.0706101045236036 0.984679558764756 0.00950711700249038 0.115061731773093 1.09632532224421 0.558595853888203 0.695726831006387 -0.675674812883611 1.18547664177649 1.28478815875664 1.35844563817791 0.176288234782776 1.46351174856277 0.00436033415924249 1.77486414391317 1.10399433925775 2.09640912259303 3.63808667971752 0.809093752820987
"BAOPI" 0.112848552431678 0.634628484772196 0.868205068833772 1.1528366150798 1.02168559362289 0.803617636389095 0.291312165980858 0.657438134232142 0.764813504401402 0.457339986091591 0.256209738650422 0.42855731744652 -0.348624381501218 0.22939833559197 0.456704763576619 0.588879786009984 0.781546571447087 0.946054358231477 1.12662130380989 0.527174804849608 0.0618726465803084 0.735924533841446 0.337119737782733 0.157486633660983 0.320556794858344 0.866430447304682 0.367124612863196 0.446382090633966 0.327394760476758 0.559721963000069 0.506665934881261 0.714927604670528 0.778992605366523 0.492212132015477 0.658371809716265 -0.389983184846838 0.887284192637506 0.809093752820987 1.3862590521447
