"" "ISPM" "ISNSL" "ISPNS" "PMZS" "PMZI" "PMMT" "NSLNA" "NSLZS" "NSLZI" "NABR" "NAFM" "NAPNS" "BRPT" "BRAPET" "PTFM" "PTAPET" "PTBA" "PTEAM" "PTZYGO" "PTTSP" "FMZS" "FMMT" "ZSZI" "ZIMT" "ZIZYGO" "ZITSP" "MTPNS" "PNSAPET" "APETBA" "APETTS" "BAEAM" "EAMZYGO" "ZYGOTSP" "LDAS" "BRLD" "OPILD" "PTAS" "JPAS" "BAOPI"
"ISPM" 0.0044971926081155 0.00260351752476954 0.00210705159991495 0.00225812423750195 0.00150293009658186 0.00121215082407251 0.000847347354614147 0.00194421974259663 0.00194305791103232 0.000434501717586575 0.000932230123698611 0.000652338576522365 -0.000272302068667806 0.000187371746525188 0.00156637799191859 0.000983024027778192 0.0010223894285605 0.00115600669149063 0.00260980350905123 0.000675763748289556 0.000401735900656947 0.00209149616002561 0.0018921181889779 0.00173950436465885 0.00105832024444378 0.000884467719353162 0.00231849009997043 0.00159222778241775 0.0017450625398785 0.00055830095399328 0.000545367278406377 0.00179418066825659 0.00205431867166692 0.000175440743124953 0.000491855077987604 -0.000226993278671365 0.000767250130242257 -0.00114296208934051 0.000281183462461407
"ISNSL" 0.00260351752476954 0.00683159247230028 0.0013418155404176 0.00361045422460073 0.0019469722679907 0.00150930150433056 -0.00123184596339665 0.000151758689099792 0.00123362737700536 0.000818337603346189 0.000738399507871437 0.000639741257796728 0.000762184409551713 0.000355498301026479 0.0029177339949503 -4.59396853336863e-05 0.000639083295671247 0.000641613915408981 0.00173940090307882 -0.000438485402075528 0.000927591602699386 0.00164445094797871 0.00199406441425217 0.00112242059763167 0.00119726817211222 0.00236094771612826 0.00117666937577935 0.00323449137059236 0.00163484913852115 0.0016170345714518 0.000121659737097349 0.00292427483683318 0.003866014061773 9.14051025234567e-05 -0.000255919158065404 -0.000728609305067933 0.000553184514501982 0.00127284740278043 0.000239302056036322
"ISPNS" 0.00210705159991495 0.0013418155404176 0.00206066920285749 0.00157843565543585 0.00132841898196599 0.00100296129534051 0.000102185356606172 0.000787054731322347 0.00123737915156838 0.00047619921454641 0.000344023682877116 0.000696390678497281 -5.87018419585885e-05 -2.6444560764796e-05 0.00108443021858092 0.000336568772898932 0.000573451262639536 0.000949953836766032 0.0013018843751763 0.000187557944576048 4.96194953453487e-06 0.00119271094618715 0.00172196854884702 0.000525606100990249 0.00121181758163188 0.000726126888381168 0.00164023616535722 -7.49491619949935e-05 0.000914883657566717 0.000188607644168475 0.000166460698574567 0.000951030993160727 0.00102686973762928 0.00031369425566943 -0.000560177853377169 0.000345984348618857 0.000513966994884424 -0.000511354411234858 0.000149861007585049
"PMZS" 0.00225812423750195 0.00361045422460073 0.00157843565543585 0.00433032348241173 0.00230299149699696 0.00152219154778139 0.00187795175866731 0.00219576755671121 0.00162993365081002 0.000925759912065564 0.0012399748972741 0.000454823847974318 0.00108555929291919 0.000537034042602792 0.00252581199327798 -0.000445907496034206 0.000618215174664372 0.00102973267959843 0.00141664393315312 0.00233987447607658 -7.10874044757944e-05 0.00213020555470305 0.00116994094372725 0.00207560188863502 0.000755498512873951 0.000885179136718124 0.00233873013362694 0.00151815874376414 0.00188203727373942 0.00150262859581121 0.000551729298805693 0.00222023053512071 0.00190287551662903 0.000110789229988368 0.000537974599667131 -0.000591670419749317 0.00097988022492312 0.000234217763598786 -0.000309885167437816
"PMZI" 0.00150293009658186 0.0019469722679907 0.00132841898196599 0.00230299149699696 0.00244334360038487 0.00108946456323929 0.00125364827619174 0.00117226785575006 0.00193873517649121 0.000945601776301496 0.000925810787224914 0.000923237096261866 0.000685344252811393 0.000516236237190798 0.00194309807094829 0.000659970378039231 0.000952913285718012 0.000902994574594521 0.000976304641025657 0.00205175190061097 0.000347263220838911 0.00171254546664769 0.00245161673557672 0.00037992822814375 -8.4747439990858e-05 0.000314085552640169 0.00206222194138357 0.00116634278356551 0.00156865099110541 0.000136055212148902 0.00057853848760847 0.00147005652656466 0.000622400162210087 2.73526717581126e-05 -0.00167650107311865 0.000723191952778165 0.000696497567612861 0.000389969190683193 0.000236015129913491
"PMMT" 0.00121215082407251 0.00150930150433056 0.00100296129534051 0.00152219154778139 0.00108946456323929 0.00134796208698238 0.000869449714942643 0.000593985418612517 0.000832245545535365 0.000456623074942813 0.000491860442667804 0.000496170304041863 0.000465465721865446 0.000285859614913027 0.00130788294485217 -0.000224201639596095 0.000223806201852075 0.000634761477580255 0.000544435570057939 0.00168705065996601 8.94528171100002e-05 0.000832811180153711 0.000818098321848061 0.00106413445513703 0.000702081197259931 0.0010549211963423 0.000820657724738583 0.000890601720237975 0.000672005758700561 0.000722981944046302 2.10882484754155e-05 0.00119953214569959 0.00100672776346057 0.000222050080973587 0.000211950621067941 -0.000322537504883462 0.000310311357828869 5.74459668398429e-05 0.000441046131099808
"NSLNA" 0.000847347354614147 -0.00123184596339665 0.000102185356606172 0.00187795175866731 0.00125364827619174 0.000869449714942643 0.0232354685773362 -0.000906496009262011 6.22231259085487e-05 -0.00144565240384787 0.000698596390214621 0.00272537763981133 -0.000159327565960474 0.000690008093151668 0.00336884793261716 0.000432214357597437 0.000312897921223764 -0.000252403789427927 0.00027724122432028 0.00306984670497441 0.00159794879021591 0.00118331641581347 -0.00111879572469122 0.00214052155080383 0.000320709152771908 0.00192660121088098 0.00166601118365416 0.000352950426962998 0.00166876231692861 0.00299653745887839 -0.000210784970999704 0.00165494281709954 0.00173882954903352 -0.000339797159656435 -0.000833614441593876 -0.000687468940326282 -0.00168441511277174 -0.00144648111645975 0.0006673603432196
"NSLZS" 0.00194421974259663 0.000151758689099792 0.000787054731322347 0.00219576755671121 0.00117226785575006 0.000593985418612517 -0.000906496009262011 0.00813553166015243 0.0028352886356963 0.000727138130022177 0.001846303893973 4.44485502483563e-06 0.000895324920171746 0.00067294360252571 0.000415066829129067 -0.000323749462963774 0.000468796962954863 0.00127574416355288 0.00170731875094535 0.00464757854553398 -0.00197463634065098 0.00185568479520064 -0.0019867610628545 0.00226688682096817 -0.000436106762956381 -0.00159384545564602 0.0026829620267825 -0.000366288997944342 0.00150849668886897 0.00134822615960058 0.00094514001844969 0.00202283811833864 -0.000671595155428876 0.000634314292979565 0.000731633864809065 0.000744010580936682 0.0015487555868579 -0.000155596451546921 0.000369055351597675
"NSLZI" 0.00194305791103232 0.00123362737700536 0.00123737915156838 0.00162993365081002 0.00193873517649121 0.000832245545535365 6.22231259085487e-05 0.0028352886356963 0.00267825307933408 0.000855945347047191 0.00132335583338152 0.00094811480891595 0.000523385372183655 0.000294898960582224 0.000957766720691207 0.000543670025020786 0.00102284541151714 0.00144720292156754 0.00131791300667425 0.0026401810940389 0.00018246905800653 0.00173679059560494 0.00236758766450509 0.00037698223055358 -0.000156456968183784 -0.000209349990130306 0.00226429416731866 0.00096941647952106 0.0016867048444575 -0.000196313452108526 0.000577287330181696 0.00182648628601618 0.000255072641425196 -6.81359458681e-05 -0.00100358137890625 0.000850980584781546 0.00143951157097732 0.000476300622421374 0.000463073018573044
"NABR" 0.000434501717586575 0.000818337603346189 0.00047619921454641 0.000925759912065564 0.000945601776301496 0.000456623074942813 -0.00144565240384787 0.000727138130022177 0.000855945347047191 0.00227552072374493 1.92596668415246e-05 0.000543327837206292 0.00168667752659806 0.000841340884758852 0.00154914748552285 0.00019361991094373 0.000490131228128745 0.000372179503379998 0.000559607541137838 0.000643325001731793 0.000171912328432596 0.00131331695747688 0.00132783571323668 -0.000215042543281605 0.000553179205415311 1.20116867422046e-05 0.00104040027678578 0.000864902300172786 0.000777277578493959 9.39404478125801e-05 0.000578736739454663 0.000330252625827062 -0.00017200112128333 -4.93450518303525e-05 -0.00292174027885029 -0.00019356450081562 0.00104506143818865 0.000294516522127019 0.000799936640741476
"NAFM" 0.000932230123698611 0.000738399507871437 0.000344023682877116 0.0012399748972741 0.000925810787224914 0.000491860442667804 0.000698596390214621 0.001846303893973 0.00132335583338152 1.92596668415246e-05 0.00201981587655166 0.000545257297475282 0.000355438237368923 0.000345905351646564 0.000275171891284348 0.000243671507837976 0.000585919343830334 0.00093070817473434 0.000528199455221681 0.00341728202909833 0.000146504997044461 0.000568243875881399 0.000815865411634241 0.00119214850581507 2.12428561316987e-05 -7.56491264319535e-05 0.00113598941424435 0.000694822288058933 0.00119199847557543 0.000794896093846518 0.000530689971456581 0.00146051317186394 -1.40080559061819e-05 -0.000304377887536743 0.000897572695285957 0.000581409936508667 0.00100499248700116 0.000531466731888583 -0.000146257391125855
"NAPNS" 0.000652338576522365 0.000639741257796728 0.000696390678497281 0.000454823847974318 0.000923237096261866 0.000496170304041863 0.00272537763981133 4.44485502483563e-06 0.00094811480891595 0.000543327837206292 0.000545257297475282 0.00200799909725447 0.000420851494728161 0.000485798463694335 0.00112637188903463 0.000715823363134899 0.000625537812724601 0.000580844873982785 0.000500461250322747 0.00106909852436589 0.000868040987348026 0.000628228307960694 0.00142323852948104 -0.0005796561589113 0.000877893103676447 0.000883491897227868 0.000836603131280663 0.000480427316357539 0.000962591382506472 0.000662752234568212 0.000191896808737797 0.000885272142749746 0.000475218653385234 -0.000605403485897427 -0.00167273580572922 9.15771588007336e-05 0.000189348184975452 0.000425315847743323 0.000559159216387766
"BRPT" -0.000272302068667806 0.000762184409551713 -5.87018419585885e-05 0.00108555929291919 0.000685344252811393 0.000465465721865446 -0.000159327565960474 0.000895324920171746 0.000523385372183655 0.00168667752659806 0.000355438237368923 0.000420851494728161 0.00254422952712126 0.00106802685645154 0.000904172699291125 -0.00105791368357981 2.47492680283298e-05 0.000519808179377276 -0.000574496363827448 0.00174004727993665 3.23807793708711e-05 0.000927300576670636 0.000555682823992318 -0.000112318880229925 2.45213531215698e-05 -0.000808470866196799 0.000828376943366381 0.000814418011630967 0.000504743165119652 0.000799406863926446 0.000576724129366744 0.000842596755629539 -0.00100809062976492 0.000755284820573973 -0.00139143946344456 -0.000105213481183732 0.00132351437017811 0.000345210261266568 0.000376417673410083
"BRAPET" 0.000187371746525188 0.000355498301026479 -2.6444560764796e-05 0.000537034042602792 0.000516236237190798 0.000285859614913027 0.000690008093151668 0.00067294360252571 0.000294898960582224 0.000841340884758852 0.000345905351646564 0.000485798463694335 0.00106802685645154 0.00128110919725293 0.000952657095887212 0.00084357599584501 0.000520532648835097 9.06846984012535e-05 0.000833868696184595 0.000783638991822751 -5.37094703703627e-06 0.000769736630317559 -1.68602279714293e-05 0.00058710695937171 0.000244266844985011 0.000216557132281703 0.000760272589699386 0.000533285924809786 0.000634995404418767 0.000946709233588803 0.000400344188530205 0.000451039376302467 0.000474533551356812 0.000367469918907864 -0.000263402801703249 0.000759050182732188 0.000142452569322824 -1.187702034195e-05 0.000346267640989054
"PTFM" 0.00156637799191859 0.0029177339949503 0.00108443021858092 0.00252581199327798 0.00194309807094829 0.00130788294485217 0.00336884793261716 0.000415066829129067 0.000957766720691207 0.00154914748552285 0.000275171891284348 0.00112637188903463 0.000904172699291125 0.000952657095887212 0.00685901728501937 -0.000904300076892614 -0.000304848553007596 -0.00171510368165965 0.000908313415961057 -0.00278366825970468 0.00151552493503901 0.0027467768030985 0.00047118631782498 0.00184159360339833 0.00154261476313166 0.0022732355200593 0.00221260994032984 0.00200348816161929 0.00158620135032747 0.00193772157198364 0.000570329870941345 0.00175751610234895 0.00307263268363599 -0.00120906593096377 -0.00213790871539044 -0.000970377288034473 -0.000605642256648007 0.000452148970164402 0.000271119567594
"PTAPET" 0.000983024027778192 -4.59396853336863e-05 0.000336568772898932 -0.000445907496034206 0.000659970378039231 -0.000224201639596095 0.000432214357597437 -0.000323749462963774 0.000543670025020786 0.00019361991094373 0.000243671507837976 0.000715823363134899 -0.00105791368357981 0.00084357599584501 -0.000904300076892614 0.00636170667835969 0.00280054306063279 0.00169866139130905 0.00418227821021226 0.0015918405521823 0.000115755794750243 0.000658426474430966 0.00172763521396257 -0.000279616680603644 0.000340244714752286 0.00150941206819189 0.000437858644882875 0.000651953325357964 0.000492775414550871 0.00051950925097094 0.000704771808336168 -8.96926975010034e-05 0.00312444346024416 -0.000366516545617615 -0.000297396809135106 0.00147752706171889 -9.58234859625761e-05 -0.000329783275021122 0.0013916731937408
"PTBA" 0.0010223894285605 0.000639083295671247 0.000573451262639536 0.000618215174664372 0.000952913285718012 0.000223806201852075 0.000312897921223764 0.000468796962954863 0.00102284541151714 0.000490131228128745 0.000585919343830334 0.000625537812724601 2.47492680283298e-05 0.000520532648835097 -0.000304848553007596 0.00280054306063279 0.00183769880858433 0.00158012009804956 0.00193825907951837 0.00201514262712002 6.44345223835962e-05 0.000837138340811744 0.00181838917469834 -6.49905750357393e-05 9.46178746664671e-05 0.00064615236606642 0.0010733059636585 0.00081666383619612 0.0013289615715282 0.000229967813416845 0.000631516539111616 0.000946395584190972 0.00127681220652905 3.36913583320532e-05 -0.000186128566767168 0.000899847863713533 0.000750912480700008 -0.000307275457805236 0.000645355934192629
"PTEAM" 0.00115600669149063 0.000641613915408981 0.000949953836766032 0.00102973267959843 0.000902994574594521 0.000634761477580255 -0.000252403789427927 0.00127574416355288 0.00144720292156754 0.000372179503379998 0.00093070817473434 0.000580844873982785 0.000519808179377276 9.06846984012535e-05 -0.00171510368165965 0.00169866139130905 0.00158012009804956 0.00365218560535394 0.00195881150147917 0.00648723984315633 -0.000806687904895571 0.000989130616866445 0.00267974711803207 0.000381443563657482 -0.000285980654825945 -0.000500557698548618 0.00120947357772389 0.000191613326572762 0.000767693122843725 0.000408046167797213 -6.05098297046517e-06 0.00171005828054549 -5.79241276032698e-05 0.000865186122110749 0.000499042132402469 0.00106970175083118 0.00197177614251419 -0.00023209510187945 0.000517900198320747
"PTZYGO" 0.00260980350905123 0.00173940090307882 0.0013018843751763 0.00141664393315312 0.000976304641025657 0.000544435570057939 0.00027724122432028 0.00170731875094535 0.00131791300667425 0.000559607541137838 0.000528199455221681 0.000500461250322747 -0.000574496363827448 0.000833868696184595 0.000908313415961057 0.00418227821021226 0.00193825907951837 0.00195881150147917 0.00611583951320711 0.00090589024278347 -0.000410541654338598 0.00215612643762944 0.00144998387847326 0.00225022621367196 0.0009795031409402 0.00123642874228605 0.00156656920700292 0.000265539530778004 0.000823149405057985 0.0020794718466024 0.000436506533507035 0.0014798612399207 0.00517060164098017 -0.000131018845600311 -0.000378027259983704 0.00117133035284265 0.00071947267957833 -0.000506750863303819 0.00113530082712156
"PTTSP" 0.000675763748289556 -0.000438485402075528 0.000187557944576048 0.00233987447607658 0.00205175190061097 0.00168705065996601 0.00306984670497441 0.00464757854553398 0.0026401810940389 0.000643325001731793 0.00341728202909833 0.00106909852436589 0.00174004727993665 0.000783638991822751 -0.00278366825970468 0.0015918405521823 0.00201514262712002 0.00648723984315633 0.00090589024278347 0.0297696126013675 -0.00275674004107853 0.000961200741622047 0.00287375475980089 0.0023245773025444 -0.00199107114349443 -0.000353824484470993 0.00117809046613367 0.00183392049881442 0.00128813802236277 0.00112419438011021 -0.000125236766432372 0.00401876905673145 -0.00496501723654686 0.00103715258486382 3.46549989963323e-05 0.00177346545173184 0.00275322115330156 0.00128422344015947 0.00199465168653697
"FMZS" 0.000401735900656947 0.000927591602699386 4.96194953453487e-06 -7.10874044757944e-05 0.000347263220838911 8.94528171100002e-05 0.00159794879021591 -0.00197463634065098 0.00018246905800653 0.000171912328432596 0.000146504997044461 0.000868040987348026 3.23807793708711e-05 -5.37094703703627e-06 0.00151552493503901 0.000115755794750243 6.44345223835962e-05 -0.000806687904895571 -0.000410541654338598 -0.00275674004107853 0.00350868780920896 0.000961265761380679 0.00133710706773342 -0.000855407038033405 0.00122963348390847 0.00139173642126322 0.000645367194186457 0.00158985148903244 0.000676749964811877 -7.43431483085855e-05 0.0004708101940292 0.000305204833234859 0.00136545869472625 -0.000504808085484291 -0.00034230915761193 -0.00080655419212945 -0.000235124023667417 0.00168607998012295 0.000174628247025549
"FMMT" 0.00209149616002561 0.00164445094797871 0.00119271094618715 0.00213020555470305 0.00171254546664769 0.000832811180153711 0.00118331641581347 0.00185568479520064 0.00173679059560494 0.00131331695747688 0.000568243875881399 0.000628228307960694 0.000927300576670636 0.000769736630317559 0.0027467768030985 0.000658426474430966 0.000837138340811744 0.000989130616866445 0.00215612643762944 0.000961200741622047 0.000961265761380679 0.00332712529096135 0.00177513239162133 0.00168157861907651 0.000855561948087727 0.000213512461296584 0.00314289974822251 0.00118049891511472 0.00149365088482008 0.000826327007779768 0.000724540496492247 0.001564997453212 0.00161664091664642 0.000248986212631552 -0.00097482897573778 0.000553167493703628 0.00110597567318977 4.49515928643995e-05 0.000559992561775153
"ZSZI" 0.0018921181889779 0.00199406441425217 0.00172196854884702 0.00116994094372725 0.00245161673557672 0.000818098321848061 -0.00111879572469122 -0.0019867610628545 0.00236758766450509 0.00132783571323668 0.000815865411634241 0.00142323852948104 0.000555682823992318 -1.68602279714293e-05 0.00047118631782498 0.00172763521396257 0.00181838917469834 0.00267974711803207 0.00144998387847326 0.00287375475980089 0.00133710706773342 0.00177513239162133 0.00729951974798826 -0.00174056250846704 -0.000243107542995838 0.000260641970140688 0.00180792865575747 0.00197934335808201 0.00140636955400326 -0.00176526061399557 0.00021266504450309 0.00155802447460914 0.000467668187146088 -0.000148338745913244 -0.00248201240434915 0.00139384579268287 0.00204624816530052 0.000678708198518079 0.000498711222584624
"ZIMT" 0.00173950436465885 0.00112242059763167 0.000525606100990249 0.00207560188863502 0.00037992822814375 0.00106413445513703 0.00214052155080383 0.00226688682096817 0.00037698223055358 -0.000215042543281605 0.00119214850581507 -0.0005796561589113 -0.000112318880229925 0.00058710695937171 0.00184159360339833 -0.000279616680603644 -6.49905750357393e-05 0.000381443563657482 0.00225022621367196 0.0023245773025444 -0.000855407038033405 0.00168157861907651 -0.00174056250846704 0.00571816230316797 0.000945371017089368 0.00087961815667696 0.00176221925615769 7.61720144610263e-05 0.00102412193396245 0.00136038647429409 -0.000128877663613629 0.00169668138524093 0.00214710727740795 5.34354391343436e-06 0.0020290005245434 0.000543964666325486 0.00014514698107209 -0.00112585119330682 -1.61235021640101e-05
"ZIZYGO" 0.00105832024444378 0.00119726817211222 0.00121181758163188 0.000755498512873951 -8.4747439990858e-05 0.000702081197259931 0.000320709152771908 -0.000436106762956381 -0.000156456968183784 0.000553179205415311 2.12428561316987e-05 0.000877893103676447 2.45213531215698e-05 0.000244266844985011 0.00154261476313166 0.000340244714752286 9.46178746664671e-05 -0.000285980654825945 0.0009795031409402 -0.00199107114349443 0.00122963348390847 0.000855561948087727 -0.000243107542995838 0.000945371017089368 0.00473460461083249 0.00247551387285938 0.0011062544833744 0.000125901709391762 0.000296537858833491 0.000967245949409169 0.000248566070236412 -0.000577760100937251 0.00161404782726761 -0.0002868435779029 0.000649985982477198 -0.00109302748911547 -0.000297020154228063 -1.23104181965506e-05 0.000442685556782647
"ZITSP" 0.000884467719353162 0.00236094771612826 0.000726126888381168 0.000885179136718124 0.000314085552640169 0.0010549211963423 0.00192660121088098 -0.00159384545564602 -0.000209349990130306 1.20116867422046e-05 -7.56491264319535e-05 0.000883491897227868 -0.000808470866196799 0.000216557132281703 0.0022732355200593 0.00150941206819189 0.00064615236606642 -0.000500557698548618 0.00123642874228605 -0.000353824484470993 0.00139173642126322 0.000213512461296584 0.000260641970140688 0.00087961815667696 0.00247551387285938 0.0056300633862902 0.000194900690519756 0.00192106615617972 0.000829909373686093 -0.000244376205761636 -0.000383517893410219 0.00193142810868401 0.0052493131840698 -0.00113530934421578 0.00225986699677225 -0.00183742755444352 -0.00133477955085076 0.000267368487216091 0.000831372121971524
"MTPNS" 0.00231849009997043 0.00117666937577935 0.00164023616535722 0.00233873013362694 0.00206222194138357 0.000820657724738583 0.00166601118365416 0.0026829620267825 0.00226429416731866 0.00104040027678578 0.00113598941424435 0.000836603131280663 0.000828376943366381 0.000760272589699386 0.00221260994032984 0.000437858644882875 0.0010733059636585 0.00120947357772389 0.00156656920700292 0.00117809046613367 0.000645367194186457 0.00314289974822251 0.00180792865575747 0.00176221925615769 0.0011062544833744 0.000194900690519756 0.0046122007011741 0.000680862010997995 0.00224654977828923 -0.000473216684249511 0.000836731141955102 0.00214394012853034 0.000695065932712881 0.00052649406893913 -0.000107386958379065 0.000882502800419467 0.00106230673699395 -0.00107172959351252 5.3004017909489e-05
"PNSAPET" 0.00159222778241775 0.00323449137059236 -7.49491619949935e-05 0.00151815874376414 0.00116634278356551 0.000890601720237975 0.000352950426962998 -0.000366288997944342 0.00096941647952106 0.000864902300172786 0.000694822288058933 0.000480427316357539 0.000814418011630967 0.000533285924809786 0.00200348816161929 0.000651953325357964 0.00081666383619612 0.000191613326572762 0.000265539530778004 0.00183392049881442 0.00158985148903244 0.00118049891511472 0.00197934335808201 7.61720144610263e-05 0.000125901709391762 0.00192106615617972 0.000680862010997995 0.00509880404765601 0.0011280055810743 -0.000295422692062678 0.00070965008346012 0.00233313963094541 0.00170263811267452 -7.90151250102237e-05 0.000419118334786876 -0.00110928345662572 0.00044795597579828 0.000464278852218023 0.000514001852372334
"APETBA" 0.0017450625398785 0.00163484913852115 0.000914883657566717 0.00188203727373942 0.00156865099110541 0.000672005758700561 0.00166876231692861 0.00150849668886897 0.0016867048444575 0.000777277578493959 0.00119199847557543 0.000962591382506472 0.000504743165119652 0.000634995404418767 0.00158620135032747 0.000492775414550871 0.0013289615715282 0.000767693122843725 0.000823149405057985 0.00128813802236277 0.000676749964811877 0.00149365088482008 0.00140636955400326 0.00102412193396245 0.000296537858833491 0.000829909373686093 0.00224654977828923 0.0011280055810743 0.00315947208913429 0.000412219015315618 0.000816777339212385 0.0021542105448634 0.000879430330494279 -0.000179110148501461 -0.000617282322548024 0.000667525829525348 0.000816930674027906 -0.000366716218425472 -1.23955936575409e-05
"APETTS" 0.00055830095399328 0.0016170345714518 0.000188607644168475 0.00150262859581121 0.000136055212148902 0.000722981944046302 0.00299653745887839 0.00134822615960058 -0.000196313452108526 9.39404478125801e-05 0.000794896093846518 0.000662752234568212 0.000799406863926446 0.000946709233588803 0.00193772157198364 0.00051950925097094 0.000229967813416845 0.000408046167797213 0.0020794718466024 0.00112419438011021 -7.43431483085855e-05 0.000826327007779768 -0.00176526061399557 0.00136038647429409 0.000967245949409169 -0.000244376205761636 -0.000473216684249511 -0.000295422692062678 0.000412219015315618 0.00946356205047068 0.00116081929155587 -0.000120377637219544 0.00227786446248711 -0.000407425172003494 0.000625331113546746 -0.000292961205305306 0.000837727212614415 0.00226386680444132 0.000886492438551606
"BAEAM" 0.000545367278406377 0.000121659737097349 0.000166460698574567 0.000551729298805693 0.00057853848760847 2.10882484754155e-05 -0.000210784970999704 0.00094514001844969 0.000577287330181696 0.000578736739454663 0.000530689971456581 0.000191896808737797 0.000576724129366744 0.000400344188530205 0.000570329870941345 0.000704771808336168 0.000631516539111616 -6.05098297046517e-06 0.000436506533507035 -0.000125236766432372 0.0004708101940292 0.000724540496492247 0.00021266504450309 -0.000128877663613629 0.000248566070236412 -0.000383517893410219 0.000836731141955102 0.00070965008346012 0.000816777339212385 0.00116081929155587 0.00142236534267797 0.000152628189426354 0.000216422187271479 -0.000283585655940782 -0.000251378686034024 -0.000316687555706 0.00081635908740343 0.000274845218728173 0.0004425083160553
"EAMZYGO" 0.00179418066825659 0.00292427483683318 0.000951030993160727 0.00222023053512071 0.00147005652656466 0.00119953214569959 0.00165494281709954 0.00202283811833864 0.00182648628601618 0.000330252625827062 0.00146051317186394 0.000885272142749746 0.000842596755629539 0.000451039376302467 0.00175751610234895 -8.96926975010034e-05 0.000946395584190972 0.00171005828054549 0.0014798612399207 0.00401876905673145 0.000305204833234859 0.001564997453212 0.00155802447460914 0.00169668138524093 -0.000577760100937251 0.00193142810868401 0.00214394012853034 0.00233313963094541 0.0021542105448634 -0.000120377637219544 0.000152628189426354 0.00567104334411497 0.00311316375662947 0.00031310167993378 0.00115663618017352 0.000314217366489656 0.00117108899551646 0.000303641518180015 0.000327521864608915
"ZYGOTSP" 0.00205431867166692 0.003866014061773 0.00102686973762928 0.00190287551662903 0.000622400162210087 0.00100672776346057 0.00173882954903352 -0.000671595155428876 0.000255072641425196 -0.00017200112128333 -1.40080559061819e-05 0.000475218653385234 -0.00100809062976492 0.000474533551356812 0.00307263268363599 0.00312444346024416 0.00127681220652905 -5.79241276032698e-05 0.00517060164098017 -0.00496501723654686 0.00136545869472625 0.00161664091664642 0.000467668187146088 0.00214710727740795 0.00161404782726761 0.0052493131840698 0.000695065932712881 0.00170263811267452 0.000879430330494279 0.00227786446248711 0.000216422187271479 0.00311316375662947 0.0105421705699441 -0.0012626908249815 0.00312292904337 -0.0017500355651616 -0.00041387069234981 0.0001949115342676 0.000995456008782229
"LDAS" 0.000175440743124953 9.14051025234567e-05 0.00031369425566943 0.000110789229988368 2.73526717581126e-05 0.000222050080973587 -0.000339797159656435 0.000634314292979565 -6.81359458681e-05 -4.93450518303525e-05 -0.000304377887536743 -0.000605403485897427 0.000755284820573973 0.000367469918907864 -0.00120906593096377 -0.000366516545617615 3.36913583320532e-05 0.000865186122110749 -0.000131018845600311 0.00103715258486382 -0.000504808085484291 0.000248986212631552 -0.000148338745913244 5.34354391343436e-06 -0.0002868435779029 -0.00113530934421578 0.00052649406893913 -7.90151250102237e-05 -0.000179110148501461 -0.000407425172003494 -0.000283585655940782 0.00031310167993378 -0.0012626908249815 0.00373454440680345 -0.000916451828169322 0.00215336253726808 -0.000226275662333202 -0.00226996725264493 -0.000102058329779212
"BRLD" 0.000491855077987604 -0.000255919158065404 -0.000560177853377169 0.000537974599667131 -0.00167650107311865 0.000211950621067941 -0.000833614441593876 0.000731633864809065 -0.00100358137890625 -0.00292174027885029 0.000897572695285957 -0.00167273580572922 -0.00139143946344456 -0.000263402801703249 -0.00213790871539044 -0.000297396809135106 -0.000186128566767168 0.000499042132402469 -0.000378027259983704 3.46549989963323e-05 -0.00034230915761193 -0.00097482897573778 -0.00248201240434915 0.0020290005245434 0.000649985982477198 0.00225986699677225 -0.000107386958379065 0.000419118334786876 -0.000617282322548024 0.000625331113546746 -0.000251378686034024 0.00115663618017352 0.00312292904337 -0.000916451828169322 0.0179063993337059 -0.00385814249893658 0.000169939314845739 0.000144081434431196 -0.00234041373505536
"OPILD" -0.000226993278671365 -0.000728609305067933 0.000345984348618857 -0.000591670419749317 0.000723191952778165 -0.000322537504883462 -0.000687468940326282 0.000744010580936682 0.000850980584781546 -0.00019356450081562 0.000581409936508667 9.15771588007336e-05 -0.000105213481183732 0.000759050182732188 -0.000970377288034473 0.00147752706171889 0.000899847863713533 0.00106970175083118 0.00117133035284265 0.00177346545173184 -0.00080655419212945 0.000553167493703628 0.00139384579268287 0.000543964666325486 -0.00109302748911547 -0.00183742755444352 0.000882502800419467 -0.00110928345662572 0.000667525829525348 -0.000292961205305306 -0.000316687555706 0.000314217366489656 -0.0017500355651616 0.00215336253726808 -0.00385814249893658 0.00665681515708045 0.000191658773956845 -7.83813539842411e-05 -0.000593655403595228
"PTAS" 0.000767250130242257 0.000553184514501982 0.000513966994884424 0.00097988022492312 0.000696497567612861 0.000310311357828869 -0.00168441511277174 0.0015487555868579 0.00143951157097732 0.00104506143818865 0.00100499248700116 0.000189348184975452 0.00132351437017811 0.000142452569322824 -0.000605642256648007 -9.58234859625761e-05 0.000750912480700008 0.00197177614251419 0.00071947267957833 0.00275322115330156 -0.000235124023667417 0.00110597567318977 0.00204624816530052 0.00014514698107209 -0.000297020154228063 -0.00133477955085076 0.00106230673699395 0.00044795597579828 0.000816930674027906 0.000837727212614415 0.00081635908740343 0.00117108899551646 -0.00041387069234981 -0.000226275662333202 0.000169939314845739 0.000191658773956845 0.00307830795477235 0.000987863640915807 0.000440371396820015
"JPAS" -0.00114296208934051 0.00127284740278043 -0.000511354411234858 0.000234217763598786 0.000389969190683193 5.74459668398429e-05 -0.00144648111645975 -0.000155596451546921 0.000476300622421374 0.000294516522127019 0.000531466731888583 0.000425315847743323 0.000345210261266568 -1.187702034195e-05 0.000452148970164402 -0.000329783275021122 -0.000307275457805236 -0.00023209510187945 -0.000506750863303819 0.00128422344015947 0.00168607998012295 4.49515928643995e-05 0.000678708198518079 -0.00112585119330682 -1.23104181965506e-05 0.000267368487216091 -0.00107172959351252 0.000464278852218023 -0.000366716218425472 0.00226386680444132 0.000274845218728173 0.000303641518180015 0.0001949115342676 -0.00226996725264493 0.000144081434431196 -7.83813539842411e-05 0.000987863640915807 0.00819847922706762 0.000548833639723226
"BAOPI" 0.000281183462461407 0.000239302056036322 0.000149861007585049 -0.000309885167437816 0.000236015129913491 0.000441046131099808 0.0006673603432196 0.000369055351597675 0.000463073018573044 0.000799936640741476 -0.000146257391125855 0.000559159216387766 0.000376417673410083 0.000346267640989054 0.000271119567594 0.0013916731937408 0.000645355934192629 0.000517900198320747 0.00113530082712156 0.00199465168653697 0.000174628247025549 0.000559992561775153 0.000498711222584624 -1.61235021640101e-05 0.000442685556782647 0.000831372121971524 5.3004017909489e-05 0.000514001852372334 -1.23955936575409e-05 0.000886492438551606 0.0004425083160553 0.000327521864608915 0.000995456008782229 -0.000102058329779212 -0.00234041373505536 -0.000593655403595228 0.000440371396820015 0.000548833639723226 0.00339625414313318
