"" "ISPM" "ISNSL" "ISPNS" "PMZS" "PMZI" "PMMT" "NSLNA" "NSLZS" "NSLZI" "NABR" "NAFM" "NAPNS" "BRPT" "BRAPET" "PTFM" "PTAPET" "PTBA" "PTEAM" "PTZYGO" "PTTSP" "FMZS" "FMMT" "ZSZI" "ZIMT" "ZIZYGO" "ZITSP" "MTPNS" "PNSAPET" "APETBA" "APETTS" "BAEAM" "EAMZYGO" "ZYGOTSP" "LDAS" "BRLD" "OPILD" "PTAS" "JPAS" "BAOPI"
"ISPM" 0.003394861013386 0.00369082081617702 0.00198437579319494 0.00272579546037328 0.0032260438255744 0.00145260525107034 -0.0016601808036565 0.00198228172049016 0.00198332730356399 0.000486681348908736 0.000933380751764629 0.000885619817933609 8.91437239883355e-05 0.00049320537876754 -0.000377510909782117 0.000694581891326166 0.00116937312825501 0.00120122087050988 0.001450394332273 -0.00315108377739548 -0.00293233064325905 0.000400047296567472 0.00147162479243734 0.00203630801877852 -0.000699751194050626 9.40118696072529e-05 0.00191704992636891 0.000383682213833093 0.0020864039699005 0.00248986720551682 0.00185191707078237 -0.000712307197082326 0.00272084603221393 0.000544808511283172 -0.000667821145579654 -0.000297346651134589 0.000891285719308541 -0.00162522810247292 0.000550014403308889
"ISNSL" 0.00369082081617702 0.0152880766408772 0.00658617044745746 0.0111412555989885 0.0107335521654925 0.00662346978769006 -0.00456477596762251 0.000981872930023249 0.00536977852999596 0.00634474819545792 0.00346447862072239 0.00310885741015774 0.00436609090395894 0.00282854290085075 0.00755874756780504 0.00116218841784146 0.00350025960453434 0.00323048019603719 0.0029436484117949 -0.00210970693434268 0.00456029250887171 0.00700816545075881 0.00785747277118553 0.00824114007102632 0.00561489886878759 0.00710908728774553 0.00923108980806721 0.00913508367983896 0.0091467566211784 0.0036231369425248 0.00499043816851292 0.0058915562095728 0.00527957189759562 0.000391311162802993 0.00322656619561634 -0.00266402744925272 0.00176766076385041 0.00245278361542965 0.00537938609111266
"ISPNS" 0.00198437579319494 0.00658617044745746 0.00532846413092893 0.00544241242668799 0.0055652601069771 0.00392771668055812 -0.00462984713238141 0.00188036678501113 0.00323354366055739 0.00331220053082395 0.00205208605854238 0.0021427494220948 0.00254700948127442 0.00220622380095221 0.00418737500176031 0.00105510417373634 0.0017858666845653 0.000536480069899848 0.000136819339131401 0.0047177503896784 0.00135981398819794 0.00404320946674824 0.00413280733660889 0.00552046691591965 0.00190743226336335 0.00454936896218051 0.00621121588894128 0.00260604480744361 0.00329853797082761 0.00259915631666235 0.00231965593871075 0.00304421919159047 0.000788552699985482 0.000560807513660797 0.00140984081974976 -0.000747285105659196 0.000807885142225066 0.000310449808882759 0.00269833130435289
"PMZS" 0.00272579546037328 0.0111412555989885 0.00544241242668799 0.0127476928927124 0.0101459379117943 0.00485055998942236 0.00698722920677162 0.00497460550815342 0.00399755604206934 0.0017189209604651 -0.000219820728792117 0.000917608490351015 0.00104658198543032 0.00216059290206297 0.0017654282609213 0.0055360836159356 0.00433179182484072 -0.000501436557786729 0.00170515374460024 0.0117983858253334 -0.00677855699806613 0.00078037919738346 0.00621485066820827 -0.000489275199316944 -0.000378950114407878 0.000849585995744688 0.00782001224009398 0.00781702231370067 0.00379312308108129 0.00147297939655457 0.00339959342942383 0.00177859067451736 0.00288566411456783 0.000623186006593952 -0.00368343138506344 0.00116275783998049 -0.000834058483459198 -0.00358853700457658 0.00103456704031837
"PMZI" 0.0032260438255744 0.0107335521654925 0.0055652601069771 0.0101459379117943 0.00965899456181075 0.00533016051935751 0.000133925314830543 0.00368906335665568 0.00452098732596282 0.00347237785755194 0.00196581225659619 0.00248233221237 0.00271657938084471 0.00239452790637512 0.0048401837888996 0.00281240180242775 0.00325591512991042 0.00182486221434257 0.00132717680167484 0.00712025817372034 -0.00092600024894501 0.00472248655162688 0.00571996904120071 0.00505043561936996 0.00191886346295573 0.00347198399273888 0.00765348139178935 0.00729908178527772 0.00463892190359512 0.0032942859432982 0.00361270497973515 0.00342373892786207 0.0019773783449928 -0.000391806145086573 -6.24344480950407e-05 -0.00109601322949227 0.00127471886202109 -0.000139640925601591 0.004132044673094
"PMMT" 0.00145260525107034 0.00662346978769006 0.00392771668055812 0.00485055998942236 0.00533016051935751 0.00452150190363659 -0.0038668849037415 0.000805206092358065 0.00313511656732615 0.00337079153022712 0.00281480236010201 0.00309391327011529 0.00319059958290906 0.00209462145499069 0.00686125299447678 -0.000955262612274098 0.000617345931715163 0.000843957476508764 -0.000455419103003092 0.00285012678104048 0.00493292319436973 0.00574173818839323 0.00394774367046194 0.00786584832668989 0.00321466685254326 0.00476110552222106 0.00439150918639303 0.00418111321110463 0.00414767525862561 0.00417099244677466 0.00194552170936549 0.00524555261239057 0.000149043276075041 -0.000738593037168932 0.00316952233957938 -0.0017817672964235 0.000649666128209415 0.00241119790082806 0.00361996221389044
"NSLNA" -0.0016601808036565 -0.00456477596762251 -0.00462984713238141 0.00698722920677162 0.000133925314830543 -0.0038668849037415 0.0354482453194572 0.0080367387891202 -0.0033795831456518 -0.0110704929826853 -0.009041954051839 -0.00636027728994483 -0.0081931805101457 -0.00233589105768856 -0.0150294390143872 0.0095511895688517 0.00161680027904092 -0.00953664149561745 -0.00112529770427771 0.0215863304173107 -0.0265775290960367 -0.0178330762248574 -0.003018971272116 -0.0232959688141701 -0.0135841873603065 -0.0171463520093858 -0.00645854178748031 0.000562756598499903 -0.00996490234325896 -0.0062676706581453 -0.00171709875450058 -0.0100370883079697 -0.00142131539616242 0.00158385398673207 -0.0158739406290129 0.010276769599345 -0.00779380089991902 -0.0128061984861797 -0.0108999011065822
"NSLZS" 0.00198228172049016 0.000981872930023249 0.00188036678501113 0.00497460550815342 0.00368906335665568 0.000805206092358065 0.0080367387891202 0.00675885692663358 0.00158603392528345 -0.00266521374745118 -0.00150827770975965 -0.000276303137604116 -0.00228666971762213 -0.000323575959293793 -0.00359765120934119 0.00338178577175653 0.00166029575987806 -0.00224658050851793 -0.000303478278295022 0.00980241483082232 -0.0122717197395089 -0.00393589480919335 0.000541177950555996 -0.00449601409631157 -0.00464911504058547 -0.00343994801154742 0.00109493595688082 0.00144835890300091 -0.00115941804152891 5.9628157687564e-05 0.00082814079459201 -0.00329501531821357 -0.00046964580482161 -0.00011370098380041 -0.00496938200766063 0.00314042653639578 -0.000601547085084326 -0.00472407792234485 -0.00164170774641009
"NSLZI" 0.00198332730356399 0.00536977852999596 0.00323354366055739 0.00399755604206934 0.00452098732596282 0.00313511656732615 -0.0033795831456518 0.00158603392528345 0.00291004058976055 0.00265222076084926 0.00192100826381966 0.00227180219776069 0.0017999498448776 0.000998737418960712 0.00448381134411783 -0.000467765995239842 0.000944707692823006 0.00138259318764397 0.000579832992701467 0.000879214670372504 0.0018541276834268 0.00401727737853749 0.00360372105377027 0.00481030030212156 0.00186181204977861 0.00351844903432287 0.00346314623990675 0.00313092302432034 0.0039305159605794 0.00303909589963605 0.00191836657351342 0.00331516233234102 0.00138001414833483 -0.000256340753606331 0.00152534439399321 -0.00112819204135107 0.00138694371045517 0.00160358996508123 0.00294813454537968
"NABR" 0.000486681348908736 0.00634474819545792 0.00331220053082395 0.0017189209604651 0.00347237785755194 0.00337079153022712 -0.0110704929826853 -0.00266521374745118 0.00265222076084926 0.00667557748782783 0.00402533796732139 0.00350015643428891 0.00428691047063147 0.00168896950737129 0.00991344279110056 -0.00255811460358114 0.000538786210662211 0.00440042463651147 0.00126810286156012 -0.00205485375997013 0.0133052117143587 0.00983944398066879 0.00423707419551395 0.0101646415663841 0.00703597690211402 0.00877851115278368 0.00464599394956487 0.00375361557221264 0.00594312239508664 0.00266386288718525 0.00261721837130624 0.0064709908342974 0.00122074801678396 -0.000670965634856601 0.00597224206828036 -0.00367584819065574 0.00345586481001444 0.00754981453971891 0.00634266665276522
"NAFM" 0.000933380751764629 0.00346447862072239 0.00205208605854238 -0.000219820728792117 0.00196581225659619 0.00281480236010201 -0.009041954051839 -0.00150827770975965 0.00192100826381966 0.00402533796732139 0.00400326649704561 0.00331938389533375 0.00338542302223832 0.00140522741573817 0.00727903635116013 -0.00355284061440261 -0.000804848959101806 0.00279611113135526 -0.000350923969812778 -0.00402871393526996 0.00989756159802663 0.0072276116183053 0.00131621972514559 0.0102871379148723 0.00500663906896547 0.005945922343159 0.001857265154321 0.00178324597951496 0.00365320059174074 0.00351078052564154 0.00163741796697461 0.00413279611672902 -0.000610645960009046 -0.00142041056986045 0.0060785641715983 -0.00307443287502874 0.00241981294476953 0.00576914798780438 0.00480876758034602
"NAPNS" 0.000885619817933609 0.00310885741015774 0.0021427494220948 0.000917608490351015 0.00248233221237 0.00309391327011529 -0.00636027728994483 -0.000276303137604116 0.00227180219776069 0.00350015643428891 0.00331938389533375 0.00380299199224575 0.0025928675803525 0.00126951287822947 0.00823312319108205 -0.00281361689271689 -0.000535475957863228 0.00216909247027294 -0.000381999434237247 0.00171593535884175 0.00831721931008727 0.00730437739230917 0.00246696097998542 0.00912793743985064 0.00387018969371065 0.00548062406334352 0.00162871473679507 0.00193685568265524 0.00367195283832025 0.00451561067481952 0.0014364188572898 0.00499338921674858 -0.000705828497635782 -0.00153578090488419 0.00410576822172468 -0.00218432940851131 0.00199964114032909 0.00517370318352693 0.00403909747745593
"BRPT" 8.91437239883355e-05 0.00436609090395894 0.00254700948127442 0.00104658198543032 0.00271657938084471 0.00319059958290906 -0.0081931805101457 -0.00228666971762213 0.0017999498448776 0.00428691047063147 0.00338542302223832 0.0025928675803525 0.00432899697446174 0.00200901691127444 0.00694800617334664 -0.00241366786372051 -0.000449315812490965 0.00234022489497337 -0.000925113973325132 -0.00168323880386579 0.0102475987491493 0.0070489186087192 0.00223493827142449 0.00930627214551736 0.00496528978385348 0.00556133672752643 0.00336936550133599 0.00258074755640103 0.00253312171614217 0.00281828997869112 0.00111719902826308 0.0051482315202798 -0.0012138486654337 -0.000933692088480552 0.00575628269991962 -0.00337188074079839 0.00162011990155833 0.00490404750550152 0.00524667260813289
"BRAPET" 0.00049320537876754 0.00282854290085075 0.00220622380095221 0.00216059290206297 0.00239452790637512 0.00209462145499069 -0.00233589105768856 -0.000323575959293793 0.000998737418960712 0.00168896950737129 0.00140522741573817 0.00126951287822947 0.00200901691127444 0.00203111029691346 0.00254252803304144 0.000950765225892831 0.000812552090779814 0.000783747796084022 -0.000295464457194636 0.00355931117240782 0.00350126645110742 0.00325618821409965 0.00121019269839932 0.00446387649758413 0.00138433149631104 0.00243305059338835 0.00337038851197628 0.0010740757623137 0.000119176709000819 0.00162724043855688 0.00093758391962699 0.00216416768068072 -0.000931130641309469 -0.000215807114170412 0.0012447738580668 -0.000954134821835414 0.000236336951948632 0.000768155539107619 0.00187367442398761
"PTFM" -0.000377510909782117 0.00755874756780504 0.00418737500176031 0.0017654282609213 0.0048401837888996 0.00686125299447678 -0.0150294390143872 -0.00359765120934119 0.00448381134411783 0.00991344279110056 0.00727903635116013 0.00823312319108205 0.00694800617334664 0.00254252803304144 0.0240424683695134 -0.00763933469523975 -0.00181167737509401 0.00381335728951713 -0.000884385905254646 0.00816608390400039 0.0255286882094219 0.0189730325862391 0.0068280965154171 0.0204889242563712 0.0115229080151482 0.0137806239904995 0.00427872936515128 0.00710286082633349 0.0109522060430086 0.0094512296996881 0.00335037314438289 0.0153135441024351 -0.000618220153398636 -0.00294184758210312 0.00982427532679881 -0.00588052949695565 0.00334889895409551 0.0128709668142923 0.00889287934050824
"PTAPET" 0.000694581891326166 0.00116218841784146 0.00105510417373634 0.0055360836159356 0.00281240180242775 -0.000955262612274098 0.0095511895688517 0.00338178577175653 -0.000467765995239842 -0.00255811460358114 -0.00355284061440261 -0.00281361689271689 -0.00241366786372051 0.000950765225892831 -0.00763933469523975 0.00860635389367564 0.00436078371395349 -0.000340567210496008 0.00224098115209123 0.0115246638244253 -0.0111189539141024 -0.00468753686374645 0.000324335998139416 -0.00895102093003034 -0.00499704432090411 -0.00411282608558618 0.00453065645183699 0.000969098578314853 -0.0040930835613262 -0.00375170878894886 0.000505888703030292 -0.0041984297853824 0.000831006782370838 0.00128005365583844 -0.00820848915405015 0.0029455329874306 -0.000966851680468691 -0.00690491257451571 -0.00281062964131925
"PTBA" 0.00116937312825501 0.00350025960453434 0.0017858666845653 0.00433179182484072 0.00325591512991042 0.000617345931715163 0.00161680027904092 0.00166029575987806 0.000944707692823006 0.000538786210662211 -0.000804848959101806 -0.000535475957863228 -0.000449315812490965 0.000812552090779814 -0.00181167737509401 0.00436078371395349 0.00329848353103402 0.00176191245827616 0.00265026292930099 0.00346431735435282 -0.00362680130144875 0.000241834625440305 0.00179796121493329 -0.00247212408993449 -0.000583545474125759 0.000759202623034888 0.00481481647131131 0.00279827814883908 0.000984325403419823 -0.00144186320900479 0.00134298819887061 -0.00034242539805087 0.00215988938520521 0.000365510324807706 -0.00314318564333872 0.000314532693575589 0.000978930636996568 -0.00218274688451986 0.000173794168388788
"PTEAM" 0.00120122087050988 0.00323048019603719 0.000536480069899848 -0.000501436557786729 0.00182486221434257 0.000843957476508764 -0.00953664149561745 -0.00224658050851793 0.00138259318764397 0.00440042463651147 0.00279611113135526 0.00216909247027294 0.00234022489497337 0.000783747796084022 0.00381335728951713 -0.000340567210496008 0.00176191245827616 0.0080285750169321 0.0034775564762588 -0.0081601276152958 0.009464253653861 0.00819605281616521 0.00163619146957116 0.00620868695982652 0.00474224741920213 0.00639041429252586 0.00361744442227594 0.00294581930209635 0.00300040327521214 0.000526370342142097 0.00167665960052444 0.00336817096862016 0.00142338989213157 -0.00184525600480991 0.00359861939972303 -0.00403374756440619 0.00583938474748331 0.00690720505903243 0.00681171631219953
"PTZYGO" 0.001450394332273 0.0029436484117949 0.000136819339131401 0.00170515374460024 0.00132717680167484 -0.000455419103003092 -0.00112529770427771 -0.000303478278295022 0.000579832992701467 0.00126810286156012 -0.000350923969812778 -0.000381999434237247 -0.000925113973325132 -0.000295464457194636 -0.000884385905254646 0.00224098115209123 0.00265026292930099 0.0034775564762588 0.0043878085533473 -0.00524988999175137 -2.47498226887306e-06 0.00125512148439743 0.00169954664801021 -0.00218217581489082 0.000656990563773443 0.00185228453287412 0.00282907285204939 0.00236297380460136 0.0033791424668228 -0.00137874728966781 0.00168980774521825 0.00064999820193206 0.00472414186752171 0.000540240840824997 -0.00202745177884055 -0.000429663942887061 0.002175748883315 0.000241734105488308 0.000416814936466114
"PTTSP" -0.00315108377739548 -0.00210970693434268 0.0047177503896784 0.0117983858253334 0.00712025817372034 0.00285012678104048 0.0215863304173107 0.00980241483082232 0.000879214670372504 -0.00205485375997013 -0.00402871393526996 0.00171593535884175 -0.00168323880386579 0.00355931117240782 0.00816608390400039 0.0115246638244253 0.00346431735435282 -0.0081601276152958 -0.00524988999175137 0.072515897543669 -0.00929223887607141 0.00196821779386436 0.00312012162613306 -0.00442740297792368 -0.00681766044293912 -0.00497273009205168 0.00582389103003913 0.00231624936662485 -0.00896409045654013 0.00262633434765847 0.000627522796303013 0.000193562326814785 -0.0103004784375882 -0.000966891690130904 -0.0143479772285343 0.00685951705025459 -0.00536996592627509 -0.00807258866978748 -0.00414079696473251
"FMZS" -0.00293233064325905 0.00456029250887171 0.00135981398819794 -0.00677855699806613 -0.00092600024894501 0.00493292319436973 -0.0265775290960367 -0.0122717197395089 0.0018541276834268 0.0133052117143587 0.00989756159802663 0.00831721931008727 0.0102475987491493 0.00350126645110742 0.0255286882094219 -0.0111189539141024 -0.00362680130144875 0.009464253653861 -2.47498226887306e-06 -0.00929223887607141 0.0433731558999105 0.0250442172743651 0.00407058939882171 0.0266448639852284 0.0167382281782522 0.0192544208026482 0.00313643059315842 0.0044153033635613 0.00913987609988961 0.00722702241902978 0.00261849795399325 0.0190310057390667 -0.0021386400089137 -0.00347903174139133 0.017167830870507 -0.00976788012028522 0.00677891109161344 0.0221469608208268 0.014263504712698
"FMMT" 0.000400047296567472 0.00700816545075881 0.00404320946674824 0.00078037919738346 0.00472248655162688 0.00574173818839323 -0.0178330762248574 -0.00393589480919335 0.00401727737853749 0.00983944398066879 0.0072276116183053 0.00730437739230917 0.0070489186087192 0.00325618821409965 0.0189730325862391 -0.00468753686374645 0.000241834625440305 0.00819605281616521 0.00125512148439743 0.00196821779386436 0.0250442172743651 0.0196189178739726 0.00547049721460006 0.0194824851749831 0.0107996691162911 0.0145994408037284 0.00701182535255824 0.00667607086554602 0.00823865604693363 0.00694626869606403 0.00331590181301233 0.0138400355643212 -0.00086268251256414 -0.00343288651576169 0.00932795500453018 -0.00691308691513395 0.00641853480428398 0.0134393710587528 0.011490922685825
"ZSZI" 0.00147162479243734 0.00785747277118553 0.00413280733660889 0.00621485066820827 0.00571996904120071 0.00394774367046194 -0.003018971272116 0.000541177950555996 0.00360372105377027 0.00423707419551395 0.00131621972514559 0.00246696097998542 0.00223493827142449 0.00121019269839932 0.0068280965154171 0.000324335998139416 0.00179796121493329 0.00163619146957116 0.00169954664801021 0.00312012162613306 0.00407058939882171 0.00547049721460006 0.00717021706890526 0.00369335670698354 0.00260899822594791 0.00523195998767418 0.00513078014799604 0.00452543206902933 0.00599340281596376 0.00331769891775524 0.00222356908355442 0.00670156719898791 0.00341332121852325 0.000819049970447763 0.00052115611398065 -0.00103492267600714 0.00110859486664087 0.00237971576028419 0.00320927317170445
"ZIMT" 0.00203630801877852 0.00824114007102632 0.00552046691591965 -0.000489275199316944 0.00505043561936996 0.00786584832668989 -0.0232959688141701 -0.00449601409631157 0.00481030030212156 0.0101646415663841 0.0102871379148723 0.00912793743985064 0.00930627214551736 0.00446387649758413 0.0204889242563712 -0.00895102093003034 -0.00247212408993449 0.00620868695982652 -0.00218217581489082 -0.00442740297792368 0.0266448639852284 0.0194824851749831 0.00369335670698354 0.0282213584531393 0.0127139683921692 0.0148153513975969 0.00496918980195762 0.00341586289084452 0.00819999883671121 0.0110482059723935 0.00344475022096803 0.0116070778857324 -0.00291855479464534 -0.00372549067785669 0.0152970735183958 -0.00830572327968624 0.00493357269938214 0.0136742821580164 0.01162935043992
"ZIZYGO" -0.000699751194050626 0.00561489886878759 0.00190743226336335 -0.000378950114407878 0.00191886346295573 0.00321466685254326 -0.0135841873603065 -0.00464911504058547 0.00186181204977861 0.00703597690211402 0.00500663906896547 0.00387018969371065 0.00496528978385348 0.00138433149631104 0.0115229080151482 -0.00499704432090411 -0.000583545474125759 0.00474224741920213 0.000656990563773443 -0.00681766044293912 0.0167382281782522 0.0107996691162911 0.00260899822594791 0.0127139683921692 0.00987264732315718 0.00992416717040118 0.00330063927572129 0.00459733418814052 0.00718391038455328 0.00242806857245548 0.00180489121620594 0.00660453834767155 0.000427843823987005 -0.00204276387288573 0.00931065063569075 -0.00536598733632859 0.00344694953249427 0.00932427787869423 0.0065033576228896
"ZITSP" 9.40118696072529e-05 0.00710908728774553 0.00454936896218051 0.000849585995744688 0.00347198399273888 0.00476110552222106 -0.0171463520093858 -0.00343994801154742 0.00351844903432287 0.00877851115278368 0.005945922343159 0.00548062406334352 0.00556133672752643 0.00243305059338835 0.0137806239904995 -0.00411282608558618 0.000759202623034888 0.00639041429252586 0.00185228453287412 -0.00497273009205168 0.0192544208026482 0.0145994408037284 0.00523195998767418 0.0148153513975969 0.00992416717040118 0.0143241365260295 0.0069426402024626 0.00534333204007413 0.00890391520316892 0.00356617528615469 0.00284922305518634 0.0108186139345099 0.000911513253147062 -0.00188807051983622 0.0090544234430882 -0.00514060651264811 0.00541301154904225 0.0113825528127947 0.00870487325775884
"MTPNS" 0.00191704992636891 0.00923108980806721 0.00621121588894128 0.00782001224009398 0.00765348139178935 0.00439150918639303 -0.00645854178748031 0.00109493595688082 0.00346314623990675 0.00464599394956487 0.001857265154321 0.00162871473679507 0.00336936550133599 0.00337038851197628 0.00427872936515128 0.00453065645183699 0.00481481647131131 0.00361744442227594 0.00282907285204939 0.00582389103003913 0.00313643059315842 0.00701182535255824 0.00513078014799604 0.00496918980195762 0.00330063927572129 0.0069426402024626 0.0121487940575138 0.0069027569784586 0.00473010247646278 0.000849167754187965 0.00292315198590412 0.00556133690829221 0.00229963898208184 1.75530259987265e-05 4.60483907817288e-05 -0.0025484094918908 0.00235876571431877 -0.000592932970670165 0.00420437914055243
"PNSAPET" 0.000383682213833093 0.00913508367983896 0.00260604480744361 0.00781702231370067 0.00729908178527772 0.00418111321110463 0.000562756598499903 0.00144835890300091 0.00313092302432034 0.00375361557221264 0.00178324597951496 0.00193685568265524 0.00258074755640103 0.0010740757623137 0.00710286082633349 0.000969098578314853 0.00279827814883908 0.00294581930209635 0.00236297380460136 0.00231624936662485 0.0044153033635613 0.00667607086554602 0.00452543206902933 0.00341586289084452 0.00459733418814052 0.00534333204007413 0.0069027569784586 0.0121114878818349 0.00731822925750601 0.000484166592126486 0.00271198852645103 0.00727826734151528 0.00221160388162935 -0.00223864562619631 0.00148473158813307 -0.00244236288589387 0.00211347053213026 0.00302569982532705 0.0049607797126956
"APETBA" 0.0020864039699005 0.0091467566211784 0.00329853797082761 0.00379312308108129 0.00463892190359512 0.00414767525862561 -0.00996490234325896 -0.00115941804152891 0.0039305159605794 0.00594312239508664 0.00365320059174074 0.00367195283832025 0.00253312171614217 0.000119176709000819 0.0109522060430086 -0.0040930835613262 0.000984325403419823 0.00300040327521214 0.0033791424668228 -0.00896409045654013 0.00913987609988961 0.00823865604693363 0.00599340281596376 0.00819999883671121 0.00718391038455328 0.00890391520316892 0.00473010247646278 0.00731822925750601 0.0129211327485691 0.0039931153951641 0.00329072257692192 0.00830775875561696 0.00664371989264377 -0.000414926057895613 0.00487440594146266 -0.00351489970022617 0.00241460570646469 0.00475100713372104 0.0032031829487556
"APETTS" 0.00248986720551682 0.0036231369425248 0.00259915631666235 0.00147297939655457 0.0032942859432982 0.00417099244677466 -0.0062676706581453 5.9628157687564e-05 0.00303909589963605 0.00266386288718525 0.00351078052564154 0.00451561067481952 0.00281828997869112 0.00162724043855688 0.0094512296996881 -0.00375170878894886 -0.00144186320900479 0.000526370342142097 -0.00137874728966781 0.00262633434765847 0.00722702241902978 0.00694626869606403 0.00331769891775524 0.0110482059723935 0.00242806857245548 0.00356617528615469 0.000849167754187965 0.000484166592126486 0.0039931153951641 0.00849527943821841 0.00129456147242729 0.00599077724281645 0.000109476306511088 -0.000881618623987785 0.0033966923469557 -0.0024099668448087 0.000267718806036861 0.00247002068069911 0.00265180068390949
"BAEAM" 0.00185191707078237 0.00499043816851292 0.00231965593871075 0.00339959342942383 0.00361270497973515 0.00194552170936549 -0.00171709875450058 0.00082814079459201 0.00191836657351342 0.00261721837130624 0.00163741796697461 0.0014364188572898 0.00111719902826308 0.00093758391962699 0.00335037314438289 0.000505888703030292 0.00134298819887061 0.00167665960052444 0.00168980774521825 0.000627522796303013 0.00261849795399325 0.00331590181301233 0.00222356908355442 0.00344475022096803 0.00180489121620594 0.00284922305518634 0.00292315198590412 0.00271198852645103 0.00329072257692192 0.00129456147242729 0.0028687667884965 0.00151933969243027 0.00213298632323008 0.000224865708381497 0.000620696639456718 -0.000351781784907093 0.00142930455862184 0.00184343113341502 0.00216113763959529
"EAMZYGO" -0.000712307197082326 0.0058915562095728 0.00304421919159047 0.00177859067451736 0.00342373892786207 0.00524555261239057 -0.0100370883079697 -0.00329501531821357 0.00331516233234102 0.0064709908342974 0.00413279611672902 0.00499338921674858 0.0051482315202798 0.00216416768068072 0.0153135441024351 -0.0041984297853824 -0.00034242539805087 0.00336817096862016 0.00064999820193206 0.000193562326814785 0.0190310057390667 0.0138400355643212 0.00670156719898791 0.0116070778857324 0.00660453834767155 0.0108186139345099 0.00556133690829221 0.00727826734151528 0.00830775875561696 0.00599077724281645 0.00151933969243027 0.0163975231363423 0.00103473344342017 -0.00152707977225801 0.00558279025734742 -0.00428049601722836 0.00247970379561437 0.00865166623175133 0.00712650110810922
"ZYGOTSP" 0.00272084603221393 0.00527957189759562 0.000788552699985482 0.00288566411456783 0.0019773783449928 0.000149043276075041 -0.00142131539616242 -0.00046964580482161 0.00138001414833483 0.00122074801678396 -0.000610645960009046 -0.000705828497635782 -0.0012138486654337 -0.000931130641309469 -0.000618220153398636 0.000831006782370838 0.00215988938520521 0.00142338989213157 0.00472414186752171 -0.0103004784375882 -0.0021386400089137 -0.00086268251256414 0.00341332121852325 -0.00291855479464534 0.000427843823987005 0.000911513253147062 0.00229963898208184 0.00221160388162935 0.00664371989264377 0.000109476306511088 0.00213298632323008 0.00103473344342017 0.00830114222582757 0.00225820061003685 -0.00218680426223414 -0.000182036448928948 0.000359709960281951 -0.00224698330898869 -0.00187791234861303
"LDAS" 0.000544808511283172 0.000391311162802993 0.000560807513660797 0.000623186006593952 -0.000391806145086573 -0.000738593037168932 0.00158385398673207 -0.00011370098380041 -0.000256340753606331 -0.000670965634856601 -0.00142041056986045 -0.00153578090488419 -0.000933692088480552 -0.000215807114170412 -0.00294184758210312 0.00128005365583844 0.000365510324807706 -0.00184525600480991 0.000540240840824997 -0.000966891690130904 -0.00347903174139133 -0.00343288651576169 0.000819049970447763 -0.00372549067785669 -0.00204276387288573 -0.00188807051983622 1.75530259987265e-05 -0.00223864562619631 -0.000414926057895613 -0.000881618623987785 0.000224865708381497 -0.00152707977225801 0.00225820061003685 0.00245324947848338 -0.00230729223148546 0.00161686434661551 -0.00161317189421002 -0.00303006528916618 -0.00256011904901295
"BRLD" -0.000667821145579654 0.00322656619561634 0.00140984081974976 -0.00368343138506344 -6.24344480950407e-05 0.00316952233957938 -0.0158739406290129 -0.00496938200766063 0.00152534439399321 0.00597224206828036 0.0060785641715983 0.00410576822172468 0.00575628269991962 0.0012447738580668 0.00982427532679881 -0.00820848915405015 -0.00314318564333872 0.00359861939972303 -0.00202745177884055 -0.0143479772285343 0.017167830870507 0.00932795500453018 0.00052115611398065 0.0152970735183958 0.00931065063569075 0.0090544234430882 4.60483907817288e-05 0.00148473158813307 0.00487440594146266 0.0033966923469557 0.000620696639456718 0.00558279025734742 -0.00218680426223414 -0.00230729223148546 0.0128021048310118 -0.00555971859991472 0.003126774790031 0.0105913904780453 0.0073699518087096
"OPILD" -0.000297346651134589 -0.00266402744925272 -0.000747285105659196 0.00116275783998049 -0.00109601322949227 -0.0017817672964235 0.010276769599345 0.00314042653639578 -0.00112819204135107 -0.00367584819065574 -0.00307443287502874 -0.00218432940851131 -0.00337188074079839 -0.000954134821835414 -0.00588052949695565 0.0029455329874306 0.000314532693575589 -0.00403374756440619 -0.000429663942887061 0.00685951705025459 -0.00976788012028522 -0.00691308691513395 -0.00103492267600714 -0.00830572327968624 -0.00536598733632859 -0.00514060651264811 -0.0025484094918908 -0.00244236288589387 -0.00351489970022617 -0.0024099668448087 -0.000351781784907093 -0.00428049601722836 -0.000182036448928948 0.00161686434661551 -0.00555971859991472 0.00465060403570604 -0.00260594678705119 -0.00435008491805264 -0.00459076835665047
"PTAS" 0.000891285719308541 0.00176766076385041 0.000807885142225066 -0.000834058483459198 0.00127471886202109 0.000649666128209415 -0.00779380089991902 -0.000601547085084326 0.00138694371045517 0.00345586481001444 0.00241981294476953 0.00199964114032909 0.00162011990155833 0.000236336951948632 0.00334889895409551 -0.000966851680468691 0.000978930636996568 0.00583938474748331 0.002175748883315 -0.00536996592627509 0.00677891109161344 0.00641853480428398 0.00110859486664087 0.00493357269938214 0.00344694953249427 0.00541301154904225 0.00235876571431877 0.00211347053213026 0.00241460570646469 0.000267718806036861 0.00142930455862184 0.00247970379561437 0.000359709960281951 -0.00161317189421002 0.003126774790031 -0.00260594678705119 0.00501576910625602 0.00612452741212447 0.00573823627418534
"JPAS" -0.00162522810247292 0.00245278361542965 0.000310449808882759 -0.00358853700457658 -0.000139640925601591 0.00241119790082806 -0.0128061984861797 -0.00472407792234485 0.00160358996508123 0.00754981453971891 0.00576914798780438 0.00517370318352693 0.00490404750550152 0.000768155539107619 0.0128709668142923 -0.00690491257451571 -0.00218274688451986 0.00690720505903243 0.000241734105488308 -0.00807258866978748 0.0221469608208268 0.0134393710587528 0.00237971576028419 0.0136742821580164 0.00932427787869423 0.0113825528127947 -0.000592932970670165 0.00302569982532705 0.00475100713372104 0.00247002068069911 0.00184343113341502 0.00865166623175133 -0.00224698330898869 -0.00303006528916618 0.0105913904780453 -0.00435008491805264 0.00612452741212447 0.0164357689015745 0.0103931994989294
"BAOPI" 0.000550014403308889 0.00537938609111266 0.00269833130435289 0.00103456704031837 0.004132044673094 0.00361996221389044 -0.0108999011065822 -0.00164170774641009 0.00294813454537968 0.00634266665276522 0.00480876758034602 0.00403909747745593 0.00524667260813289 0.00187367442398761 0.00889287934050824 -0.00281062964131925 0.000173794168388788 0.00681171631219953 0.000416814936466114 -0.00414079696473251 0.014263504712698 0.011490922685825 0.00320927317170445 0.01162935043992 0.0065033576228896 0.00870487325775884 0.00420437914055243 0.0049607797126956 0.0032031829487556 0.00265180068390949 0.00216113763959529 0.00712650110810922 -0.00187791234861303 -0.00256011904901295 0.0073699518087096 -0.00459076835665047 0.00573823627418534 0.0103931994989294 0.0105175053596113
