"" "ISPM" "ISNSL" "ISPNS" "PMZS" "PMZI" "PMMT" "NSLNA" "NSLZS" "NSLZI" "NABR" "NAFM" "NAPNS" "BRPT" "BRAPET" "PTFM" "PTAPET" "PTBA" "PTEAM" "PTZYGO" "PTTSP" "FMZS" "FMMT" "ZSZI" "ZIMT" "ZIZYGO" "ZITSP" "MTPNS" "PNSAPET" "APETBA" "APETTS" "BAEAM" "EAMZYGO" "ZYGOTSP" "LDAS" "BRLD" "OPILD" "PTAS" "JPAS" "BAOPI"
"ISPM" 0.00684841497401788 0.00537356086854516 0.00446890275249629 0.00485278377615811 0.00326660021372429 0.0022478088888602 0.00543934081224397 0.00396420310923842 0.00315299013278342 0.00156972713825411 0.0022186517963435 0.00252135999972386 0.00098323082131418 0.0014064359715941 0.00256623963632251 0.00191815322329404 0.00269077520861055 0.00335710812364159 0.00399590062694115 -0.00103374259274908 0.00183364130093328 0.00284262845241353 0.00225552229873159 0.00146000981945694 0.00360521425340602 0.00166990070473437 0.00421012433985625 0.00236040028120148 0.00488108489678969 0.00121382481526255 0.00270189339152899 0.00300038499578043 0.0037988016652504 0.00141438466558685 0.000238989259056031 0.00183573156134748 0.00186656373632886 0.000446488556422526 0.000150124487235417
"ISNSL" 0.00537356086854516 0.0101961743634128 0.00501085953199974 0.00807044945329501 0.00498229630940583 0.00269813773630314 0.00691865753210269 0.00356693055878476 0.00363182396607465 0.000741888934769859 0.00266569364018164 0.00274062955153757 0.000713986114709284 0.000968765855578018 0.00317825440631014 0.00172288529967931 0.0029721143186434 0.00323213318007518 0.00430387498528994 -0.0040480850510257 0.00343706717779748 0.00354565375922795 0.0035236969550825 0.00186595141540088 0.00465154544858132 0.00231022286377018 0.0054866165611191 0.00392113692117666 0.00687123235805531 0.00208062886931506 0.00333025996471539 0.00427472815106043 0.00509201376333693 0.000182639899885159 -0.000184564092239035 -0.00026723203567696 0.00180715092784914 0.000698720824120186 -0.000643260559096651
"ISPNS" 0.00446890275249629 0.00501085953199974 0.00544629237318003 0.00551069848614847 0.00435734044649193 0.00289149127137584 0.00745014243817463 0.00438478221243665 0.00317532684698042 0.00131813238085425 0.00290279999006343 0.00356020234276229 0.00126728956430893 0.00150885048346607 0.00420421749101931 0.00200849429341216 0.00268515754497272 0.00239305195776673 0.00277621152020839 -0.00133770026246062 0.00303466609798562 0.00345833131267448 0.00239244354124698 0.000875522791545049 0.00371201063903205 0.00216069912588829 0.00489409131219656 0.00155288433740297 0.005191666892559 0.000850521030496983 0.00245013168905851 0.00293866550924878 0.00296158712160507 0.000960131906080682 -3.79220031886141e-05 0.00171598925017947 0.00149847129702752 -0.000381969965462491 2.00011244258487e-05
"PMZS" 0.00485278377615811 0.00807044945329501 0.00551069848614847 0.00942086059973817 0.00631175421160667 0.0032584658343052 0.00959933224823304 0.00605701506239529 0.0043987672326682 0.00132237373889515 0.00317359868044638 0.003360649555342 0.00136544570229227 0.00166783764413443 0.00401565640509743 0.00264835313644102 0.00347639555716261 0.00342559286851298 0.00459409553431301 -0.00615400618952967 0.00266538756014596 0.0042607936368093 0.00338398160750839 0.000747054348700273 0.004339866005186 0.00265856032764988 0.00687861434882587 0.00396492860787653 0.00682410505764746 0.00200433779020553 0.00374089534503299 0.00377122978159702 0.00584243405122735 0.000403419386410794 -0.000139987654126997 0.000201279303469299 0.00185917907833646 0.000751364271095818 -0.00012693989353299
"PMZI" 0.00326660021372429 0.00498229630940583 0.00435734044649193 0.00631175421160667 0.0060146310574576 0.00281358017528153 0.00712537161105195 0.00527396903424313 0.00468825881463468 0.00179354235441803 0.00264538793216434 0.00277769137841475 0.00163849192207526 0.00166602264678868 0.00355098401691454 0.00240053078448581 0.00291059750393942 0.00287887988730101 0.00353040094425396 -0.00356404068978132 0.00234442092808974 0.00376302103712566 0.00439952980788955 -4.83233222717055e-05 0.00237101893218289 0.00194402808953836 0.00542406224433287 0.00317172318189798 0.00509216590102201 0.00150860883664439 0.00295268427546683 0.00296027771217895 0.00444236547153417 0.000512193424035708 -0.000548946186039427 0.000284276362518848 0.00189906048750793 0.000229380939498283 0.000660226812986487
"PMMT" 0.0022478088888602 0.00269813773630314 0.00289149127137584 0.0032584658343052 0.00281358017528153 0.00222794840846924 0.00367771092605463 0.00251795570480917 0.00196717812433094 0.00116035043248191 0.00150167449980586 0.00175631903474703 0.000929451261314224 0.000956177683942967 0.00242586164629617 0.00128059357245076 0.00159269739731763 0.00167892122275791 0.0017573002399909 -0.00144342076367837 0.00172677380025787 0.00214457717711092 0.00156786348547692 0.0012357581149197 0.00233879644419102 0.00111012243838312 0.00242756903239546 0.00141797797666024 0.00274076211430395 0.00062229803054402 0.00141292071922084 0.00195492701417416 0.00193010110518076 0.000757009814198474 -0.000279950364141468 0.00115995040068611 0.00108170962128753 0.000206262766318503 0.000395635794362459
"NSLNA" 0.00543934081224397 0.00691865753210269 0.00745014243817463 0.00959933224823304 0.00712537161105195 0.00367771092605463 0.0216659625605383 0.00729219243427578 0.00489912275140113 0.00055588719814072 0.0043458860933781 0.00580216875157201 0.00123828668421332 0.00172331966582734 0.00590786464223358 0.00285186041482431 0.00327968388356676 0.00326902985289547 0.00432293837603613 -0.00490095964513371 0.00695327151251611 0.00581416152340106 0.00305639428065013 0.00132446820719644 0.0057679711932579 0.00333689239000311 0.00683589548026219 0.00220752421787345 0.0071639917899202 0.00228746463900399 0.00375087133576042 0.00326986142191072 0.00503179356521259 -0.000159054439944938 0.000442213570541755 -0.00133621181256576 0.00138433385142708 2.10601076127991e-05 0.00173492810099791
"NSLZS" 0.00396420310923842 0.00356693055878476 0.00438478221243665 0.00605701506239529 0.00527396903424313 0.00251795570480917 0.00729219243427578 0.00996912724055947 0.00466698573206503 0.00207251967875516 0.00333388342527588 0.00318235433724502 0.00178158129464106 0.00154745346170496 0.0034037155406886 0.00229274010509848 0.00233678079046028 0.00180475485233646 0.00267074783952914 -0.00177528818557526 -0.00147936890818615 0.00293455861710133 0.000598502971756224 -0.000703919363168876 0.0020179072784287 0.00155689582610607 0.00467711390277948 0.00194395474433314 0.00426584562077645 0.00107885158274261 0.00239828942369893 0.00154758529391273 0.00288863844385635 0.000691475863932334 -0.000714410049043475 0.000946398704129999 0.00126601001901903 0.00147274040977413 -0.000890739217290774
"NSLZI" 0.00315299013278342 0.00363182396607465 0.00317532684698042 0.0043987672326682 0.00468825881463468 0.00196717812433094 0.00489912275140113 0.00466698573206503 0.00456013217206022 0.00178552040418955 0.0021283720874163 0.00205537375300717 0.00132313699079763 0.0011739411715415 0.00266268247123254 0.00211823907270272 0.00230908200048497 0.00252262258193194 0.00350411071144664 -0.00401238657176255 0.00118335585757264 0.00288411466944792 0.00449915221686073 8.20272836805366e-05 0.00136590595549351 0.00142003060719906 0.00418863443374413 0.00256084990122166 0.00349143648458556 0.00105327429948576 0.00237217058887929 0.00247643135073163 0.00436142526029764 0.000387640071070082 -0.000780781707783426 2.22361884380384e-05 0.00162632008467006 0.000326831876360066 0.000420166211751627
"NABR" 0.00156972713825411 0.000741888934769859 0.00131813238085425 0.00132237373889515 0.00179354235441803 0.00116035043248191 0.00055588719814072 0.00207251967875516 0.00178552040418955 0.00269015918350306 0.000864445922211315 0.000832485315702708 0.00134355148944192 0.000880831720183893 0.00175180619323584 0.00145265216419934 0.0014792216216918 0.00165253313460497 0.00179712133041788 0.00231545545584705 0.000807189843322351 0.00158238661408805 0.00110460420887257 0.000877983141392953 0.000584703934835747 0.000965324486648744 0.00161375568189404 0.00260048623544227 0.00129515309219705 0.000239730929707374 0.00103405584337001 0.00238977595663639 0.00171432534271493 0.00106911767626569 -0.00186953343955418 0.000977818429185968 0.000937649855478945 0.000352544812744671 0.00118523336085388
"NAFM" 0.0022186517963435 0.00266569364018164 0.00290279999006343 0.00317359868044638 0.00264538793216434 0.00150167449980586 0.0043458860933781 0.00333388342527588 0.0021283720874163 0.000864445922211315 0.00260365498832246 0.00247327523629169 0.000898034913806872 0.00103001367662531 0.00215577156374963 0.00122790854123359 0.00161107596847038 0.00157070648241741 0.0019628727595579 0.00214366446942403 0.00188409172752077 0.00199573503336335 0.00133474641742784 0.000220310604480457 0.00219080994853506 0.00125274560290266 0.00294057214559423 0.00113473160078317 0.00300999656019802 0.000593766836666799 0.00158204452609627 0.00183119656579564 0.00178048126166721 0.000749682458055694 0.000550972342393949 0.000949109173379654 0.00112126960524783 0.000393677513070847 0.00033843512591878
"NAPNS" 0.00252135999972386 0.00274062955153757 0.00356020234276229 0.003360649555342 0.00277769137841475 0.00175631903474703 0.00580216875157201 0.00318235433724502 0.00205537375300717 0.000832485315702708 0.00247327523629169 0.00347368867240294 0.00105754061508082 0.00110195724466492 0.00311278825258737 0.00140554759278138 0.00183334809129405 0.00167911604017911 0.00187237703849792 0.00239760964683301 0.00230853658858013 0.00261091840078857 0.00133605030731 0.000713184148332882 0.00281714232092681 0.00144797141450004 0.00303023140278737 0.000866438656895139 0.00333553180930246 0.000405806275749793 0.00151242868499546 0.0019381604123361 0.00173401620893396 0.000585618575901455 0.000525515080788092 0.000856731277485601 0.00110178312493983 -0.000308563046849698 -0.000161566149197578
"BRPT" 0.00098323082131418 0.000713986114709284 0.00126728956430893 0.00136544570229227 0.00163849192207526 0.000929451261314224 0.00123828668421332 0.00178158129464106 0.00132313699079763 0.00134355148944192 0.000898034913806872 0.00105754061508082 0.00170217823741496 0.00135715823485353 0.000741319437808562 0.00123011865937034 0.00134586900919755 0.00137810226179586 0.000996222528160385 0.00327112977138368 0.000369591027915135 0.00143933228096995 0.00104887117110858 0.000199320741242308 0.000221716672037171 0.000286060014354419 0.00167113076771762 0.00211211714254753 0.000905063000178496 -0.000235462655060878 0.000716388680478397 0.00186323794715746 0.000622650215686128 0.00129542453478967 -0.000155662715941431 0.00137651424204876 0.00102216700722707 0.000253643612640221 0.000964472561759784
"BRAPET" 0.0014064359715941 0.000968765855578018 0.00150885048346607 0.00166783764413443 0.00166602264678868 0.000956177683942967 0.00172331966582734 0.00154745346170496 0.0011739411715415 0.000880831720183893 0.00103001367662531 0.00110195724466492 0.00135715823485353 0.00183100197970242 0.00104653511542179 0.0015518716851929 0.00158614692009292 0.00145793036752952 0.00167746262470472 0.00386579979381796 0.00104665635899789 0.00172416613809002 0.00107515744736974 0.000438715075896847 0.000880224147561952 0.000936963807789331 0.00189327314150771 0.00152935188849873 0.00166906282113767 0.000103850988093406 0.00107041754730505 0.00137294369077076 0.00115784794186089 0.00146025492127613 0.000788432428041159 0.00185808944047701 0.000854462982823594 0.000598127728186387 0.00072170331312133
"PTFM" 0.00256623963632251 0.00317825440631014 0.00420421749101931 0.00401565640509743 0.00355098401691454 0.00242586164629617 0.00590786464223358 0.0034037155406886 0.00266268247123254 0.00175180619323584 0.00215577156374963 0.00311278825258737 0.000741319437808562 0.00104653511542179 0.0078504933406168 0.00172752484022549 0.00170612236383044 0.000604249506077062 0.00162741932786691 -0.00242102452929801 0.00214439864946537 0.0033448590172833 0.00200573334083165 0.00139558957835329 0.0028369164215855 0.00271178352446948 0.00447108758616676 0.00184779774368761 0.00416802625784678 0.000778622975865007 0.00207733188866086 0.00390791102478477 0.00298508559095239 0.000168753587964836 -0.00122746644612375 0.000943279697655397 -0.000216550338051214 -0.00108527649717895 -0.000818988296092984
"PTAPET" 0.00191815322329404 0.00172288529967931 0.00200849429341216 0.00264835313644102 0.00240053078448581 0.00128059357245076 0.00285186041482431 0.00229274010509848 0.00211823907270272 0.00145265216419934 0.00122790854123359 0.00140554759278138 0.00123011865937034 0.0015518716851929 0.00172752484022549 0.00346991512500678 0.00258691610686274 0.00292060321431719 0.00383078184283396 0.00176784591805786 0.00159561163235252 0.00269153422465185 0.00211195050718042 0.00147282116910931 0.00159421733583331 0.00214491521656448 0.00322538303849432 0.00313219228164578 0.00135130366000125 0.000694420105695912 0.00155421695255464 0.00268970832029643 0.0039532952667135 0.00129947524021726 -0.000341754963624494 0.0013841283873093 0.00119562236449269 -0.000148019754883851 9.59575841195766e-05
"PTBA" 0.00269077520861055 0.0029721143186434 0.00268515754497272 0.00347639555716261 0.00291059750393942 0.00159269739731763 0.00327968388356676 0.00233678079046028 0.00230908200048497 0.0014792216216918 0.00161107596847038 0.00183334809129405 0.00134586900919755 0.00158614692009292 0.00170612236383044 0.00258691610686274 0.00295182667801818 0.0035338641779403 0.0038572131227207 0.00299784734832526 0.00193406794026259 0.00277795492209381 0.00239566078085733 0.000887794713924835 0.00223934850817206 0.00170333340977373 0.0037133422096214 0.00325645752698365 0.00340173352549064 0.000813360576378071 0.00200461539196394 0.00312127289202195 0.00358684321020227 0.00130111041027558 4.90342104611449e-05 0.00165801127486445 0.00190624499899082 -5.35961922766863e-05 6.97026228733973e-05
"PTEAM" 0.00335710812364159 0.00323213318007518 0.00239305195776673 0.00342559286851298 0.00287887988730101 0.00167892122275791 0.00326902985289547 0.00180475485233646 0.00252262258193194 0.00165253313460497 0.00157070648241741 0.00167911604017911 0.00137810226179586 0.00145793036752952 0.000604249506077062 0.00292060321431719 0.0035338641779403 0.0070460004540453 0.00621814323673298 0.0103193301755251 0.00134526898247116 0.00298797790321069 0.00327466509352496 0.00132769359357916 0.00339090668015187 0.00215689631803778 0.00423311640488033 0.00525120386330386 0.00334495817449868 0.0016095976916144 0.00211793719065086 0.00479271722313464 0.00494340772655351 0.00168886241698549 0.000706142577223173 0.00160112345373714 0.00376687684245666 -0.000135348525561668 0.00120963047439521
"PTZYGO" 0.00399590062694115 0.00430387498528994 0.00277621152020839 0.00459409553431301 0.00353040094425396 0.0017573002399909 0.00432293837603613 0.00267074783952914 0.00350411071144664 0.00179712133041788 0.0019628727595579 0.00187237703849792 0.000996222528160385 0.00167746262470472 0.00162741932786691 0.00383078184283396 0.0038572131227207 0.00621814323673298 0.00858948522905001 0.00207132746071581 0.00187887789164249 0.00336034077685071 0.00422153934636932 0.00165487239091361 0.00469031091547595 0.00318122050660235 0.00479270512541843 0.00458426598836242 0.00401870241421 0.0019667697578493 0.00288992556964532 0.00315220350465657 0.00857218331901395 0.00169319023460665 0.000583160097047477 0.00129906760499304 0.00301453117381775 -9.07085249118241e-05 0.000107003243016243
"PTTSP" -0.00103374259274908 -0.0040480850510257 -0.00133770026246062 -0.00615400618952967 -0.00356404068978132 -0.00144342076367837 -0.00490095964513371 -0.00177528818557526 -0.00401238657176255 0.00231545545584705 0.00214366446942403 0.00239760964683301 0.00327112977138368 0.00386579979381796 -0.00242102452929801 0.00176784591805786 0.00299784734832526 0.0103193301755251 0.00207132746071581 0.15214915602508 -0.00317640037051037 0.00147088325843982 -0.00442181439074854 0.00060541085989846 0.0014975549354351 0.00947665985585899 -0.000106615097384215 0.0105758005808887 0.000417642079464907 0.00253666202943316 -0.00204302455342543 0.0117318695842793 -0.019139522424561 0.00137010892687671 0.00389431679729712 0.00358701326679861 0.0068892939882832 0.00362722580995702 0.00626608111114726
"FMZS" 0.00183364130093328 0.00343706717779748 0.00303466609798562 0.00266538756014596 0.00234442092808974 0.00172677380025787 0.00695327151251611 -0.00147936890818615 0.00118335585757264 0.000807189843322351 0.00188409172752077 0.00230853658858013 0.000369591027915135 0.00104665635899789 0.00214439864946537 0.00159561163235252 0.00193406794026259 0.00134526898247116 0.00187887789164249 -0.00317640037051037 0.0104581725185089 0.00374551866917418 0.00245459451385216 0.00380275366781138 0.00341180762324627 0.00137243529337854 0.0017208990463776 0.00140989344257942 0.00342519891486464 0.000720541836398203 0.00159261525404114 0.00202764100709868 0.00234298444123404 0.000424160883116106 -0.000157841504058773 4.37151425933493e-05 0.000623090056304806 -2.8881742783332e-05 0.00215515902645391
"FMMT" 0.00284262845241353 0.00354565375922795 0.00345833131267448 0.0042607936368093 0.00376302103712566 0.00214457717711092 0.00581416152340106 0.00293455861710133 0.00288411466944792 0.00158238661408805 0.00199573503336335 0.00261091840078857 0.00143933228096995 0.00172416613809002 0.0033448590172833 0.00269153422465185 0.00277795492209381 0.00298797790321069 0.00336034077685071 0.00147088325843982 0.00374551866917418 0.00424349910178294 0.00281288098483784 0.0026879233590405 0.00267523334006828 0.00173585592631234 0.00401715840848739 0.00339392673521967 0.00366519226281346 0.00064137733630873 0.00206982729210849 0.00370289458073567 0.00356853459906785 0.000941564542117458 -0.00038781026148354 0.00099647405609747 0.00153140789299342 4.01388989121243e-05 0.000539057428715473
"ZSZI" 0.00225552229873159 0.0035236969550825 0.00239244354124698 0.00338398160750839 0.00439952980788955 0.00156786348547692 0.00305639428065013 0.000598502971756224 0.00449915221686073 0.00110460420887257 0.00133474641742784 0.00133605030731 0.00104887117110858 0.00107515744736974 0.00200573334083165 0.00211195050718042 0.00239566078085733 0.00327466509352496 0.00422153934636932 -0.00442181439074854 0.00245459451385216 0.00281288098483784 0.00880414651766114 -0.000926306841841714 0.000252806714435164 0.0015948335696958 0.00431275533930521 0.00277942924000145 0.00289369053544871 0.000758089323121971 0.00235812870911669 0.00361918171290386 0.00555393614857587 2.78519774526099e-05 0.000600861303438361 -0.000800650689807251 0.00218904345698413 -0.00150150231394645 0.00158589789395193
"ZIMT" 0.00146000981945694 0.00186595141540088 0.000875522791545049 0.000747054348700273 -4.83233222717055e-05 0.0012357581149197 0.00132446820719644 -0.000703919363168876 8.20272836805366e-05 0.000877983141392953 0.000220310604480457 0.000713184148332882 0.000199320741242308 0.000438715075896847 0.00139558957835329 0.00147282116910931 0.000887794713924835 0.00132769359357916 0.00165487239091361 0.00060541085989846 0.00380275366781138 0.0026879233590405 -0.000926306841841714 0.00867475112225567 0.00223458886231702 0.00024005965476967 -0.000561771595682324 0.0018005412405104 0.000302831589520914 -0.000200054715045531 0.000261642448904326 0.0030968197274624 0.00191672537181925 0.000867092399778443 -0.00191864165342897 0.000909664985058876 5.76490474587361e-05 0.00181833783982577 -0.000403473820100193
"ZIZYGO" 0.00360521425340602 0.00465154544858132 0.00371201063903205 0.004339866005186 0.00237101893218289 0.00233879644419102 0.0057679711932579 0.0020179072784287 0.00136590595549351 0.000584703934835747 0.00219080994853506 0.00281714232092681 0.000221716672037171 0.000880224147561952 0.0028369164215855 0.00159421733583331 0.00223934850817206 0.00339090668015187 0.00469031091547595 0.0014975549354351 0.00341180762324627 0.00267523334006828 0.000252806714435164 0.00223458886231702 0.00926166457056504 0.00240623213571364 0.00316780902927656 0.00228074300431184 0.00423477940918617 0.00120651893178191 0.00235534055414745 -0.000726721476387708 0.00358532065154192 0.00112621202990301 0.000510361508414235 0.00175443040854041 0.00136595091763167 -0.000433636177660899 -0.000334081388243118
"ZITSP" 0.00166990070473437 0.00231022286377018 0.00216069912588829 0.00265856032764988 0.00194402808953836 0.00111012243838312 0.00333689239000311 0.00155689582610607 0.00142003060719906 0.000965324486648744 0.00125274560290266 0.00144797141450004 0.000286060014354419 0.000936963807789331 0.00271178352446948 0.00214491521656448 0.00170333340977373 0.00215689631803778 0.00318122050660235 0.00947665985585899 0.00137243529337854 0.00173585592631234 0.0015948335696958 0.00024005965476967 0.00240623213571364 0.00449508623865391 0.00281801175670569 0.00186788950392002 0.00217601661351483 0.00178076460112047 0.00133323957139873 0.00220922023253723 0.00222806945761506 -7.16843821596268e-05 0.000123557630840359 8.33713027418654e-05 0.000863961362214194 0.000385171119109685 0.000509421527025214
"MTPNS" 0.00421012433985625 0.0054866165611191 0.00489409131219656 0.00687861434882587 0.00542406224433287 0.00242756903239546 0.00683589548026219 0.00467711390277948 0.00418863443374413 0.00161375568189404 0.00294057214559423 0.00303023140278737 0.00167113076771762 0.00189327314150771 0.00447108758616676 0.00322538303849432 0.0037133422096214 0.00423311640488033 0.00479270512541843 -0.000106615097384215 0.0017208990463776 0.00401715840848739 0.00431275533930521 -0.000561771595682324 0.00316780902927656 0.00281801175670569 0.0084273843551409 0.00472813430668981 0.00550921477864061 0.00172702476510832 0.00335156128198696 0.00500015334582505 0.00584356454582482 0.00120300150786488 3.15833246888412e-05 0.00162122051271367 0.00219180858301297 -0.00136749538063095 -0.000240288402048322
"PNSAPET" 0.00236040028120148 0.00392113692117666 0.00155288433740297 0.00396492860787653 0.00317172318189798 0.00141797797666024 0.00220752421787345 0.00194395474433314 0.00256084990122166 0.00260048623544227 0.00113473160078317 0.000866438656895139 0.00211211714254753 0.00152935188849873 0.00184779774368761 0.00313219228164578 0.00325645752698365 0.00525120386330386 0.00458426598836242 0.0105758005808887 0.00140989344257942 0.00339392673521967 0.00277942924000145 0.0018005412405104 0.00228074300431184 0.00186788950392002 0.00472813430668981 0.0103684851067854 0.00195775818963865 0.000706417290819011 0.00203074156763192 0.00617112572830383 0.00389127903003967 0.00197503089223149 -0.00141501352721798 0.00127331687948747 0.00247406026103912 -0.000395644688988281 0.00133729852118389
"APETBA" 0.00488108489678969 0.00687123235805531 0.005191666892559 0.00682410505764746 0.00509216590102201 0.00274076211430395 0.0071639917899202 0.00426584562077645 0.00349143648458556 0.00129515309219705 0.00300999656019802 0.00333553180930246 0.000905063000178496 0.00166906282113767 0.00416802625784678 0.00135130366000125 0.00340173352549064 0.00334495817449868 0.00401870241421 0.000417642079464907 0.00342519891486464 0.00366519226281346 0.00289369053544871 0.000302831589520914 0.00423477940918617 0.00217601661351483 0.00550921477864061 0.00195775818963865 0.00885145645668223 0.0019071037127926 0.00357722723702089 0.00350303220229893 0.00413807285653376 0.000694724521115051 0.000127244798421191 0.00103559838332758 0.00196626224508236 0.000390333779450116 -0.000619806022479718
"APETTS" 0.00121382481526255 0.00208062886931506 0.000850521030496983 0.00200433779020553 0.00150860883664439 0.00062229803054402 0.00228746463900399 0.00107885158274261 0.00105327429948576 0.000239730929707374 0.000593766836666799 0.000405806275749793 -0.000235462655060878 0.000103850988093406 0.000778622975865007 0.000694420105695912 0.000813360576378071 0.0016095976916144 0.0019667697578493 0.00253666202943316 0.000720541836398203 0.00064137733630873 0.000758089323121971 -0.000200054715045531 0.00120651893178191 0.00178076460112047 0.00172702476510832 0.000706417290819011 0.0019071037127926 0.00397057081960769 0.00125186516398244 0.0011108587470647 0.00194567825993937 0.000154220580544972 0.000207994594982442 0.000255258132775992 0.00100192266202839 0.000637168638687159 1.11365610883764e-05
"BAEAM" 0.00270189339152899 0.00333025996471539 0.00245013168905851 0.00374089534503299 0.00295268427546683 0.00141292071922084 0.00375087133576042 0.00239828942369893 0.00237217058887929 0.00103405584337001 0.00158204452609627 0.00151242868499546 0.000716388680478397 0.00107041754730505 0.00207733188866086 0.00155421695255464 0.00200461539196394 0.00211793719065086 0.00288992556964532 -0.00204302455342543 0.00159261525404114 0.00206982729210849 0.00235812870911669 0.000261642448904326 0.00235534055414745 0.00133323957139873 0.00335156128198696 0.00203074156763192 0.00357722723702089 0.00125186516398244 0.00260954526926513 0.00169016698057533 0.00341855272964585 0.000979988237363362 0.000115095038517373 0.000831038382279469 0.00104773444388658 -0.000119726022115139 6.72263020018234e-05
"EAMZYGO" 0.00300038499578043 0.00427472815106043 0.00293866550924878 0.00377122978159702 0.00296027771217895 0.00195492701417416 0.00326986142191072 0.00154758529391273 0.00247643135073163 0.00238977595663639 0.00183119656579564 0.0019381604123361 0.00186323794715746 0.00137294369077076 0.00390791102478477 0.00268970832029643 0.00312127289202195 0.00479271722313464 0.00315220350465657 0.0117318695842793 0.00202764100709868 0.00370289458073567 0.00361918171290386 0.0030968197274624 -0.000726721476387708 0.00220922023253723 0.00500015334582505 0.00617112572830383 0.00350303220229893 0.0011108587470647 0.00169016698057533 0.0115546469762872 0.00331503352775929 0.000636589504469752 -0.00113509430868325 0.000622552639797244 0.00257210821274177 -0.000473301091169856 0.000874119225570729
"ZYGOTSP" 0.0037988016652504 0.00509201376333693 0.00296158712160507 0.00584243405122735 0.00444236547153417 0.00193010110518076 0.00503179356521259 0.00288863844385635 0.00436142526029764 0.00171432534271493 0.00178048126166721 0.00173401620893396 0.000622650215686128 0.00115784794186089 0.00298508559095239 0.0039532952667135 0.00358684321020227 0.00494340772655351 0.00857218331901395 -0.019139522424561 0.00234298444123404 0.00356853459906785 0.00555393614857587 0.00191672537181925 0.00358532065154192 0.00222806945761506 0.00584356454582482 0.00389127903003967 0.00413807285653376 0.00194567825993937 0.00341855272964585 0.00331503352775929 0.0130476608865506 0.00129160827374862 -0.000210958867564128 0.000285624260080854 0.00210580710941413 -0.00119212273535611 -0.000816226192422285
"LDAS" 0.00141438466558685 0.000182639899885159 0.000960131906080682 0.000403419386410794 0.000512193424035708 0.000757009814198474 -0.000159054439944938 0.000691475863932334 0.000387640071070082 0.00106911767626569 0.000749682458055694 0.000585618575901455 0.00129542453478967 0.00146025492127613 0.000168753587964836 0.00129947524021726 0.00130111041027558 0.00168886241698549 0.00169319023460665 0.00137010892687671 0.000424160883116106 0.000941564542117458 2.78519774526099e-05 0.000867092399778443 0.00112621202990301 -7.16843821596268e-05 0.00120300150786488 0.00197503089223149 0.000694724521115051 0.000154220580544972 0.000979988237363362 0.000636589504469752 0.00129160827374862 0.00452063778709528 0.00110221036799033 0.00439937348262488 0.000521678211089353 0.000210299773901734 0.000160019300134493
"BRLD" 0.000238989259056031 -0.000184564092239035 -3.79220031886141e-05 -0.000139987654126997 -0.000548946186039427 -0.000279950364141468 0.000442213570541755 -0.000714410049043475 -0.000780781707783426 -0.00186953343955418 0.000550972342393949 0.000525515080788092 -0.000155662715941431 0.000788432428041159 -0.00122746644612375 -0.000341754963624494 4.90342104611449e-05 0.000706142577223173 0.000583160097047477 0.00389431679729712 -0.000157841504058773 -0.00038781026148354 0.000600861303438361 -0.00191864165342897 0.000510361508414235 0.000123557630840359 3.15833246888412e-05 -0.00141501352721798 0.000127244798421191 0.000207994594982442 0.000115095038517373 -0.00113509430868325 -0.000210958867564128 0.00110221036799033 0.0071038151981304 0.00176951839006972 0.00107583299513192 -0.000922534445126477 -0.00066859560453449
"OPILD" 0.00183573156134748 -0.00026723203567696 0.00171598925017947 0.000201279303469299 0.000284276362518848 0.00115995040068611 -0.00133621181256576 0.000946398704129999 2.22361884380384e-05 0.000977818429185968 0.000949109173379654 0.000856731277485601 0.00137651424204876 0.00185808944047701 0.000943279697655397 0.0013841283873093 0.00165801127486445 0.00160112345373714 0.00129906760499304 0.00358701326679861 4.37151425933493e-05 0.00099647405609747 -0.000800650689807251 0.000909664985058876 0.00175443040854041 8.33713027418654e-05 0.00162122051271367 0.00127331687948747 0.00103559838332758 0.000255258132775992 0.000831038382279469 0.000622552639797244 0.000285624260080854 0.00439937348262488 0.00176951839006972 0.00677330398887914 0.000957127936991764 0.00021559490665846 -0.00105738815189869
"PTAS" 0.00186656373632886 0.00180715092784914 0.00149847129702752 0.00185917907833646 0.00189906048750793 0.00108170962128753 0.00138433385142708 0.00126601001901903 0.00162632008467006 0.000937649855478945 0.00112126960524783 0.00110178312493983 0.00102216700722707 0.000854462982823594 -0.000216550338051214 0.00119562236449269 0.00190624499899082 0.00376687684245666 0.00301453117381775 0.0068892939882832 0.000623090056304806 0.00153140789299342 0.00218904345698413 5.76490474587361e-05 0.00136595091763167 0.000863961362214194 0.00219180858301297 0.00247406026103912 0.00196626224508236 0.00100192266202839 0.00104773444388658 0.00257210821274177 0.00210580710941413 0.000521678211089353 0.00107583299513192 0.000957127936991764 0.00297202517396707 -0.000118338128960183 0.00120306194911095
"JPAS" 0.000446488556422526 0.000698720824120186 -0.000381969965462491 0.000751364271095818 0.000229380939498283 0.000206262766318503 2.10601076127991e-05 0.00147274040977413 0.000326831876360066 0.000352544812744671 0.000393677513070847 -0.000308563046849698 0.000253643612640221 0.000598127728186387 -0.00108527649717895 -0.000148019754883851 -5.35961922766863e-05 -0.000135348525561668 -9.07085249118241e-05 0.00362722580995702 -2.8881742783332e-05 4.01388989121243e-05 -0.00150150231394645 0.00181833783982577 -0.000433636177660899 0.000385171119109685 -0.00136749538063095 -0.000395644688988281 0.000390333779450116 0.000637168638687159 -0.000119726022115139 -0.000473301091169856 -0.00119212273535611 0.000210299773901734 -0.000922534445126477 0.00021559490665846 -0.000118338128960183 0.00893369652851758 0.000674234132217445
"BAOPI" 0.000150124487235417 -0.000643260559096651 2.00011244258487e-05 -0.00012693989353299 0.000660226812986487 0.000395635794362459 0.00173492810099791 -0.000890739217290774 0.000420166211751627 0.00118523336085388 0.00033843512591878 -0.000161566149197578 0.000964472561759784 0.00072170331312133 -0.000818988296092984 9.59575841195766e-05 6.97026228733973e-05 0.00120963047439521 0.000107003243016243 0.00626608111114726 0.00215515902645391 0.000539057428715473 0.00158589789395193 -0.000403473820100193 -0.000334081388243118 0.000509421527025214 -0.000240288402048322 0.00133729852118389 -0.000619806022479718 1.11365610883764e-05 6.72263020018234e-05 0.000874119225570729 -0.000816226192422285 0.000160019300134493 -0.00066859560453449 -0.00105738815189869 0.00120306194911095 0.000674234132217445 0.00657351203341059
