"" "ISPM" "ISNSL" "ISPNS" "PMZS" "PMZI" "PMMT" "NSLNA" "NSLZS" "NSLZI" "NABR" "NAFM" "NAPNS" "BRPT" "BRAPET" "PTFM" "PTAPET" "PTBA" "PTEAM" "PTZYGO" "PTTSP" "FMZS" "FMMT" "ZSZI" "ZIMT" "ZIZYGO" "ZITSP" "MTPNS" "PNSAPET" "APETBA" "APETTS" "BAEAM" "EAMZYGO" "ZYGOTSP" "LDAS" "BRLD" "OPILD" "PTAS" "JPAS" "BAOPI"
"ISPM" 0.00600639221396503 0.00605427969411334 0.00435146725857366 0.00445173626421704 0.00331499073411913 0.00191731022622701 0.00235873428488004 0.00355054881167338 0.00314276282774935 0.00215920880537436 0.00181673435510202 0.00250968294998916 0.00175531325820371 0.00191848419528655 0.00219623330438216 0.00115095404224082 0.00195774650761984 0.00288243603449428 0.00261477137700238 0.00436543964457623 0.000942619620083872 0.00309987020531683 0.00175053243615653 0.00185632853745058 0.00307301679693942 0.00217197464199358 0.00460019480606162 0.00271428114927908 0.00279020436789638 0.00153158949544343 0.00204333191755806 0.00145285527526705 0.00197185278684891 0.000977400506519688 0.000909588455463274 0.00122687345291419 0.00238542137191723 0.00116405360417994 0.000102303281378293
"ISNSL" 0.00605427969411334 0.011308786051566 0.0060921259224485 0.00749874670482184 0.00488405058422407 0.00279951182661901 0.0018228378925564 0.00439989814541532 0.00384530779696814 0.00228832458607718 0.00205659096647592 0.00327218479204041 0.00155819472054967 0.00190906547165697 0.00409951325860988 0.00157202164697041 0.00251134774903599 0.00272393318202591 0.00319533071242185 0.00573182967644605 0.00111592838287212 0.00458713507673387 0.00178550870288234 0.00289502552214291 0.00538212578363487 0.00313217133001143 0.00612305455201518 0.00384928732585945 0.00414377022371661 0.00152085193703679 0.00312287809556813 0.00188395080358218 0.00225520410298257 0.000454066683102796 -0.000577886060935039 0.00102928119381356 0.00243710680885791 0.00151998862804571 -0.000359130821442109
"ISPNS" 0.00435146725857366 0.0060921259224485 0.0057069436212547 0.00471829765914643 0.00397246692721426 0.00248008428597113 0.00181987694792166 0.00276343999314211 0.00285562104415137 0.00195341260800002 0.0015862804202258 0.00296899669780983 0.00143475871577279 0.00155468180885206 0.00239779611919383 0.0012772410216409 0.00208204195204415 0.00278012560259997 0.0024190993556307 0.00579933361542105 0.00155181181468218 0.00319066070671333 0.00215178836012217 0.00186595611266849 0.00410426051516097 0.00266617649592698 0.0045188490612365 0.00128819947729009 0.00280524113414222 0.00133750857812103 0.00240801878863856 0.0016634319234036 0.00148999048972544 0.000475417970519528 0.000294061946173842 0.000706348708227671 0.00243508929164246 0.00125241603901281 9.76708056854138e-05
"PMZS" 0.00445173626421704 0.00749874670482184 0.00471829765914643 0.00806813970096791 0.0048331614571125 0.00242980349003354 0.00335136785973852 0.00453319293665902 0.00342964718545417 0.00237667233862651 0.00171173873095007 0.00218649370427631 0.00107326418446443 0.00176676534487604 0.00463570604357456 0.00130699680090536 0.00196842060573715 0.00205381536617523 0.00346203940275572 0.00353995639282688 1.01147486736886e-05 0.00386809302492715 0.00227360298384106 0.00175958426809522 0.00481626542883887 0.00322655835515559 0.00576828992560188 0.00400441333645855 0.00388617155629032 0.00153417564640605 0.00252644655611918 0.00211291527669213 0.00357413471440764 0.000582351992758577 -0.000585404606281554 0.00107829340985913 0.00152992266600135 0.00152812277142539 -0.000536030515361299
"PMZI" 0.00331499073411913 0.00488405058422407 0.00397246692721426 0.0048331614571125 0.00505631413671698 0.00239105765596324 0.00103349694456598 0.00339464387034697 0.00349967352130024 0.00218382671568279 0.00152548450942903 0.00183957661288716 0.00121916437325471 0.00163577841999766 0.00286064966882562 0.00162197407740747 0.00206673783213674 0.00220661489054294 0.00286834309652501 0.00444598171398784 0.000982483543385491 0.00283859399011856 0.00247646254488996 0.00148339659770234 0.00285646375378996 0.00213030766720444 0.00417085737157011 0.00337330472034406 0.00295304558634764 0.00210191746914953 0.00219279536290931 0.000854984700942345 0.00254991893485726 0.000676921345310649 -0.000340213980472614 0.000898722078614253 0.00187113389083785 0.00122685998757216 -4.04206069912597e-05
"PMMT" 0.00191731022622701 0.00279951182661901 0.00248008428597113 0.00242980349003354 0.00239105765596324 0.00187392246186412 0.000962857418435085 0.00144063947416704 0.00161442147537228 0.00118353159736975 0.00083617040382822 0.00126869988037645 0.00101362293008858 0.000860520109518722 0.00153214259769329 0.000545450604529016 0.00102172363037463 0.0012567521925875 0.00117049716276248 0.00348427722578036 0.000925126063189136 0.00163761357438673 0.00126382292899041 0.00145000935804479 0.00208601613080327 0.00140667997735244 0.00214531209471286 0.00139544030713955 0.00174240015039041 0.00199561029593581 0.00126167225675806 0.00106055218581757 0.000926198939196865 0.000552735823136795 9.71112807333964e-05 0.000628014921360019 0.00117402938852426 0.00022327540010492 0.000480357949124148
"NSLNA" 0.00235873428488004 0.0018228378925564 0.00181987694792166 0.00335136785973852 0.00103349694456598 0.000962857418435085 0.0119652196188113 0.001386127619788 0.000959696346287489 0.000104572594379625 0.000334092495977497 0.00118118238096992 0.000983512235208402 0.000337752978928486 1.98875329267904e-06 -0.000961761205360275 -0.000264339100518948 -7.60491099131197e-05 -0.000440805680564976 -0.0092766164931596 0.0016650317363098 0.000417282754720238 -3.6391771645105e-05 0.000655122419922298 0.000893237895070377 0.00120077505392875 0.0020191453288638 0.000826830521685881 0.00103381809331626 0.000928988291556234 -0.000322825084310996 0.000768306680467744 0.000612862158508819 0.000237701114028639 0.000146204717951993 6.80015628121982e-05 0.000193913240502231 -0.000333185506568859 0.000404794761190693
"NSLZS" 0.00355054881167338 0.00439989814541532 0.00276343999314211 0.00453319293665902 0.00339464387034697 0.00144063947416704 0.001386127619788 0.0068645955116751 0.0031533414533853 0.00196358013682544 0.00210739626251662 0.00222715203843001 0.00125920883739556 0.00176249181311966 0.00208734084301743 0.00108360764289443 0.00183353898091776 0.00188123487435142 0.00277774412414135 0.00336475789345214 -0.000904829993667078 0.00289871071201914 -0.000817923506308831 0.00194491901802133 0.00264892782654604 0.00142972073765695 0.00371140573749947 0.00354588842641823 0.00276616171304658 0.000749301044705065 0.00212529910964494 0.000447295317077312 0.00257515476427688 0.000455123937010636 0.000289977447140184 0.000744712283434325 0.00179785596815074 -1.36917024493053e-06 -0.000490378145598403
"NSLZI" 0.00314276282774935 0.00384530779696814 0.00285562104415137 0.00342964718545417 0.00349967352130024 0.00161442147537228 0.000959696346287489 0.0031533414533853 0.00340975543310909 0.00181373585599412 0.00152639762726136 0.00191867338954391 0.00113605453385198 0.00156023323815866 0.00209707532854654 0.00146850790566309 0.00186794819990162 0.00209430498279487 0.00255903793392823 0.00568855721800035 0.00106167225752155 0.00260433804447707 0.00269227251470722 0.00144839183345201 0.0020618917803379 0.0015937115329179 0.00332697170942622 0.00315977623703545 0.00238715153715838 0.00144529336120186 0.00177053891631953 0.000664960318144618 0.00204183499891614 0.000759883270282561 -0.000191215039029202 0.000969799212989966 0.00166882621575125 0.000957749388166378 -0.000188585524115953
"NABR" 0.00215920880537436 0.00228832458607718 0.00195341260800002 0.00237667233862651 0.00218382671568279 0.00118353159736975 0.000104572594379625 0.00196358013682544 0.00181373585599412 0.00251681593768736 0.000936935473120775 0.00119963368220137 0.00156804582334779 0.00157580080998231 0.0019248559471131 0.0012518451677693 0.0014220098244906 0.00162632188067351 0.0015821300415555 0.00360336201502607 0.000833642036575107 0.00191640327482337 0.00126122611169201 0.00115191309151623 0.00123586224890924 0.00166361874790731 0.00222982702085825 0.00183962857821717 0.0016207758673579 0.00187234330307446 0.00143333105074374 0.00072957636999142 0.00142213861991505 0.000891365783395228 5.78598493546259e-05 0.000905817944429694 0.00154181339784 0.000369485960229977 -8.83977361747082e-05
"NAFM" 0.00181673435510202 0.00205659096647592 0.0015862804202258 0.00171173873095007 0.00152548450942903 0.00083617040382822 0.000334092495977497 0.00210739626251662 0.00152639762726136 0.000936935473120775 0.00178447000052021 0.00148847415681828 0.000907490465698328 0.00109901150682793 0.000718156161555574 0.000766245058219387 0.00108470943461354 0.00171605501161747 0.00182490055266238 0.00163353194279096 0.000626938128402997 0.0015020089646862 0.000912167797431932 0.000655513771216175 0.00148395023503293 0.00111925222708736 0.00207299415078044 0.00182413162930321 0.00123758472059634 0.00064859894168325 0.00125274056652923 0.000977673824766912 0.00160338306517463 0.000587070159046664 0.000854214119504461 0.000582171870833818 0.00143237160415051 0.000597925696165398 0.000381233351568427
"NAPNS" 0.00250968294998916 0.00327218479204041 0.00296899669780983 0.00218649370427631 0.00183957661288716 0.00126869988037645 0.00118118238096992 0.00222715203843001 0.00191867338954391 0.00119963368220137 0.00148847415681828 0.00338345760182119 0.00167240182726767 0.0015908111427426 0.000786910213272331 0.00101836475020748 0.00148762868097479 0.0019826192516505 0.00137189010587216 0.0040691800351311 0.000406743832864182 0.0024003068150745 0.00153878008629757 0.00111951595566568 0.00153189485534877 0.000906171523271387 0.00229786884707451 0.000185462264991745 0.00147738319529909 0.00109854129481346 0.00150606034583418 0.000751474045350928 0.000493960817739669 0.000756895996829185 0.000697929535108668 0.000688340482245779 0.00196249070531243 0.000103749324287842 0.000343801840674804
"BRPT" 0.00175531325820371 0.00155819472054967 0.00143475871577279 0.00107326418446443 0.00121916437325471 0.00101362293008858 0.000983512235208402 0.00125920883739556 0.00113605453385198 0.00156804582334779 0.000907490465698328 0.00167240182726767 0.00255287973616584 0.00179738719575455 0.000552336918397272 0.000342904532173553 0.000845854960771809 0.00092430447224366 0.000138920272880563 0.000623397562447811 4.45372331105435e-05 0.00127459501746065 0.000718106343772027 0.00133196911782709 0.000602801984612235 0.000185126785716177 0.00121820909447145 0.000766690874203086 0.00102248412222842 0.00212054915204193 0.00107328566016333 0.00022278765845961 -7.1255232672931e-05 0.00158282962242916 0.00092666217091678 0.000987696347723438 0.00136975431156068 -3.54096591907742e-05 0.000826426281512136
"BRAPET" 0.00191848419528655 0.00190906547165697 0.00155468180885206 0.00176676534487604 0.00163577841999766 0.000860520109518722 0.000337752978928486 0.00176249181311966 0.00156023323815866 0.00157580080998231 0.00109901150682793 0.0015908111427426 0.00179738719575455 0.00217845016299986 0.00145499366155382 0.00140732168464005 0.00134014667919891 0.00148975679950684 0.00178261147007457 0.00422349421772803 -9.44509772895854e-05 0.00168226047533471 0.00130555105406729 0.000456522563693119 0.000933863614369344 0.000764602649979395 0.00217974780790184 0.00149669400459381 0.0010912718216307 0.00134356090807763 0.0013880506656818 0.000286249158880994 0.00138032389127844 0.00137822106127906 0.000974316706844036 0.001430273586413 0.00119918497977424 0.000378096212941899 0.00015568371350065
"PTFM" 0.00219623330438216 0.00409951325860988 0.00239779611919383 0.00463570604357456 0.00286064966882562 0.00153214259769329 1.98875329267904e-06 0.00208734084301743 0.00209707532854654 0.0019248559471131 0.000718156161555574 0.000786910213272331 0.000552336918397272 0.00145499366155382 0.00869084111841212 0.0010647300336041 0.000746746887616646 -0.000910490485268376 0.00116354217433335 0.00504794132229427 -0.000578650863774313 0.00277416026645815 0.0019998885062436 0.00228526170716227 0.00242128084575787 0.00176666897228696 0.00382422544357165 0.00336354347778174 0.00239241664966675 0.000382354253624173 0.00149417459762671 0.00270287782135406 0.00271657891670704 0.000705439296951116 -0.000571128733124912 0.00115644394763396 -0.000972853511732431 0.000657238908186403 -0.0012628428295761
"PTAPET" 0.00115095404224082 0.00157202164697041 0.0012772410216409 0.00130699680090536 0.00162197407740747 0.000545450604529016 -0.000961761205360275 0.00108360764289443 0.00146850790566309 0.0012518451677693 0.000766245058219387 0.00101836475020748 0.000342904532173553 0.00140732168464005 0.0010647300336041 0.00320979753041126 0.0021764405683689 0.00254069129853167 0.00322372035649214 0.00943470702080258 0.000788764090016563 0.0017152910502625 0.0016421192006088 0.000174346868943021 0.000878375787827622 0.00172490695011612 0.00204024607344145 0.00196241394748389 0.00061601261969823 0.000518570418386664 0.00126623135199301 0.000695967579750981 0.00228046344983076 0.000815907474110253 0.000139951548956936 0.00141567983828152 0.00129838569779313 0.00136438097073535 -0.00028720809443176
"PTBA" 0.00195774650761984 0.00251134774903599 0.00208204195204415 0.00196842060573715 0.00206673783213674 0.00102172363037463 -0.000264339100518948 0.00183353898091776 0.00186794819990162 0.0014220098244906 0.00108470943461354 0.00148762868097479 0.000845854960771809 0.00134014667919891 0.000746746887616646 0.0021764405683689 0.00235091441939384 0.00299777464895219 0.00278616161468403 0.00630260605750397 0.000565094196848997 0.00184169354365601 0.00142978746515572 0.000758094008061427 0.00182460797409502 0.00186412605300331 0.0025372685730225 0.0024512163567827 0.0020689943828141 0.000954513904601148 0.00169620436475528 0.00118346538225017 0.00174784495327086 0.000704450959800841 0.000529942901473254 0.0010618884274458 0.00206766569516665 0.000827973106837912 -1.24580568318463e-06
"PTEAM" 0.00288243603449428 0.00272393318202591 0.00278012560259997 0.00205381536617523 0.00220661489054294 0.0012567521925875 -7.60491099131197e-05 0.00188123487435142 0.00209430498279487 0.00162632188067351 0.00171605501161747 0.0019826192516505 0.00092430447224366 0.00148975679950684 -0.000910490485268376 0.00254069129853167 0.00299777464895219 0.00634174878023062 0.0045718846883526 0.0101020500260297 0.00125381918920907 0.0025108166435308 0.00222737567261491 0.00047821117774175 0.00294151309067362 0.00324653523133022 0.00374736443655982 0.00346565414569931 0.0018869711688427 0.000896603407122845 0.0019297161610163 0.0027700683952893 0.00232500390836302 0.000483772209530584 0.00156878199164139 0.00107452012517963 0.0037853009017794 0.000783735854675614 0.00045055851401505
"PTZYGO" 0.00261477137700238 0.00319533071242185 0.0024190993556307 0.00346203940275572 0.00286834309652501 0.00117049716276248 -0.000440805680564976 0.00277774412414135 0.00255903793392823 0.0015821300415555 0.00182490055266238 0.00137189010587216 0.000138920272880563 0.00178261147007457 0.00116354217433335 0.00322372035649214 0.00278616161468403 0.0045718846883526 0.00651724190467972 0.0110045786607382 0.000315513149969871 0.00254567959833948 0.0025412521234936 -0.00048149392440268 0.00413840476650771 0.00329816276570203 0.00479383030667977 0.00404065836697546 0.00189423082839693 0.000474966320592648 0.00191101608212033 0.00086992852814394 0.00545592254360443 0.000505966933847053 0.000933477980429989 0.00137205851292016 0.00240369754193988 0.00150318864080094 -0.000404995727578668
"PTTSP" 0.00436543964457623 0.00573182967644605 0.00579933361542105 0.00353995639282688 0.00444598171398784 0.00348427722578036 -0.0092766164931596 0.00336475789345214 0.00568855721800035 0.00360336201502607 0.00163353194279096 0.0040691800351311 0.000623397562447811 0.00422349421772803 0.00504794132229427 0.00943470702080258 0.00630260605750397 0.0101020500260297 0.0110045786607382 0.200670838086206 0.000440594979116888 0.00691714197408323 0.00842303381517856 0.00754311082060185 0.0045453295313249 0.00289984605871669 0.00375080187959677 0.0122194442676403 -0.00183736887620865 0.00327570400868197 0.00273421989441054 0.00149017198561379 -0.0116497535747891 -0.00104203124205594 -0.00144817384678873 0.00107289975707005 0.0035793349496739 0.00701364796505127 -0.00144705552724438
"FMZS" 0.000942619620083872 0.00111592838287212 0.00155181181468218 1.01147486736886e-05 0.000982483543385491 0.000925126063189136 0.0016650317363098 -0.000904829993667078 0.00106167225752155 0.000833642036575107 0.000626938128402997 0.000406743832864182 4.45372331105435e-05 -9.44509772895854e-05 -0.000578650863774313 0.000788764090016563 0.000565094196848997 0.00125381918920907 0.000315513149969871 0.000440594979116888 0.00618360398102276 0.00145281079202847 0.00147225023428384 0.00101718305423527 0.000827653849411036 0.00141497270477739 0.000491845712423782 0.000154202890659442 0.000376627973446242 0.00198717093628474 0.000456639829558579 0.000738626855452239 0.000263755263831434 -0.00045033815394897 -0.000912909217290142 -0.00063740939961115 0.000824216661830797 0.00106653181171831 0.000932172907217328
"FMMT" 0.00309987020531683 0.00458713507673387 0.00319066070671333 0.00386809302492715 0.00283859399011856 0.00163761357438673 0.000417282754720238 0.00289871071201914 0.00260433804447707 0.00191640327482337 0.0015020089646862 0.0024003068150745 0.00127459501746065 0.00168226047533471 0.00277416026645815 0.0017152910502625 0.00184169354365601 0.0025108166435308 0.00254567959833948 0.00691714197408323 0.00145281079202847 0.0041322376723509 0.002377306861791 0.00228459581774762 0.00282954610834606 0.00212166238289801 0.00407742327875816 0.00265285339163475 0.00204348656562052 0.00152658253966571 0.00200315026278358 0.00188190389046198 0.00185232688563994 0.000774777065131854 -0.000171151555255162 0.000803316851492356 0.00181090709128645 0.00104810446075103 0.000550216263847295
"ZSZI" 0.00175053243615653 0.00178550870288234 0.00215178836012217 0.00227360298384106 0.00247646254488996 0.00126382292899041 -3.6391771645105e-05 -0.000817923506308831 0.00269227251470722 0.00126122611169201 0.000912167797431932 0.00153878008629757 0.000718106343772027 0.00130555105406729 0.0019998885062436 0.0016421192006088 0.00142978746515572 0.00222737567261491 0.0025412521234936 0.00842303381517856 0.00147225023428384 0.002377306861791 0.00692054087624637 -0.000257984340134042 0.00130115735968006 0.00207950378126979 0.00284736561258993 0.00176987685788882 0.00120627011124678 0.0014441301022633 0.00113475905989992 0.0011504748074886 0.00163603713643884 0.00119066609381974 -0.000353999335825033 0.00130026482089029 0.0012669299030894 0.00170587429119781 0.000475415827392396
"ZIMT" 0.00185632853745058 0.00289502552214291 0.00186595611266849 0.00175958426809522 0.00148339659770234 0.00145000935804479 0.000655122419922298 0.00194491901802133 0.00144839183345201 0.00115191309151623 0.000655513771216175 0.00111951595566568 0.00133196911782709 0.000456522563693119 0.00228526170716227 0.000174346868943021 0.000758094008061427 0.00047821117774175 -0.00048149392440268 0.00754311082060185 0.00101718305423527 0.00228459581774762 -0.000257984340134042 0.00563877508311776 0.00177231854800477 0.000220754691284962 0.00110462145809261 0.00227513898114384 0.00134696659443551 0.00164818319677643 0.000779903361249308 0.00178322119649808 -0.000890491544717127 0.000578173387151861 -0.000835228700872097 4.46812565188347e-05 0.000425125100502878 0.00074816642565144 0.000564298385286959
"ZIZYGO" 0.00307301679693942 0.00538212578363487 0.00410426051516097 0.00481626542883887 0.00285646375378996 0.00208601613080327 0.000893237895070377 0.00264892782654604 0.0020618917803379 0.00123586224890924 0.00148395023503293 0.00153189485534877 0.000602801984612235 0.000933863614369344 0.00242128084575787 0.000878375787827622 0.00182460797409502 0.00294151309067362 0.00413840476650771 0.0045453295313249 0.000827653849411036 0.00282954610834606 0.00130115735968006 0.00177231854800477 0.0103529046984825 0.00273000946653186 0.00535640202278126 0.00357170941761706 0.00323395265756285 0.0015230504594659 0.00217512051250446 -0.000429648678578719 0.00316375756055312 -0.000179410375913257 0.00117499052324933 0.000124878537361981 0.00166861499554348 0.00187813442961093 -0.000467541199696986
"ZITSP" 0.00217197464199358 0.00313217133001143 0.00266617649592698 0.00322655835515559 0.00213030766720444 0.00140667997735244 0.00120077505392875 0.00142972073765695 0.0015937115329179 0.00166361874790731 0.00111925222708736 0.000906171523271387 0.000185126785716177 0.000764602649979395 0.00176666897228696 0.00172490695011612 0.00186412605300331 0.00324653523133022 0.00329816276570203 0.00289984605871669 0.00141497270477739 0.00212166238289801 0.00207950378126979 0.000220754691284962 0.00273000946653186 0.00947964610335382 0.00324906301781704 0.00289291703422759 0.00216608643495402 0.000609634434082141 0.00142115711958212 0.00284060684986301 0.00256588547804547 -0.000184856027053762 0.000833279480117517 0.000234961361393774 0.00207743566043948 0.00022915462175149 0.000450949824850617
"MTPNS" 0.00460019480606162 0.00612305455201518 0.0045188490612365 0.00576828992560188 0.00417085737157011 0.00214531209471286 0.0020191453288638 0.00371140573749947 0.00332697170942622 0.00222982702085825 0.00207299415078044 0.00229786884707451 0.00121820909447145 0.00217974780790184 0.00382422544357165 0.00204024607344145 0.0025372685730225 0.00374736443655982 0.00479383030667977 0.00375080187959677 0.000491845712423782 0.00407742327875816 0.00284736561258993 0.00110462145809261 0.00535640202278126 0.00324906301781704 0.00801922038604169 0.00436001808419788 0.00334875607554624 0.00141249933645054 0.00295889698512679 0.001950519504721 0.00464808593829463 0.00124516164345753 0.00124240168724896 0.00126276785517464 0.00245784719000125 0.00179958181316934 0.000127937422090709
"PNSAPET" 0.00271428114927908 0.00384928732585945 0.00128819947729009 0.00400441333645855 0.00337330472034406 0.00139544030713955 0.000826830521685881 0.00354588842641823 0.00315977623703545 0.00183962857821717 0.00182413162930321 0.000185462264991745 0.000766690874203086 0.00149669400459381 0.00336354347778174 0.00196241394748389 0.0024512163567827 0.00346565414569931 0.00404065836697546 0.0122194442676403 0.000154202890659442 0.00265285339163475 0.00176987685788882 0.00227513898114384 0.00357170941761706 0.00289291703422759 0.00436001808419788 0.0106470441028719 0.00280046995303022 0.00104506171259332 0.00221250539253721 0.00405760563469878 0.00264701995833301 0.000909247799000455 0.00102021650253687 0.00148357793124678 0.0020017816637633 0.000915684230773992 -7.17184320573098e-05
"APETBA" 0.00279020436789638 0.00414377022371661 0.00280524113414222 0.00388617155629032 0.00295304558634764 0.00174240015039041 0.00103381809331626 0.00276616171304658 0.00238715153715838 0.0016207758673579 0.00123758472059634 0.00147738319529909 0.00102248412222842 0.0010912718216307 0.00239241664966675 0.00061601261969823 0.0020689943828141 0.0018869711688427 0.00189423082839693 -0.00183736887620865 0.000376627973446242 0.00204348656562052 0.00120627011124678 0.00134696659443551 0.00323395265756285 0.00216608643495402 0.00334875607554624 0.00280046995303022 0.0048686432570856 0.00182877329662085 0.0021268905478712 0.00164618039457852 0.00224902409957794 0.000648068076913459 -6.36811338893043e-05 0.000719452855686437 0.00155246459417739 0.000237263158956852 -0.000109492655300688
"APETTS" 0.00153158949544343 0.00152085193703679 0.00133750857812103 0.00153417564640605 0.00210191746914953 0.00199561029593581 0.000928988291556234 0.000749301044705065 0.00144529336120186 0.00187234330307446 0.00064859894168325 0.00109854129481346 0.00212054915204193 0.00134356090807763 0.000382354253624173 0.000518570418386664 0.000954513904601148 0.000896603407122845 0.000474966320592648 0.00327570400868197 0.00198717093628474 0.00152658253966571 0.0014441301022633 0.00164818319677643 0.0015230504594659 0.000609634434082141 0.00141249933645054 0.00104506171259332 0.00182877329662085 0.00842023484201269 0.00155843396703299 0.000370873905241719 0.000253685481366376 0.00113757415152711 0.000723334792060464 0.000806740115940319 0.000745856515231154 0.000423346485635989 0.000840844499474862
"BAEAM" 0.00204333191755806 0.00312287809556813 0.00240801878863856 0.00252644655611918 0.00219279536290931 0.00126167225675806 -0.000322825084310996 0.00212529910964494 0.00177053891631953 0.00143333105074374 0.00125274056652923 0.00150606034583418 0.00107328566016333 0.0013880506656818 0.00149417459762671 0.00126623135199301 0.00169620436475528 0.0019297161610163 0.00191101608212033 0.00273421989441054 0.000456639829558579 0.00200315026278358 0.00113475905989992 0.000779903361249308 0.00217512051250446 0.00142115711958212 0.00295889698512679 0.00221250539253721 0.0021268905478712 0.00155843396703299 0.00269377732495984 0.00157421342929762 0.00163612534167641 0.00107998812145993 0.000834661830857723 0.00112770013755324 0.00174695739337125 0.000584856941329684 0.000493306787088384
"EAMZYGO" 0.00145285527526705 0.00188395080358218 0.0016634319234036 0.00211291527669213 0.000854984700942345 0.00106055218581757 0.000768306680467744 0.000447295317077312 0.000664960318144618 0.00072957636999142 0.000977673824766912 0.000751474045350928 0.00022278765845961 0.000286249158880994 0.00270287782135406 0.000695967579750981 0.00118346538225017 0.0027700683952893 0.00086992852814394 0.00149017198561379 0.000738626855452239 0.00188190389046198 0.0011504748074886 0.00178322119649808 -0.000429648678578719 0.00284060684986301 0.001950519504721 0.00405760563469878 0.00164618039457852 0.000370873905241719 0.00157421342929762 0.00952691223641824 0.00194255703768514 0.000768044226427328 0.000270325839552712 0.00122030814094004 0.00139308144321684 -0.000311813939299963 0.000963469897415866
"ZYGOTSP" 0.00197185278684891 0.00225520410298257 0.00148999048972544 0.00357413471440764 0.00254991893485726 0.000926198939196865 0.000612862158508819 0.00257515476427688 0.00204183499891614 0.00142213861991505 0.00160338306517463 0.000493960817739669 -7.1255232672931e-05 0.00138032389127844 0.00271657891670704 0.00228046344983076 0.00174784495327086 0.00232500390836302 0.00545592254360443 -0.0116497535747891 0.000263755263831434 0.00185232688563994 0.00163603713643884 -0.000890491544717127 0.00316375756055312 0.00256588547804547 0.00464808593829463 0.00264701995833301 0.00224902409957794 0.000253685481366376 0.00163612534167641 0.00194255703768514 0.00990068385100361 0.00107565140911269 0.0001002328177687 0.0016503123072742 0.000989244864460414 0.0010650739149649 -0.000151565401988361
"LDAS" 0.000977400506519688 0.000454066683102796 0.000475417970519528 0.000582351992758577 0.000676921345310649 0.000552735823136795 0.000237701114028639 0.000455123937010636 0.000759883270282561 0.000891365783395228 0.000587070159046664 0.000756895996829185 0.00158282962242916 0.00137822106127906 0.000705439296951116 0.000815907474110253 0.000704450959800841 0.000483772209530584 0.000505966933847053 -0.00104203124205594 -0.00045033815394897 0.000774777065131854 0.00119066609381974 0.000578173387151861 -0.000179410375913257 -0.000184856027053762 0.00124516164345753 0.000909247799000455 0.000648068076913459 0.00113757415152711 0.00107998812145993 0.000768044226427328 0.00107565140911269 0.00379452460783614 0.000198222042784543 0.00319965314397204 0.000298805643092434 0.00137288165705779 0.00141571933667196
"BRLD" 0.000909588455463274 -0.000577886060935039 0.000294061946173842 -0.000585404606281554 -0.000340213980472614 9.71112807333964e-05 0.000146204717951993 0.000289977447140184 -0.000191215039029202 5.78598493546259e-05 0.000854214119504461 0.000697929535108668 0.00092666217091678 0.000974316706844036 -0.000571128733124912 0.000139951548956936 0.000529942901473254 0.00156878199164139 0.000933477980429989 -0.00144817384678873 -0.000912909217290142 -0.000171151555255162 -0.000353999335825033 -0.000835228700872097 0.00117499052324933 0.000833279480117517 0.00124240168724896 0.00102021650253687 -6.36811338893043e-05 0.000723334792060464 0.000834661830857723 0.000270325839552712 0.0001002328177687 0.000198222042784543 0.00640905024683516 -0.000764709571670653 0.00173020415991636 0.000279322780471697 0.00144617913493697
"OPILD" 0.00122687345291419 0.00102928119381356 0.000706348708227671 0.00107829340985913 0.000898722078614253 0.000628014921360019 6.80015628121982e-05 0.000744712283434325 0.000969799212989966 0.000905817944429694 0.000582171870833818 0.000688340482245779 0.000987696347723438 0.001430273586413 0.00115644394763396 0.00141567983828152 0.0010618884274458 0.00107452012517963 0.00137205851292016 0.00107289975707005 -0.00063740939961115 0.000803316851492356 0.00130026482089029 4.46812565188347e-05 0.000124878537361981 0.000234961361393774 0.00126276785517464 0.00148357793124678 0.000719452855686437 0.000806740115940319 0.00112770013755324 0.00122030814094004 0.0016503123072742 0.00319965314397204 -0.000764709571670653 0.0048444035688932 8.37551609788276e-05 0.00121161869851796 -0.00108233904184277
"PTAS" 0.00238542137191723 0.00243710680885791 0.00243508929164246 0.00152992266600135 0.00187113389083785 0.00117402938852426 0.000193913240502231 0.00179785596815074 0.00166882621575125 0.00154181339784 0.00143237160415051 0.00196249070531243 0.00136975431156068 0.00119918497977424 -0.000972853511732431 0.00129838569779313 0.00206766569516665 0.0037853009017794 0.00240369754193988 0.0035793349496739 0.000824216661830797 0.00181090709128645 0.0012669299030894 0.000425125100502878 0.00166861499554348 0.00207743566043948 0.00245784719000125 0.0020017816637633 0.00155246459417739 0.000745856515231154 0.00174695739337125 0.00139308144321684 0.000989244864460414 0.000298805643092434 0.00173020415991636 8.37551609788276e-05 0.00390705746443569 3.80574798337334e-05 0.00145051807881926
"JPAS" 0.00116405360417994 0.00151998862804571 0.00125241603901281 0.00152812277142539 0.00122685998757216 0.00022327540010492 -0.000333185506568859 -1.36917024493053e-06 0.000957749388166378 0.000369485960229977 0.000597925696165398 0.000103749324287842 -3.54096591907742e-05 0.000378096212941899 0.000657238908186403 0.00136438097073535 0.000827973106837912 0.000783735854675614 0.00150318864080094 0.00701364796505127 0.00106653181171831 0.00104810446075103 0.00170587429119781 0.00074816642565144 0.00187813442961093 0.00022915462175149 0.00179958181316934 0.000915684230773992 0.000237263158956852 0.000423346485635989 0.000584856941329684 -0.000311813939299963 0.0010650739149649 0.00137288165705779 0.000279322780471697 0.00121161869851796 3.80574798337334e-05 0.00810690841811409 -0.000484223279700512
"BAOPI" 0.000102303281378293 -0.000359130821442109 9.76708056854138e-05 -0.000536030515361299 -4.04206069912597e-05 0.000480357949124148 0.000404794761190693 -0.000490378145598403 -0.000188585524115953 -8.83977361747082e-05 0.000381233351568427 0.000343801840674804 0.000826426281512136 0.00015568371350065 -0.0012628428295761 -0.00028720809443176 -1.24580568318463e-06 0.00045055851401505 -0.000404995727578668 -0.00144705552724438 0.000932172907217328 0.000550216263847295 0.000475415827392396 0.000564298385286959 -0.000467541199696986 0.000450949824850617 0.000127937422090709 -7.17184320573098e-05 -0.000109492655300688 0.000840844499474862 0.000493306787088384 0.000963469897415866 -0.000151565401988361 0.00141571933667196 0.00144617913493697 -0.00108233904184277 0.00145051807881926 -0.000484223279700512 0.00666975681086651
