"" "ISPM" "ISNSL" "ISPNS" "PMZS" "PMZI" "PMMT" "NSLNA" "NSLZS" "NSLZI" "NABR" "NAFM" "NAPNS" "BRPT" "BRAPET" "PTFM" "PTAPET" "PTBA" "PTEAM" "PTZYGO" "PTTSP" "FMZS" "FMMT" "ZSZI" "ZIMT" "ZIZYGO" "ZITSP" "MTPNS" "PNSAPET" "APETBA" "APETTS" "BAEAM" "EAMZYGO" "ZYGOTSP" "LDAS" "BRLD" "OPILD" "PTAS" "JPAS" "BAOPI"
"ISPM" 0.00455769894021418 0.00333611415579517 0.00287442369734109 0.00232571273132007 0.00160937537715923 0.000606702577181978 0.00160789985101465 0.00205505127954924 0.0011185454781294 0.00137584349916344 0.000683717700195714 0.0013331961488622 0.000666716075195925 0.000610525829772985 0.00245198642830329 0.00018810663210871 0.000372397541006393 8.5620811084643e-05 0.000527909603029944 -0.00135600803600204 0.000596072158671148 0.00226715486811442 0.000223442705326892 0.00105106220990315 0.00151022334943921 0.00145347282221957 0.00400770316024969 0.000760107387103571 0.00105299264926808 0.00124925558239695 0.0011159800791183 0.00132281783952819 -0.000273090145555923 -0.000294858078325001 0.00111350561500553 -0.000703193050669433 0.000306597525899482 -0.000112225714647925 3.46283563198048e-05
"ISNSL" 0.00333611415579517 0.00803300883890878 0.00424546992233285 0.0056285245141612 0.00427951308356849 0.0028466785722384 0.0016775241685658 0.00143369868944811 0.00247229046707426 0.0015654887010287 0.00181850448650317 0.00199147293130431 0.000884881141491291 0.0014493504247995 0.00415969619248072 0.000292407086287242 0.000804986426461893 0.00153009366149059 0.0017325397038431 -0.00328172732508185 0.00245235010051895 0.00287437785894042 0.00288674762908816 0.00153014625880972 0.00251708394140602 0.00304939522800412 0.00453940599660524 0.003911574106137 0.00267895502018843 0.00332469141986573 0.00174631057204807 0.00523932117173538 0.00252519227983415 3.01958246508188e-05 0.00371005931600433 0.000193883908271598 0.00163133849320654 -0.000982822737510516 0.00181326870726452
"ISPNS" 0.00287442369734109 0.00424546992233285 0.00528837225286986 0.00492827225676382 0.00366778312676828 0.00215474687229255 0.00436374267161668 0.00166940777279925 0.00199176680700373 0.00108891838389316 0.000994574990247072 0.00267754185921809 0.000727272801858384 0.00114257507388396 0.00251371036561104 0.000477568704947853 0.00114914270983449 0.0020558439088812 0.00190405399475029 0.00195916501691805 0.00273601685332523 0.00353605050520647 0.00277948243448297 0.00170439915056532 0.00337152558312359 0.00225214961524413 0.00572935834375678 -0.000582492982755372 0.0023896572411279 0.00168200057215034 0.00138449459516678 0.00356865225312123 0.00129967031451708 0.000476992203776187 0.00222858474690786 0.000883079392433546 0.00163870068648794 -0.000910566359310283 -0.000301138594152604
"PMZS" 0.00232571273132007 0.0056285245141612 0.00492827225676382 0.00785273270745962 0.00549790598170242 0.00344208111188639 0.0067038202498473 0.00278679166055067 0.00293244791190607 0.00153628548575291 0.00180434288352854 0.00266336386620729 0.000469492533595916 0.00133009618581882 0.00468887481370189 0.000361505737316003 0.00137658377476863 0.00285121754120978 0.00279156560975944 0.00298902972233299 0.00283323919500595 0.00439501706291386 0.00445875348149186 0.00263427166130839 0.00398635883334546 0.00261858265476706 0.00577336060762142 0.0038749704304211 0.00383191108729173 0.00381707834373308 0.00179696798095571 0.00541349032433355 0.00302673074973978 0.000337144316735131 0.003808014655688 0.00151908165234945 0.00251174984498631 -0.00115847087386473 0.00125036325709471
"PMZI" 0.00160937537715923 0.00427951308356849 0.00366778312676828 0.00549790598170242 0.00594672224766236 0.00354381724273491 0.00364647389080056 0.00172210901433583 0.00347072657995163 0.00095307983679238 0.00201896340401554 0.00193396444598308 0.000147219631766014 0.00156836986413802 0.00358723475918456 0.000822878415111527 0.0013582840124471 0.00228078785933703 0.00233564703100374 -0.0016062133753449 0.00276872837086502 0.00298849248929782 0.00469698993277291 0.00247098048418043 0.00111356189500167 0.000812226981982107 0.00444729313561624 0.0035792908272836 0.00324737165814543 0.00326191137818581 0.00167658769040163 0.00404868320818187 0.00323383057835681 0.000702993838573268 0.00346557194547215 0.00209949833485615 0.00179932931818678 -0.000351959255018513 0.000565600198185898
"PMMT" 0.000606702577181978 0.0028466785722384 0.00215474687229255 0.00344208111188639 0.00354381724273491 0.0032480595780164 0.00176568109419476 0.000923834891730377 0.00198559629813935 0.000465174144743924 0.0013916213336276 0.000986210280040455 -4.02428690984304e-05 0.0011100207768667 0.00243251511644867 0.000907015708625719 0.00110279612663333 0.0017767688966199 0.00176545167924677 0.00209576627459605 0.0013582765564692 0.00130587399149413 0.00281995141436846 0.00232855974727613 0.000599349333638123 0.000653141453425421 0.00161638006013856 0.00295035855616676 0.00230233752752997 0.00262381366897024 0.00124846081613197 0.00314501685391379 0.00234477947819095 0.000567965324563532 0.00259532449525745 0.00168232880322056 0.00129338576966855 2.80358320049622e-05 0.000674230993958743
"NSLNA" 0.00160789985101465 0.0016775241685658 0.00436374267161668 0.0067038202498473 0.00364647389080056 0.00176568109419476 0.0173120155489446 0.00383524391395245 0.00251621562053678 -0.000705415209208953 0.0018266252425066 0.00402055830495172 0.000613735899266239 0.00062556125856125 0.00249930702210699 -0.000317983167414476 0.00100591857888738 0.00238626637245393 0.00235363969847553 0.0113897417048632 0.00479983285143768 0.00483849156895679 0.00419871349171029 0.00110197494333359 0.0035551805253834 0.000810749594815619 0.00535786256412849 0.000625559519667039 0.00291181663662212 0.00166274209487726 0.00129847892323773 0.00374936800511751 0.00147978446417262 0.00147729554846151 0.00298192557706202 0.00122508280826919 0.00214810765774732 -0.00127185853122763 0.0014470908914642
"NSLZS" 0.00205505127954924 0.00143369868944811 0.00166940777279925 0.00278679166055067 0.00172210901433583 0.000923834891730377 0.00383524391395245 0.00495055190023465 0.00205157396352108 0.00138213817158412 0.00100028426684301 0.00102281121656325 0.000846876964125324 0.000645464878154288 0.00207476304885083 -0.000491611584892926 8.15395978680649e-05 0.000374945709026425 0.000718029505642129 -0.00103274594876241 -0.000242796430012073 0.00218251766621676 0.000152596304927301 0.000531679715134868 0.000972962006534718 0.000741095619138474 0.00270483378545587 0.00112320875863265 0.00121633759897131 0.00176844482422496 0.000745620549624753 0.000811042275718606 0.00029961637275977 -9.32094912615313e-05 0.00100234433727328 0.000310375582189856 0.000754253131074404 -0.000405685991826346 0.000611622215678202
"NSLZI" 0.0011185454781294 0.00247229046707426 0.00199176680700373 0.00293244791190607 0.00347072657995163 0.00198559629813935 0.00251621562053678 0.00205157396352108 0.00297473814035542 0.000864667187604226 0.00143324929062422 0.0012127139200492 0.000534574381736012 0.0010859364517665 0.00200236749463863 0.000151449870197764 0.000691938332294796 0.00125825627363931 0.00146003454194709 -0.00223044353872449 0.00162686244581988 0.00176041529749638 0.00349832868319822 0.000858255432888657 0.000189963686734067 0.000702705857898786 0.00273837808612613 0.00201686578117584 0.00205283231550923 0.00192879796693611 0.00112949844804566 0.00219077704110416 0.00199686065106998 0.000505121500565335 0.00178970290654472 0.00129112451460314 0.00113637306243741 -7.83766249156688e-05 0.00039629585439045
"NABR" 0.00137584349916344 0.0015654887010287 0.00108891838389316 0.00153628548575291 0.00095307983679238 0.000465174144743924 -0.000705415209208953 0.00138213817158412 0.000864667187604226 0.00236188200453142 0.000236028312594162 0.000329081348867279 0.000980030814540952 0.000417030912861126 0.00139091715114365 4.70560419124079e-06 0.000425285620052685 0.000986096230317949 0.00093840825383345 -0.00472683808252749 0.000312207958221658 0.00148829583364332 0.000723357455763324 0.000174447487651647 0.000914191167025945 0.00192008505664922 0.00191957254298805 0.00141594724924939 0.000803351700215414 0.00109524023372281 0.000642058540769035 0.00140937604535668 0.000791248729348794 -0.000173709935931987 -0.000126326897031919 -0.000141326336577713 0.00103181176652016 0.00032204459926869 0.000685341167191518
"NAFM" 0.000683717700195714 0.00181850448650317 0.000994574990247072 0.00180434288352854 0.00201896340401554 0.0013916213336276 0.0018266252425066 0.00100028426684301 0.00143324929062422 0.000236028312594162 0.00179538443249496 0.000787998743844848 0.000352775370385796 0.00091671618174357 0.00153719810058134 0.000594577554905966 0.000598610051164002 0.000833802070733013 0.00108266671762566 -0.000539188986478715 0.00170478323564087 0.000897286685420325 0.00151340098583392 0.00046327459112778 -0.000142788908359684 0.000799144769402654 0.00145878145443232 0.00253557535099299 0.00134482872686341 0.00142016237206508 0.000749672768342678 0.00236978107834275 0.00145482630651549 0.000383988133535281 0.00224950593813429 0.000645791919115636 0.000656152379645483 -0.000296889012428017 0.000528282856089119
"NAPNS" 0.0013331961488622 0.00199147293130431 0.00267754185921809 0.00266336386620729 0.00193396444598308 0.000986210280040455 0.00402055830495172 0.00102281121656325 0.0012127139200492 0.000329081348867279 0.000787998743844848 0.00275512929915363 0.000735785552588747 0.000826923484998684 0.00114002282774901 0.000500496327105987 0.000788548786451803 0.00144128154375005 0.000820126615340626 0.00150993622124844 0.00166625471631563 0.00223527493588139 0.00180155269275201 3.69249593333441e-05 0.00186394788996805 0.00164452545198584 0.00273481290075001 -0.000746895074426033 0.001410640381339 0.000674830569355167 0.000617063879801343 0.00166716213690967 0.000464393377978768 0.000396903840402865 0.00113012548757237 0.000497099108821225 0.00103448922124026 -0.000374775059949532 -0.000233624323852504
"BRPT" 0.000666716075195925 0.000884881141491291 0.000727272801858384 0.000469492533595916 0.000147219631766014 -4.02428690984304e-05 0.000613735899266239 0.000846876964125324 0.000534574381736012 0.000980030814540952 0.000352775370385796 0.000735785552588747 0.00146991318899388 0.000618896732328106 -0.000283728032453388 -0.000301483375533913 0.00010003685103047 0.000672881265465768 3.52528233110579e-05 -0.00158527531973597 0.00043209638122939 0.000626305314998942 0.000278940131967559 -0.00100847661165045 0.000265543642390852 0.00058431116237282 0.00112296571541202 -0.000233539468898316 3.81161224850023e-05 0.000120714254158436 0.000169845318846388 0.000701842253225243 -0.0001912870473851 0.000300408396493867 0.00029249308099455 -1.47528098692064e-05 0.000727630438131041 -4.433725239792e-05 0.000511150121613029
"BRAPET" 0.000610525829772985 0.0014493504247995 0.00114257507388396 0.00133009618581882 0.00156836986413802 0.0011100207768667 0.00062556125856125 0.000645464878154288 0.0010859364517665 0.000417030912861126 0.00091671618174357 0.000826923484998684 0.000618896732328106 0.00129199225822978 0.00115511852171119 0.00094413487801591 0.000732117987054826 0.00117254523285062 0.000873252431855331 0.00126811144254385 0.000772960740488176 0.000823703544043369 0.0011956919248327 0.000696230816262149 0.000457943003313247 0.000603736945375834 0.00110883722520026 0.00112331378177722 0.000865733310466183 0.000829276743565554 0.000612650428958058 0.0014440272368673 0.000943670494238996 0.000478991829976191 0.00185802742752867 0.00102854553090543 0.000660094208219504 0.000122603814499196 -0.00022840649132827
"PTFM" 0.00245198642830329 0.00415969619248072 0.00251371036561104 0.00468887481370189 0.00358723475918456 0.00243251511644867 0.00249930702210699 0.00207476304885083 0.00200236749463863 0.00139091715114365 0.00153719810058134 0.00114002282774901 -0.000283728032453388 0.00115511852171119 0.0110132327407774 0.00136571311766636 0.000988643652159139 -0.000190688405988891 0.00141102112560074 0.00945254918150075 0.000549843587136516 0.00365252315883095 0.00239041779458276 0.00373922119157875 0.00340187313514994 0.00379749220855261 0.00456978620125305 0.00752922159890383 0.00340011400847147 0.00307297553562049 0.0018403721934898 0.00462484664779327 0.00217995608178662 -0.000473441529199009 0.00416769744073311 0.000680744153124872 -0.000324799963627328 1.24206925857864e-05 3.05147792851649e-05
"PTAPET" 0.00018810663210871 0.000292407086287242 0.000477568704947853 0.000361505737316003 0.000822878415111527 0.000907015708625719 -0.000317983167414476 -0.000491611584892926 0.000151449870197764 4.70560419124079e-06 0.000594577554905966 0.000500496327105987 -0.000301483375533913 0.00094413487801591 0.00136571311766636 0.00369032037223415 0.00190092890273456 0.00154867065663838 0.00212126618763569 0.0121521077597753 0.000362751817285329 0.000776889325489664 0.000637970492907846 0.00136198116467478 0.000569697289066695 0.000816521632808767 0.000587081263117924 0.00123416893911455 0.000522406087287297 0.000469430941924962 0.000622505873072906 0.000692439969206851 0.0013398363372089 0.000283551417860167 0.00146886461165777 0.000381186287186985 0.000422208010644356 -5.06629381652087e-05 -0.000591200866088987
"PTBA" 0.000372397541006393 0.000804986426461893 0.00114914270983449 0.00137658377476863 0.0013582840124471 0.00110279612663333 0.00100591857888738 8.15395978680649e-05 0.000691938332294796 0.000425285620052685 0.000598610051164002 0.000788548786451803 0.00010003685103047 0.000732117987054826 0.000988643652159139 0.00190092890273456 0.00178722622369129 0.00194564231771406 0.00210863673262577 0.00633121224381514 0.000845747799066837 0.00121170884717694 0.00141440232366591 0.00115904709906435 0.00117247139211056 0.000974143350106025 0.00127663689791732 0.00104900571462472 0.00179867047426035 0.00124792534040271 0.000989881968976695 0.00140611337335406 0.00177648499060699 0.000349356129160286 0.00126877371060013 0.000734853161422424 0.00117317044238806 -0.000467586591646915 -0.000246825416946646
"PTEAM" 8.5620811084643e-05 0.00153009366149059 0.0020558439088812 0.00285121754120978 0.00228078785933703 0.0017767688966199 0.00238626637245393 0.000374945709026425 0.00125825627363931 0.000986096230317949 0.000833802070733013 0.00144128154375005 0.000672881265465768 0.00117254523285062 -0.000190688405988891 0.00154867065663838 0.00194564231771406 0.00434358265002713 0.00288904852911 0.00537148187425474 0.0018274085262516 0.00194828553577206 0.00272055639910444 0.00123159978271248 0.00158594303656143 0.000948450357574562 0.00210020569481351 0.00134236445508447 0.00188971555035725 0.0017207764968303 0.000881073864177213 0.00365891377906587 0.00212405593174873 0.000763681735798086 0.00196614828565506 0.00143540172796475 0.00280208287880141 -0.000156298519604154 0.000388659839731156
"PTZYGO" 0.000527909603029944 0.0017325397038431 0.00190405399475029 0.00279156560975944 0.00233564703100374 0.00176545167924677 0.00235363969847553 0.000718029505642129 0.00146003454194709 0.00093840825383345 0.00108266671762566 0.000820126615340626 3.52528233110579e-05 0.000873252431855331 0.00141102112560074 0.00212126618763569 0.00210863673262577 0.00288904852911 0.00472873229569163 0.00928781002312809 0.00163077446298205 0.00209350515753837 0.00257048601605646 0.00159675092278069 0.00231119977860124 0.00212432136218127 0.00293875927070342 0.00203372148326477 0.00209242259798783 0.00277715377809981 0.00135400254418811 0.00250338026248658 0.00368476888072245 6.84873402027064e-05 0.00210666028034894 0.000929249911435628 0.00183844699023581 -0.000851013802997732 0.000240239610561309
"PTTSP" -0.00135600803600204 -0.00328172732508185 0.00195916501691805 0.00298902972233299 -0.0016062133753449 0.00209576627459605 0.0113897417048632 -0.00103274594876241 -0.00223044353872449 -0.00472683808252749 -0.000539188986478715 0.00150993622124844 -0.00158527531973597 0.00126811144254385 0.00945254918150075 0.0121521077597753 0.00633121224381514 0.00537148187425474 0.00928781002312809 0.218414987802266 -0.00375579069192345 0.00407363906823352 0.00160553873933551 0.00690437564903331 0.00643722048004145 -0.0102936240928967 0.00508077668771736 0.00176304595245921 0.00201636051538104 -0.000633076914274625 -0.00284200238576243 0.00293241893182531 -0.00567504241882098 -0.000161360459874799 0.0109955880758665 0.0015354614637744 -0.00071883469299612 -0.00120210107015421 -0.00290923857495593
"FMZS" 0.000596072158671148 0.00245235010051895 0.00273601685332523 0.00283323919500595 0.00276872837086502 0.0013582765564692 0.00479983285143768 -0.000242796430012073 0.00162686244581988 0.000312207958221658 0.00170478323564087 0.00166625471631563 0.00043209638122939 0.000772960740488176 0.000549843587136516 0.000362751817285329 0.000845747799066837 0.0018274085262516 0.00163077446298205 -0.00375579069192345 0.00635720425595058 0.00284357652156657 0.00312219330383895 0.000963859535221984 0.00139405787134612 0.00106834547681269 0.00289312641398343 0.00128098977222615 0.0016150295440015 0.000796815627535336 0.00109759373732601 0.00360755015775442 0.0019776894667591 0.00122995727265448 0.002079255202833 0.00070959797227989 0.00137396425977469 -0.000795205550734499 0.000556632509941374
"FMMT" 0.00226715486811442 0.00287437785894042 0.00353605050520647 0.00439501706291386 0.00298849248929782 0.00130587399149413 0.00483849156895679 0.00218251766621676 0.00176041529749638 0.00148829583364332 0.000897286685420325 0.00223527493588139 0.000626305314998942 0.000823703544043369 0.00365252315883095 0.000776889325489664 0.00121170884717694 0.00194828553577206 0.00209350515753837 0.00407363906823352 0.00284357652156657 0.00491172965551323 0.00227409524137801 0.00241755684076629 0.00349484875084433 0.00225341077647302 0.00566417104089968 0.00164490218355771 0.00221783104206144 0.00242989360635855 0.00132842971120621 0.00283520061043826 0.0011490738845817 9.34023202668122e-05 0.00136427529111907 0.000706311017728291 0.00147822049238665 -0.000659442742742565 -0.000291613460809431
"ZSZI" 0.000223442705326892 0.00288674762908816 0.00277948243448297 0.00445875348149186 0.00469698993277291 0.00281995141436846 0.00419871349171029 0.000152596304927301 0.00349832868319822 0.000723357455763324 0.00151340098583392 0.00180155269275201 0.000278940131967559 0.0011956919248327 0.00239041779458276 0.000637970492907846 0.00141440232366591 0.00272055639910444 0.00257048601605646 0.00160553873933551 0.00312219330383895 0.00227409524137801 0.0072297578341799 0.00126624026841267 0.00108935338945557 0.00152436470420645 0.00329131514975222 0.00284229163243777 0.00326979038769138 0.00228525895710763 0.00141730733590246 0.00404168503992053 0.00335480774966537 0.00107055166040259 0.00206350611904154 0.00234045037806697 0.00205142970907801 1.74564080699385e-05 0.000159159898823432
"ZIMT" 0.00105106220990315 0.00153014625880972 0.00170439915056532 0.00263427166130839 0.00247098048418043 0.00232855974727613 0.00110197494333359 0.000531679715134868 0.000858255432888657 0.000174447487651647 0.00046327459112778 3.69249593333441e-05 -0.00100847661165045 0.000696230816262149 0.00373922119157875 0.00136198116467478 0.00115904709906435 0.00123159978271248 0.00159675092278069 0.00690437564903331 0.000963859535221984 0.00241755684076629 0.00126624026841267 0.00761517073993297 0.00153058043102763 0.000356422116981511 0.0019045358806891 0.00375538123706988 0.00171839110219381 0.00200715253187211 0.00140696737087141 0.00356525177364823 0.00170641828845805 0.000316932358478287 0.00197760787483132 0.00172259789934528 0.000534913240316695 -0.000487239825499102 -0.0010152635162456
"ZIZYGO" 0.00151022334943921 0.00251708394140602 0.00337152558312359 0.00398635883334546 0.00111356189500167 0.000599349333638123 0.0035551805253834 0.000972962006534718 0.000189963686734067 0.000914191167025945 -0.000142788908359684 0.00186394788996805 0.000265543642390852 0.000457943003313247 0.00340187313514994 0.000569697289066695 0.00117247139211056 0.00158594303656143 0.00231119977860124 0.00643722048004145 0.00139405787134612 0.00349484875084433 0.00108935338945557 0.00153058043102763 0.00850416645355341 0.00407526232516685 0.00406303312454475 0.00095337274543235 0.00224569777043226 0.00177332959274609 0.00125867098672133 0.000216121574445965 0.00167291579869674 -0.000734145973725603 0.00232089642521432 -5.86135419195545e-05 0.00114356467552127 -0.00113226547127194 -0.000499457745556905
"ZITSP" 0.00145347282221957 0.00304939522800412 0.00225214961524413 0.00261858265476706 0.000812226981982107 0.000653141453425421 0.000810749594815619 0.000741095619138474 0.000702705857898786 0.00192008505664922 0.000799144769402654 0.00164452545198584 0.00058431116237282 0.000603736945375834 0.00379749220855261 0.000816521632808767 0.000974143350106025 0.000948450357574562 0.00212432136218127 -0.0102936240928967 0.00106834547681269 0.00225341077647302 0.00152436470420645 0.000356422116981511 0.00407526232516685 0.0104582829028951 0.00314677448604126 0.00142641095961098 0.00201389391561017 0.00174482550987211 0.00160159204912249 0.00303884294177975 0.00267732357772546 -0.0011751850406185 7.91167837812975e-05 -0.000794646113562876 0.000603747181351939 0.000503237272591106 4.51149878856678e-05
"MTPNS" 0.00400770316024969 0.00453940599660524 0.00572935834375678 0.00577336060762142 0.00444729313561624 0.00161638006013856 0.00535786256412849 0.00270483378545587 0.00273837808612613 0.00191957254298805 0.00145878145443232 0.00273481290075001 0.00112296571541202 0.00110883722520026 0.00456978620125305 0.000587081263117924 0.00127663689791732 0.00210020569481351 0.00293875927070342 0.00508077668771736 0.00289312641398343 0.00566417104089968 0.00329131514975222 0.0019045358806891 0.00406303312454475 0.00314677448604126 0.0104099745652823 0.000636033008868032 0.00258256138917152 0.00303771076320636 0.001699499471676 0.00436794861282194 0.0013098481251802 -0.000408225489781618 0.00233673287514016 0.000310123351291017 0.00170250330829312 -0.00100500076971345 -0.000393886948298494
"PNSAPET" 0.000760107387103571 0.003911574106137 -0.000582492982755372 0.0038749704304211 0.0035792908272836 0.00295035855616676 0.000625559519667039 0.00112320875863265 0.00201686578117584 0.00141594724924939 0.00253557535099299 -0.000746895074426033 -0.000233539468898316 0.00112331378177722 0.00752922159890383 0.00123416893911455 0.00104900571462472 0.00134236445508447 0.00203372148326477 0.00176304595245921 0.00128098977222615 0.00164490218355771 0.00284229163243777 0.00375538123706988 0.00095337274543235 0.00142641095961098 0.000636033008868032 0.0143484143637831 0.00247750724363757 0.00378568938927469 0.00162397867934705 0.00578462862511222 0.00403168357483586 0.00060676610897711 0.00542485600604958 0.0011228018989343 0.000982393245163995 4.94276398861114e-05 0.0024410593223987
"APETBA" 0.00105299264926808 0.00267895502018843 0.0023896572411279 0.00383191108729173 0.00324737165814543 0.00230233752752997 0.00291181663662212 0.00121633759897131 0.00205283231550923 0.000803351700215414 0.00134482872686341 0.001410640381339 3.81161224850023e-05 0.000865733310466183 0.00340011400847147 0.000522406087287297 0.00179867047426035 0.00188971555035725 0.00209242259798783 0.00201636051538104 0.0016150295440015 0.00221783104206144 0.00326979038769138 0.00171839110219381 0.00224569777043226 0.00201389391561017 0.00258256138917152 0.00247750724363757 0.00468433307487063 0.00308792034768145 0.0018529129381769 0.0031701601281091 0.00297486701341147 0.000207024050492898 0.00200983632589896 0.00133927685640027 0.00157084512797235 -0.00105655485926535 -4.71642762511073e-06
"APETTS" 0.00124925558239695 0.00332469141986573 0.00168200057215034 0.00381707834373308 0.00326191137818581 0.00262381366897024 0.00166274209487726 0.00176844482422496 0.00192879796693611 0.00109524023372281 0.00142016237206508 0.000674830569355167 0.000120714254158436 0.000829276743565554 0.00307297553562049 0.000469430941924962 0.00124792534040271 0.0017207764968303 0.00277715377809981 -0.000633076914274625 0.000796815627535336 0.00242989360635855 0.00228525895710763 0.00200715253187211 0.00177332959274609 0.00174482550987211 0.00303771076320636 0.00378568938927469 0.00308792034768145 0.00790234321194294 0.00190249425260163 0.00254713383620067 0.00271820575396607 -0.000327061860465809 0.00185451751969752 0.00119028737758204 0.00158911880566448 -0.000256313495778373 0.00106479397910219
"BAEAM" 0.0011159800791183 0.00174631057204807 0.00138449459516678 0.00179696798095571 0.00167658769040163 0.00124846081613197 0.00129847892323773 0.000745620549624753 0.00112949844804566 0.000642058540769035 0.000749672768342678 0.000617063879801343 0.000169845318846388 0.000612650428958058 0.0018403721934898 0.000622505873072906 0.000989881968976695 0.000881073864177213 0.00135400254418811 -0.00284200238576243 0.00109759373732601 0.00132842971120621 0.00141730733590246 0.00140696737087141 0.00125867098672133 0.00160159204912249 0.001699499471676 0.00162397867934705 0.0018529129381769 0.00190249425260163 0.00169792998675821 0.00147209184945827 0.0018696892102963 -4.682370151628e-06 0.00153360697260134 0.000306097031367766 0.000821095665856181 -0.000577611603234536 0.00026208590276084
"EAMZYGO" 0.00132281783952819 0.00523932117173538 0.00356865225312123 0.00541349032433355 0.00404868320818187 0.00314501685391379 0.00374936800511751 0.000811042275718606 0.00219077704110416 0.00140937604535668 0.00236978107834275 0.00166716213690967 0.000701842253225243 0.0014440272368673 0.00462484664779327 0.000692439969206851 0.00140611337335406 0.00365891377906587 0.00250338026248658 0.00293241893182531 0.00360755015775442 0.00283520061043826 0.00404168503992053 0.00356525177364823 0.000216121574445965 0.00303884294177975 0.00436794861282194 0.00578462862511222 0.0031701601281091 0.00254713383620067 0.00147209184945827 0.0118231450237294 0.00335456054565636 0.00105530062347852 0.00433955890862655 0.00113194808289893 0.00244045235538971 -0.0013598232104886 0.0013842728263657
"ZYGOTSP" -0.000273090145555923 0.00252519227983415 0.00129967031451708 0.00302673074973978 0.00323383057835681 0.00234477947819095 0.00147978446417262 0.00029961637275977 0.00199686065106998 0.000791248729348794 0.00145482630651549 0.000464393377978768 -0.0001912870473851 0.000943670494238996 0.00217995608178662 0.0013398363372089 0.00177648499060699 0.00212405593174873 0.00368476888072245 -0.00567504241882098 0.0019776894667591 0.0011490738845817 0.00335480774966537 0.00170641828845805 0.00167291579869674 0.00267732357772546 0.0013098481251802 0.00403168357483586 0.00297486701341147 0.00271820575396607 0.0018696892102963 0.00335456054565636 0.00693671199679164 0.000479413672648016 0.00237923769674369 0.00146697528950564 0.00157044812711567 -0.0012751190394419 0.000737868563265135
"LDAS" -0.000294858078325001 3.01958246508188e-05 0.000476992203776187 0.000337144316735131 0.000702993838573268 0.000567965324563532 0.00147729554846151 -9.32094912615313e-05 0.000505121500565335 -0.000173709935931987 0.000383988133535281 0.000396903840402865 0.000300408396493867 0.000478991829976191 -0.000473441529199009 0.000283551417860167 0.000349356129160286 0.000763681735798086 6.84873402027064e-05 -0.000161360459874799 0.00122995727265448 9.34023202668122e-05 0.00107055166040259 0.000316932358478287 -0.000734145973725603 -0.0011751850406185 -0.000408225489781618 0.00060676610897711 0.000207024050492898 -0.000327061860465809 -4.682370151628e-06 0.00105530062347852 0.000479413672648016 0.0022533700860965 4.60757181400887e-05 0.00182334848369179 0.00048056621386997 -6.56252316902835e-05 0.000306502703039668
"BRLD" 0.00111350561500553 0.00371005931600433 0.00222858474690786 0.003808014655688 0.00346557194547215 0.00259532449525745 0.00298192557706202 0.00100234433727328 0.00178970290654472 -0.000126326897031919 0.00224950593813429 0.00113012548757237 0.00029249308099455 0.00185802742752867 0.00416769744073311 0.00146886461165777 0.00126877371060013 0.00196614828565506 0.00210666028034894 0.0109955880758665 0.002079255202833 0.00136427529111907 0.00206350611904154 0.00197760787483132 0.00232089642521432 7.91167837812975e-05 0.00233673287514016 0.00542485600604958 0.00200983632589896 0.00185451751969752 0.00153360697260134 0.00433955890862655 0.00237923769674369 4.60757181400887e-05 0.00930730651002543 0.000185479176786315 0.00129821698878404 -0.000845681286412589 0.00095696479978226
"OPILD" -0.000703193050669433 0.000193883908271598 0.000883079392433546 0.00151908165234945 0.00209949833485615 0.00168232880322056 0.00122508280826919 0.000310375582189856 0.00129112451460314 -0.000141326336577713 0.000645791919115636 0.000497099108821225 -1.47528098692064e-05 0.00102854553090543 0.000680744153124872 0.000381186287186985 0.000734853161422424 0.00143540172796475 0.000929249911435628 0.0015354614637744 0.00070959797227989 0.000706311017728291 0.00234045037806697 0.00172259789934528 -5.86135419195545e-05 -0.000794646113562876 0.000310123351291017 0.0011228018989343 0.00133927685640027 0.00119028737758204 0.000306097031367766 0.00113194808289893 0.00146697528950564 0.00182334848369179 0.000185479176786315 0.00452393960932922 0.000987496957140212 0.000475551135020509 -0.00177841924910768
"PTAS" 0.000306597525899482 0.00163133849320654 0.00163870068648794 0.00251174984498631 0.00179932931818678 0.00129338576966855 0.00214810765774732 0.000754253131074404 0.00113637306243741 0.00103181176652016 0.000656152379645483 0.00103448922124026 0.000727630438131041 0.000660094208219504 -0.000324799963627328 0.000422208010644356 0.00117317044238806 0.00280208287880141 0.00183844699023581 -0.00071883469299612 0.00137396425977469 0.00147822049238665 0.00205142970907801 0.000534913240316695 0.00114356467552127 0.000603747181351939 0.00170250330829312 0.000982393245163995 0.00157084512797235 0.00158911880566448 0.000821095665856181 0.00244045235538971 0.00157044812711567 0.00048056621386997 0.00129821698878404 0.000987496957140212 0.00243109254479343 -0.000335752855383994 0.000706060793309063
"JPAS" -0.000112225714647925 -0.000982822737510516 -0.000910566359310283 -0.00115847087386473 -0.000351959255018513 2.80358320049622e-05 -0.00127185853122763 -0.000405685991826346 -7.83766249156688e-05 0.00032204459926869 -0.000296889012428017 -0.000374775059949532 -4.433725239792e-05 0.000122603814499196 1.24206925857864e-05 -5.06629381652087e-05 -0.000467586591646915 -0.000156298519604154 -0.000851013802997732 -0.00120210107015421 -0.000795205550734499 -0.000659442742742565 1.74564080699385e-05 -0.000487239825499102 -0.00113226547127194 0.000503237272591106 -0.00100500076971345 4.94276398861114e-05 -0.00105655485926535 -0.000256313495778373 -0.000577611603234536 -0.0013598232104886 -0.0012751190394419 -6.56252316902835e-05 -0.000845681286412589 0.000475551135020509 -0.000335752855383994 0.00698208839199822 -0.000113233935769686
"BAOPI" 3.46283563198048e-05 0.00181326870726452 -0.000301138594152604 0.00125036325709471 0.000565600198185898 0.000674230993958743 0.0014470908914642 0.000611622215678202 0.00039629585439045 0.000685341167191518 0.000528282856089119 -0.000233624323852504 0.000511150121613029 -0.00022840649132827 3.05147792851649e-05 -0.000591200866088987 -0.000246825416946646 0.000388659839731156 0.000240239610561309 -0.00290923857495593 0.000556632509941374 -0.000291613460809431 0.000159159898823432 -0.0010152635162456 -0.000499457745556905 4.51149878856678e-05 -0.000393886948298494 0.0024410593223987 -4.71642762511073e-06 0.00106479397910219 0.00026208590276084 0.0013842728263657 0.000737868563265135 0.000306502703039668 0.00095696479978226 -0.00177841924910768 0.000706060793309063 -0.000113233935769686 0.00524570836103201
