"" "ISPM" "ISNSL" "ISPNS" "PMZS" "PMZI" "PMMT" "NSLNA" "NSLZS" "NSLZI" "NABR" "NAFM" "NAPNS" "BRPT" "BRAPET" "PTFM" "PTAPET" "PTBA" "PTEAM" "PTZYGO" "PTTSP" "FMZS" "FMMT" "ZSZI" "ZIMT" "ZIZYGO" "ZITSP" "MTPNS" "PNSAPET" "APETBA" "APETTS" "BAEAM" "EAMZYGO" "ZYGOTSP" "LDAS" "BRLD" "OPILD" "PTAS" "JPAS" "BAOPI"
"ISPM" 0.00580123327382532 0.00459664847139109 0.00377770324091491 0.00398725567843233 0.00283999053796069 0.00192574518368092 0.00328373360225412 0.00307532104260767 0.00240409045348084 0.00140676066122418 0.00174647976070241 0.00194287396005782 0.00084723206397111 0.0013810680249182 0.00318072615711555 0.00114684222125134 0.00157066714307278 0.00201128219661674 0.00209818119708307 0.00480446161065798 0.000977521836876557 0.00259657319175229 0.00147313778244398 0.00174474558197371 0.00344527766801775 0.00276923612845706 0.00352540780487794 0.00353280613017757 0.00260199479696677 0.00120440501055259 0.00196406013397383 0.00204886861546238 0.00152537510201798 0.000282691145550614 0.00116169723532845 0.000542759436252944 0.00155637564956162 0.000809959975215626 0.000206817840920459
"ISNSL" 0.00459664847139109 0.00945130932205707 0.00501921222773392 0.00659923100387621 0.0040939847294114 0.00253688906544839 0.00181500417776326 0.00238714618401112 0.00230746148514633 0.00178458758207551 0.00162670928085053 0.00220514223628043 0.000965481095380453 0.00145886883139604 0.0039883118583974 0.00147890393872936 0.00178208602582821 0.00232884883154338 0.00282935544285399 0.00468940630473607 0.00191352562313351 0.0038331669476634 0.00149864833896097 0.00248140546647854 0.00497120513803951 0.00299774192631129 0.00487819926850126 0.00428944687194628 0.00280986801825836 0.00114429076138819 0.00257442121886361 0.00318320186228338 0.00195506088640441 9.03656598008788e-05 1.99227339344707e-05 0.000442698054184228 0.00181080612240496 0.000914375522083513 -5.14457623710167e-05
"ISPNS" 0.00377770324091491 0.00501921222773392 0.00496285729470646 0.00455884486540795 0.00361899104748232 0.00230929097191325 0.00245148867092569 0.00231147152387633 0.0021595150787964 0.00157681910295211 0.00155857115429871 0.00223374343695698 0.000883022175214516 0.0012751405277171 0.00298553147457095 0.00112853228666551 0.00142766797808929 0.0018998733499148 0.00191195633373456 0.00279986244349715 0.00153821429047336 0.00247920729045825 0.00180172167611577 0.00148693866520021 0.00388805508929161 0.00276598244792157 0.0037572028952027 0.00166604261811581 0.00220007313164151 0.000988294093215234 0.00209503933415839 0.00231012815271688 0.00161782777471376 2.00247891717396e-05 0.000309165968172076 0.000306907865757424 0.00151355534105718 0.000871478562538417 2.29454052291153e-05
"PMZS" 0.00398725567843233 0.00659923100387621 0.00455884486540795 0.00859386438922789 0.00489107956252783 0.00277735312526567 0.00488374155836331 0.0044062202364881 0.00271766662840704 0.00183892901740776 0.00172450401068293 0.00174701458121077 0.00033816252526095 0.00115004608892426 0.00446568908042867 0.00100136192698605 0.00134955730058961 0.00207069971789574 0.00357832756605225 0.00422247037567216 -0.000455850931067628 0.00331153217210446 0.00193316532274326 0.0015823941060101 0.00505381380960936 0.00385836828712629 0.00485254766922253 0.00444846924035417 0.00291480850497125 0.00144809948138864 0.00237527517347281 0.00284724683250966 0.00319401801276238 -0.00021226338835951 -0.000390021290938883 0.000490703532022524 0.00124043615114621 0.000903784672938952 -0.000434032768295552
"PMZI" 0.00283999053796069 0.0040939847294114 0.00361899104748232 0.00489107956252783 0.00509453765677394 0.00256521828597004 0.00228283609500836 0.00279554253270522 0.00312068616245779 0.00163272613274757 0.0015902944312914 0.00149668897153227 0.00062902547911671 0.00108409665747874 0.00347517696002897 0.00114901328970003 0.00146089515902324 0.00159221361452782 0.00223252155532437 0.0027421484359261 0.00109463181293269 0.00223185429381028 0.00293330679210794 0.00085859462960477 0.00265298216542174 0.00195873258936755 0.00354310275173503 0.00380986705771528 0.00245562574386377 0.00207236431904448 0.00210347739950688 0.00175964441192736 0.00230469282980195 0.000295596689892873 -4.65874783553684e-07 0.00072360476948753 0.00131513110456806 0.000771712973637323 -1.76914456554129e-05
"PMMT" 0.00192574518368092 0.00253688906544839 0.00230929097191325 0.00277735312526567 0.00256521828597004 0.00228413604553102 0.00124965935915212 0.00145569824232162 0.00158792570812342 0.000964882096633546 0.00102445258476282 0.000916000390201455 0.000653493178534154 0.000679721449309299 0.00193528905592213 0.000575734113102073 0.000804089333119577 0.00111164945606771 0.00120020849141429 0.000156989779394979 0.000887449874224554 0.00136188814713163 0.00156400109286799 0.00134703340271126 0.00214874501620456 0.00156365757601167 0.00179622557444787 0.00240140064782591 0.00125290965120073 0.00132333030956401 0.00116490840347403 0.0016528129623689 0.00124214224505401 0.000478344573842019 0.00049266731339979 0.000728170763042684 0.000982631925037287 0.000207408977723523 0.000466824988108276
"NSLNA" 0.00328373360225412 0.00181500417776326 0.00245148867092569 0.00488374155836331 0.00228283609500836 0.00124965935915212 0.0160347364126346 0.00371082628136079 0.00229771564800221 -0.00112479826509457 0.00124495883503347 0.00246408605308231 -0.00043452507381671 6.6822164512301e-05 0.00369949794389521 -0.000811742630479663 0.000191695283470542 0.000248541171304793 0.00104005120745871 -0.000441608320478404 0.00026391874956447 0.00128366501002509 0.00172279143649896 -0.000403500105768551 0.00200678354470999 0.00516103474724317 0.00275294675096112 0.00174661642670267 0.00340508834555721 0.00168809279428948 0.0011809446689759 0.0022377849457196 0.00093369395904677 -0.000474628440487252 5.4986554508936e-05 0.000247107372942035 8.61096349717373e-05 0.000115354855052248 -0.000999074523168239
"NSLZS" 0.00307532104260767 0.00238714618401112 0.00231147152387633 0.0044062202364881 0.00279554253270522 0.00145569824232162 0.00371082628136079 0.00834488800503602 0.00302554052721879 0.00109165690311787 0.00214597954859673 0.00163822943437616 0.000544052920554099 0.00102218270716924 0.00207561505628429 0.000592574480080363 0.00146967560723857 0.00184267500566632 0.00202391520185711 0.00163615628926535 -0.00370557844056394 0.00153300438146142 -0.00142215208534698 0.000977364170713949 0.00213539863240501 0.00230375849291234 0.00292021282964838 0.00291481180892605 0.00253905821592857 0.00117660688760242 0.00195226956325345 0.00132974226867703 0.00216869441079414 0.000625989605105229 1.8998204638341e-05 0.000963773013085082 0.0013235570934079 0.00100833393421944 0.000482167537791543
"NSLZI" 0.00240409045348084 0.00230746148514633 0.0021595150787964 0.00271766662840704 0.00312068616245779 0.00158792570812342 0.00229771564800221 0.00302554052721879 0.00327106500988263 0.00103215335574908 0.00150053593310779 0.0014944384154596 0.000459628797362313 0.000782507744522252 0.00261055431086639 0.000788204192174457 0.00129215904847515 0.00129432826466481 0.00177541331007833 0.00258465325521433 0.000303546939831963 0.00155337210529111 0.00307034611959656 0.00072894684105781 0.00128528730632475 0.00174859984894806 0.00246151037042597 0.00277432137157686 0.00224227653522022 0.00178332190287675 0.00168455238887673 0.00131367152906658 0.00191134588256547 0.000702314006311209 0.000100510751033783 0.00105156839560837 0.00111858209082813 0.000645883525917375 -0.000161014326318005
"NABR" 0.00140676066122418 0.00178458758207551 0.00157681910295211 0.00183892901740776 0.00163272613274757 0.000964882096633546 -0.00112479826509457 0.00109165690311787 0.00103215335574908 0.00282980072606151 0.000665579249067036 0.000671710939812776 0.00140876907490509 0.00113375733164044 0.00121258984908343 0.0011731546769821 0.00114761174719759 0.00174185898380996 0.00132883387871384 0.0018002822431486 0.00078079215289262 0.00142564293532655 0.0007048512010849 0.000929939455503324 0.00136000592078621 0.000557890322743633 0.00175083524490714 0.00153309124600113 0.000784891817467976 0.00116890039653408 0.000983999456550363 0.000917963752185228 0.00111928774632122 0.000547458166411393 -0.000630483222297075 0.000379532320889103 0.00138993951440938 -0.000142454918838054 0.000280894237169466
"NAFM" 0.00174647976070241 0.00162670928085053 0.00155857115429871 0.00172450401068293 0.0015902944312914 0.00102445258476282 0.00124495883503347 0.00214597954859673 0.00150053593310779 0.000665579249067036 0.00204606998330301 0.00151913527879573 0.000675625355939903 0.000872437615704138 0.00126360187594199 0.000489565388191332 0.000853269478225979 0.00121978920844731 0.00121353420455303 -0.000377787194202722 0.00060927580276221 0.00112898146314392 0.000879532042193632 0.000527881109191146 0.00175925838841648 0.00148273648515112 0.00188217523610641 0.00185975748781987 0.00136875522485361 0.000955500792980854 0.00126917907870041 0.00124525064184592 0.00118685600695616 0.00072160144770996 0.000747114029367108 0.00098894427218217 0.00102740699655021 0.000437466901144043 0.000313503348178415
"NAPNS" 0.00194287396005782 0.00220514223628043 0.00223374343695698 0.00174701458121077 0.00149668897153227 0.000916000390201455 0.00246408605308231 0.00163822943437616 0.0014944384154596 0.000671710939812776 0.00151913527879573 0.00333799114408256 0.0010665583619137 0.00127530934735461 0.00198778591596776 0.000809716409088966 0.00114394197995889 0.00141394064109944 0.000801641498701225 0.000349979318975067 0.00049911676806602 0.00191871628459771 0.00140022320325838 0.000789861406126728 0.00131288741196408 0.00153478352070093 0.00155437944155563 -7.71185297578402e-05 0.0018203204277824 0.00119007410157083 0.00142286488111744 0.00146088285526062 0.000704184581384119 0.000856397787909255 0.000748770195934847 0.00108195233497914 0.00132090648662534 0.000103545690930847 0.000166800666529795
"BRPT" 0.00084723206397111 0.000965481095380453 0.000883022175214516 0.00033816252526095 0.00062902547911671 0.000653493178534154 -0.00043452507381671 0.000544052920554099 0.000459628797362313 0.00140876907490509 0.000675625355939903 0.0010665583619137 0.00211191124488045 0.00137627877244486 -0.000100933090795419 0.000459016951390912 0.000660446716847439 0.00105100080991866 -0.000246978985605376 -0.0018357304558119 0.000334152370544374 0.000770083351801568 1.47986439302376e-05 0.000912674502672402 0.000631933415770437 -0.000350694234124633 0.000793634159047492 0.000541018200063266 0.000381262264070941 0.00106767703529605 0.000547326559660161 0.000492526593886358 -0.000346815051580889 0.00130889109603959 0.000219743899409145 0.00098549268967138 0.00107367678042785 -6.85461752431466e-05 0.000741631918010843
"BRAPET" 0.0013810680249182 0.00145886883139604 0.0012751405277171 0.00115004608892426 0.00108409665747874 0.000679721449309299 6.6822164512301e-05 0.00102218270716924 0.000782507744522252 0.00113375733164044 0.000872437615704138 0.00127530934735461 0.00137627877244486 0.00174293360090363 0.00104590045856633 0.00118842099257836 0.00108135796879536 0.0013476665201264 0.000982110419936911 0.00245081187285063 0.000338752268479882 0.00135048990925829 0.000451826874085636 0.000713655294828579 0.00100967571090264 0.000601255979812497 0.00151441466650387 0.00100365516972657 0.000938621698284256 0.000808356318753365 0.00103785785537093 0.000909206092503895 0.000719960073118934 0.00105496973225 0.000805998102843931 0.00120400038364791 0.000952351262985894 0.000210512325677343 0.000426859566412649
"PTFM" 0.00318072615711555 0.0039883118583974 0.00298553147457095 0.00446568908042867 0.00347517696002897 0.00193528905592213 0.00369949794389521 0.00207561505628429 0.00261055431086639 0.00121258984908343 0.00126360187594199 0.00198778591596776 -0.000100933090795419 0.00104590045856633 0.0119066282719451 0.000880391358387806 0.000621828752930546 -0.00145230015224582 0.00081531209417602 0.00553784801265113 0.000480874524878995 0.00300600185702871 0.00322383422098047 0.00162795224840277 0.00338925546397298 0.00277698828857379 0.00389287029728231 0.0045434260483263 0.00332992038856605 0.00222019002407628 0.00236629295173961 0.00383030209346667 0.00269210224479632 0.000351343344853452 0.00143764206511795 0.00076199832978938 -0.000940537138866531 0.000719185579024334 -7.30728761465319e-05
"PTAPET" 0.00114684222125134 0.00147890393872936 0.00112853228666551 0.00100136192698605 0.00114901328970003 0.000575734113102073 -0.000811742630479663 0.000592574480080363 0.000788204192174457 0.0011731546769821 0.000489565388191332 0.000809716409088966 0.000459016951390912 0.00118842099257836 0.000880391358387806 0.00314632097619817 0.00190975189019094 0.0020627986745982 0.00235857015624932 0.00771397269752268 0.000645533237134475 0.00134826597463957 0.000644900931188635 0.000537000750993855 0.000744277654729145 0.000855183726504114 0.00145086924716619 0.00136719840622703 0.000167032266465681 0.000639392429097162 0.00097226657890698 0.000920657430735836 0.00192830926468811 0.000471388174167592 -0.000215783321905569 0.000730900309653801 0.00104886701824713 0.000363908252242305 0.000294266437567252
"PTBA" 0.00157066714307278 0.00178208602582821 0.00142766797808929 0.00134955730058961 0.00146089515902324 0.000804089333119577 0.000191695283470542 0.00146967560723857 0.00129215904847515 0.00114761174719759 0.000853269478225979 0.00114394197995889 0.000660446716847439 0.00108135796879536 0.000621828752930546 0.00190975189019094 0.00214224857310432 0.00261921318797034 0.00209694871236652 0.00454604254188433 0.000296570635394178 0.00140767846383859 0.000778673416160763 0.000744115590216043 0.00116835726803427 0.00143733161312684 0.00178798993884601 0.0017687162385384 0.00208364900809125 0.000948835952782443 0.00141708433771166 0.0013813357068113 0.00146181222482665 0.000750158905916964 0.000348786406445551 0.00100533088877744 0.00162834352606679 0.000277541349109391 4.67430971104663e-06
"PTEAM" 0.00201128219661674 0.00232884883154338 0.0018998733499148 0.00207069971789574 0.00159221361452782 0.00111164945606771 0.000248541171304793 0.00184267500566632 0.00129432826466481 0.00174185898380996 0.00121978920844731 0.00141394064109944 0.00105100080991866 0.0013476665201264 -0.00145230015224582 0.0020627986745982 0.00261921318797034 0.00604033014546537 0.00384727869711707 0.0068520021423499 0.000420137810533062 0.00206267207909453 0.000879727856340202 0.00085359257691948 0.00195222102348624 0.00297929152556734 0.00262116228166868 0.00262311916519872 0.00152999233326113 0.000629522327023803 0.00142147399009967 0.00305828360503992 0.00183436825740742 0.000807491947075464 0.000589884916402299 0.0011274207788508 0.00349637141341781 0.000400561556559212 0.00077911268329655
"PTZYGO" 0.00209818119708307 0.00282935544285399 0.00191195633373456 0.00357832756605225 0.00223252155532437 0.00120020849141429 0.00104005120745871 0.00202391520185711 0.00177541331007833 0.00132883387871384 0.00121353420455303 0.000801641498701225 -0.000246978985605376 0.000982110419936911 0.00081531209417602 0.00235857015624932 0.00209694871236652 0.00384727869711707 0.00625545231755141 0.0090826333962709 0.000166007918736931 0.00217697724531814 0.00212550959579758 0.000274179217576006 0.0035114591152158 0.0034458779127299 0.00344634182397456 0.0028965647397662 0.00145745467472215 0.000566614197319847 0.00156541852329655 0.00110287764360635 0.00507254814312019 -9.80602052135763e-05 0.000202355520921862 0.000592457523246556 0.00193273743572834 0.000487165660855009 -0.000640946291437994
"PTTSP" 0.00480446161065798 0.00468940630473607 0.00279986244349715 0.00422247037567216 0.0027421484359261 0.000156989779394979 -0.000441608320478404 0.00163615628926535 0.00258465325521433 0.0018002822431486 -0.000377787194202722 0.000349979318975067 -0.0018357304558119 0.00245081187285063 0.00553784801265113 0.00771397269752268 0.00454604254188433 0.0068520021423499 0.0090826333962709 0.188921927931535 0.000100428628513849 0.00595731925979564 0.00352882260658582 0.00237356992934074 0.00563114026206271 -0.000951937607117928 0.00686548817802141 0.0120096332294724 -0.00148383149238995 0.00264742878134813 0.00260573361282511 -8.04149455651057e-07 -0.0102073644080394 -0.0027302290975154 0.000655293024650871 -0.00238368942882514 0.000929444803856926 -0.0016234604448439 -0.00125884881809002
"FMZS" 0.000977521836876557 0.00191352562313351 0.00153821429047336 -0.000455850931067628 0.00109463181293269 0.000887449874224554 0.00026391874956447 -0.00370557844056394 0.000303546939831963 0.00078079215289262 0.00060927580276221 0.00049911676806602 0.000334152370544374 0.000338752268479882 0.000480874524878995 0.000645533237134475 0.000296570635394178 0.000420137810533062 0.000166007918736931 0.000100428628513849 0.00917547669539816 0.00203432685229304 0.00245078107032799 0.000665486677075758 0.00131862411283127 0.000981872670668752 0.000930654384723626 0.00120846400540827 0.000355215725939704 0.00115592942837554 0.000505235100205654 0.00127331511686031 3.00673050220142e-05 -6.54503191475586e-06 0.000636299115330057 -0.00014034895827347 0.000487834041764172 -0.000202050670395871 -1.93288737747228e-05
"FMMT" 0.00259657319175229 0.0038331669476634 0.00247920729045825 0.00331153217210446 0.00223185429381028 0.00136188814713163 0.00128366501002509 0.00153300438146142 0.00155337210529111 0.00142564293532655 0.00112898146314392 0.00191871628459771 0.000770083351801568 0.00135048990925829 0.00300600185702871 0.00134826597463957 0.00140767846383859 0.00206267207909453 0.00217697724531814 0.00595731925979564 0.00203432685229304 0.00375994895237318 0.00177673253886011 0.00206087381249632 0.00265474811082787 0.0021225591793896 0.0032407137055917 0.00285541189938458 0.00172691144904068 0.00116555049512767 0.0017575749371161 0.00230489975373583 0.00129927734234896 0.000684220280956256 0.000530682769006474 0.000831524631615313 0.0014496449048283 0.000524678736403909 0.000579869011904529
"ZSZI" 0.00147313778244398 0.00149864833896097 0.00180172167611577 0.00193316532274326 0.00293330679210794 0.00156400109286799 0.00172279143649896 -0.00142215208534698 0.00307034611959656 0.0007048512010849 0.000879532042193632 0.00140022320325838 1.47986439302376e-05 0.000451826874085636 0.00322383422098047 0.000644900931188635 0.000778673416160763 0.000879727856340202 0.00212550959579758 0.00352882260658582 0.00245078107032799 0.00177673253886011 0.00797638379967389 -0.000248073987171484 0.000627745826503247 0.00208120428198043 0.00196811836554167 0.00202750577780102 0.0016584614962532 0.00166318663106345 0.00123635252254361 0.00147405724593242 0.0021176035459875 0.000726173310844264 0.000186461247218178 0.00117009488711847 0.000796601619331855 0.0005444543087504 -0.000629819827310331
"ZIMT" 0.00174474558197371 0.00248140546647854 0.00148693866520021 0.0015823941060101 0.00085859462960477 0.00134703340271126 -0.000403500105768551 0.000977364170713949 0.00072894684105781 0.000929939455503324 0.000527881109191146 0.000789861406126728 0.000912674502672402 0.000713655294828579 0.00162795224840277 0.000537000750993855 0.000744115590216043 0.00085359257691948 0.000274179217576006 0.00237356992934074 0.000665486677075758 0.00206087381249632 -0.000248073987171484 0.00563153285726284 0.00136106559459257 0.000686198379746382 0.000877656495115277 0.00206948730612369 0.000807586086368737 0.000395065108611183 0.000758785628130555 0.00213686240570313 -0.000445196738935148 0.000508214004482465 0.000418771071890985 0.000225370159425902 0.000672406707501068 0.000220499607764078 0.000609343767094805
"ZIZYGO" 0.00344527766801775 0.00497120513803951 0.00388805508929161 0.00505381380960936 0.00265298216542174 0.00214874501620456 0.00200678354470999 0.00213539863240501 0.00128528730632475 0.00136000592078621 0.00175925838841648 0.00131288741196408 0.000631933415770437 0.00100967571090264 0.00338925546397298 0.000744277654729145 0.00116835726803427 0.00195222102348624 0.0035114591152158 0.00563114026206271 0.00131862411283127 0.00265474811082787 0.000627745826503247 0.00136106559459257 0.0103884639123621 0.0029442851014253 0.00468606049603975 0.00422580486375778 0.00248719943373049 0.00116538683618665 0.00202723982802697 -0.000556598039107787 0.0026156490770319 -0.000532779290547298 0.00127358626413238 -6.87769780780456e-05 0.000999333165901704 0.000874501855310755 -0.000385402803132491
"ZITSP" 0.00276923612845706 0.00299774192631129 0.00276598244792157 0.00385836828712629 0.00195873258936755 0.00156365757601167 0.00516103474724317 0.00230375849291234 0.00174859984894806 0.000557890322743633 0.00148273648515112 0.00153478352070093 -0.000350694234124633 0.000601255979812497 0.00277698828857379 0.000855183726504114 0.00143733161312684 0.00297929152556734 0.0034458779127299 -0.000951937607117928 0.000981872670668752 0.0021225591793896 0.00208120428198043 0.000686198379746382 0.0029442851014253 0.0120103320425454 0.0027958622400656 0.0029451764450607 0.00236071394265173 0.00125596206444331 0.00171478806950086 0.00437644006258646 0.00259713558532362 -0.00017190442878083 0.000634090987724119 0.000738018837631975 0.00177605680015558 0.00116868855856847 0.000484958330759531
"MTPNS" 0.00352540780487794 0.00487819926850126 0.0037572028952027 0.00485254766922253 0.00354310275173503 0.00179622557444787 0.00275294675096112 0.00292021282964838 0.00246151037042597 0.00175083524490714 0.00188217523610641 0.00155437944155563 0.000793634159047492 0.00151441466650387 0.00389287029728231 0.00145086924716619 0.00178798993884601 0.00262116228166868 0.00344634182397456 0.00686548817802141 0.000930654384723626 0.0032407137055917 0.00196811836554167 0.000877656495115277 0.00468606049603975 0.0027958622400656 0.00680822695234033 0.00421283879358396 0.00260340563163146 0.00148950165054844 0.00251772256696215 0.00240868124431276 0.00286404577492261 0.000543056057601287 0.000851927696000446 0.000595828763328279 0.00164329345603844 0.000926937383297661 0.000284136889354402
"PNSAPET" 0.00353280613017757 0.00428944687194628 0.00166604261811581 0.00444846924035417 0.00380986705771528 0.00240140064782591 0.00174661642670267 0.00291481180892605 0.00277432137157686 0.00153309124600113 0.00185975748781987 -7.71185297578402e-05 0.000541018200063266 0.00100365516972657 0.0045434260483263 0.00136719840622703 0.0017687162385384 0.00262311916519872 0.0028965647397662 0.0120096332294724 0.00120846400540827 0.00285541189938458 0.00202750577780102 0.00206948730612369 0.00422580486375778 0.0029451764450607 0.00421283879358396 0.0123440142268013 0.00158040296029659 0.00115387798846669 0.00211587823453575 0.00439795335604322 0.00122719230143847 0.000834636546206225 0.00125077948608809 0.00131514835292517 0.001557815305562 0.000274697559844609 0.00105586737911249
"APETBA" 0.00260199479696677 0.00280986801825836 0.00220007313164151 0.00291480850497125 0.00245562574386377 0.00125290965120073 0.00340508834555721 0.00253905821592857 0.00224227653522022 0.000784891817467976 0.00136875522485361 0.0018203204277824 0.000381262264070941 0.000938621698284256 0.00332992038856605 0.000167032266465681 0.00208364900809125 0.00152999233326113 0.00145745467472215 -0.00148383149238995 0.000355215725939704 0.00172691144904068 0.0016584614962532 0.000807586086368737 0.00248719943373049 0.00236071394265173 0.00260340563163146 0.00158040296029659 0.0064737790760711 0.00226852979508825 0.00235244932059618 0.00186910324161728 0.00185268246691689 0.000769744473050263 0.00117841266209859 0.00109091079007063 0.00112931518558558 0.000315207912555976 -0.00112298193271961
"APETTS" 0.00120440501055259 0.00114429076138819 0.000988294093215234 0.00144809948138864 0.00207236431904448 0.00132333030956401 0.00168809279428948 0.00117660688760242 0.00178332190287675 0.00116890039653408 0.000955500792980854 0.00119007410157083 0.00106767703529605 0.000808356318753365 0.00222019002407628 0.000639392429097162 0.000948835952782443 0.000629522327023803 0.000566614197319847 0.00264742878134813 0.00115592942837554 0.00116555049512767 0.00166318663106345 0.000395065108611183 0.00116538683618665 0.00125596206444331 0.00148950165054844 0.00115387798846669 0.00226852979508825 0.00765044368618658 0.00193242056634327 0.00117702351888982 0.000809830969494419 0.00126798945438868 0.000448809074953432 0.00181320578027547 0.000775529229217573 -9.2547295721335e-05 0.000459175087280691
"BAEAM" 0.00196406013397383 0.00257442121886361 0.00209503933415839 0.00237527517347281 0.00210347739950688 0.00116490840347403 0.0011809446689759 0.00195226956325345 0.00168455238887673 0.000983999456550363 0.00126917907870041 0.00142286488111744 0.000547326559660161 0.00103785785537093 0.00236629295173961 0.00097226657890698 0.00141708433771166 0.00142147399009967 0.00156541852329655 0.00260573361282511 0.000505235100205654 0.0017575749371161 0.00123635252254361 0.000758785628130555 0.00202723982802697 0.00171478806950086 0.00251772256696215 0.00211587823453575 0.00235244932059618 0.00193242056634327 0.00258557270849925 0.00180225971838273 0.0015712129047841 0.00100455017326894 0.000596523023524772 0.0012758254472727 0.00120671419946253 0.000411595772165993 0.000491010526435941
"EAMZYGO" 0.00204886861546238 0.00318320186228338 0.00231012815271688 0.00284724683250966 0.00175964441192736 0.0016528129623689 0.0022377849457196 0.00132974226867703 0.00131367152906658 0.000917963752185228 0.00124525064184592 0.00146088285526062 0.000492526593886358 0.000909206092503895 0.00383030209346667 0.000920657430735836 0.0013813357068113 0.00305828360503992 0.00110287764360635 -8.04149455651057e-07 0.00127331511686031 0.00230489975373583 0.00147405724593242 0.00213686240570313 -0.000556598039107787 0.00437644006258646 0.00240868124431276 0.00439795335604322 0.00186910324161728 0.00117702351888982 0.00180225971838273 0.0105115135805096 0.00137720554517314 0.00100572397250649 0.00069721586508113 0.00125697322554979 0.0018983489817087 0.000116227819018963 0.00204470185083694
"ZYGOTSP" 0.00152537510201798 0.00195506088640441 0.00161782777471376 0.00319401801276238 0.00230469282980195 0.00124214224505401 0.00093369395904677 0.00216869441079414 0.00191134588256547 0.00111928774632122 0.00118685600695616 0.000704184581384119 -0.000346815051580889 0.000719960073118934 0.00269210224479632 0.00192830926468811 0.00146181222482665 0.00183436825740742 0.00507254814312019 -0.0102073644080394 3.00673050220142e-05 0.00129927734234896 0.0021176035459875 -0.000445196738935148 0.0026156490770319 0.00259713558532362 0.00286404577492261 0.00122719230143847 0.00185268246691689 0.000809830969494419 0.0015712129047841 0.00137720554517314 0.00952175906444472 0.00032380323608898 -7.08182452551982e-06 0.00100270914446929 0.00102956850510368 0.000668139850830549 -0.000210112252768031
"LDAS" 0.000282691145550614 9.03656598008788e-05 2.00247891717396e-05 -0.00021226338835951 0.000295596689892873 0.000478344573842019 -0.000474628440487252 0.000625989605105229 0.000702314006311209 0.000547458166411393 0.00072160144770996 0.000856397787909255 0.00130889109603959 0.00105496973225 0.000351343344853452 0.000471388174167592 0.000750158905916964 0.000807491947075464 -9.80602052135763e-05 -0.0027302290975154 -6.54503191475586e-06 0.000684220280956256 0.000726173310844264 0.000508214004482465 -0.000532779290547298 -0.00017190442878083 0.000543056057601287 0.000834636546206225 0.000769744473050263 0.00126798945438868 0.00100455017326894 0.00100572397250649 0.00032380323608898 0.00396998092935588 0.000192363583193011 0.00370224442265626 0.000762940144295817 0.000921187600547942 0.00122855946690677
"BRLD" 0.00116169723532845 1.99227339344707e-05 0.000309165968172076 -0.000390021290938883 -4.65874783553684e-07 0.00049266731339979 5.4986554508936e-05 1.8998204638341e-05 0.000100510751033783 -0.000630483222297075 0.000747114029367108 0.000748770195934847 0.000219743899409145 0.000805998102843931 0.00143764206511795 -0.000215783321905569 0.000348786406445551 0.000589884916402299 0.000202355520921862 0.000655293024650871 0.000636299115330057 0.000530682769006474 0.000186461247218178 0.000418771071890985 0.00127358626413238 0.000634090987724119 0.000851927696000446 0.00125077948608809 0.00117841266209859 0.000448809074953432 0.000596523023524772 0.00069721586508113 -7.08182452551982e-06 0.000192363583193011 0.00721441395407556 -0.000426696241537688 0.000740927817953287 -0.000160679691792012 0.00104601690047422
"OPILD" 0.000542759436252944 0.000442698054184228 0.000306907865757424 0.000490703532022524 0.00072360476948753 0.000728170763042684 0.000247107372942035 0.000963773013085082 0.00105156839560837 0.000379532320889103 0.00098894427218217 0.00108195233497914 0.00098549268967138 0.00120400038364791 0.00076199832978938 0.000730900309653801 0.00100533088877744 0.0011274207788508 0.000592457523246556 -0.00238368942882514 -0.00014034895827347 0.000831524631615313 0.00117009488711847 0.000225370159425902 -6.87769780780456e-05 0.000738018837631975 0.000595828763328279 0.00131514835292517 0.00109091079007063 0.00181320578027547 0.0012758254472727 0.00125697322554979 0.00100270914446929 0.00370224442265626 -0.000426696241537688 0.00559676819867583 0.000715320769478895 0.000837760491094874 -0.000826597155584711
"PTAS" 0.00155637564956162 0.00181080612240496 0.00151355534105718 0.00124043615114621 0.00131513110456806 0.000982631925037287 8.61096349717373e-05 0.0013235570934079 0.00111858209082813 0.00138993951440938 0.00102740699655021 0.00132090648662534 0.00107367678042785 0.000952351262985894 -0.000940537138866531 0.00104886701824713 0.00162834352606679 0.00349637141341781 0.00193273743572834 0.000929444803856926 0.000487834041764172 0.0014496449048283 0.000796601619331855 0.000672406707501068 0.000999333165901704 0.00177605680015558 0.00164329345603844 0.001557815305562 0.00112931518558558 0.000775529229217573 0.00120671419946253 0.0018983489817087 0.00102956850510368 0.000762940144295817 0.000740927817953287 0.000715320769478895 0.00325652187337688 9.1783140258628e-05 0.00140505672161421
"JPAS" 0.000809959975215626 0.000914375522083513 0.000871478562538417 0.000903784672938952 0.000771712973637323 0.000207408977723523 0.000115354855052248 0.00100833393421944 0.000645883525917375 -0.000142454918838054 0.000437466901144043 0.000103545690930847 -6.85461752431466e-05 0.000210512325677343 0.000719185579024334 0.000363908252242305 0.000277541349109391 0.000400561556559212 0.000487165660855009 -0.0016234604448439 -0.000202050670395871 0.000524678736403909 0.0005444543087504 0.000220499607764078 0.000874501855310755 0.00116868855856847 0.000926937383297661 0.000274697559844609 0.000315207912555976 -9.2547295721335e-05 0.000411595772165993 0.000116227819018963 0.000668139850830549 0.000921187600547942 -0.000160679691792012 0.000837760491094874 9.1783140258628e-05 0.00695697411375029 0.000294474408889151
"BAOPI" 0.000206817840920459 -5.14457623710167e-05 2.29454052291153e-05 -0.000434032768295552 -1.76914456554129e-05 0.000466824988108276 -0.000999074523168239 0.000482167537791543 -0.000161014326318005 0.000280894237169466 0.000313503348178415 0.000166800666529795 0.000741631918010843 0.000426859566412649 -7.30728761465319e-05 0.000294266437567252 4.67430971104663e-06 0.00077911268329655 -0.000640946291437994 -0.00125884881809002 -1.93288737747228e-05 0.000579869011904529 -0.000629819827310331 0.000609343767094805 -0.000385402803132491 0.000484958330759531 0.000284136889354402 0.00105586737911249 -0.00112298193271961 0.000459175087280691 0.000491010526435941 0.00204470185083694 -0.000210112252768031 0.00122855946690677 0.00104601690047422 -0.000826597155584711 0.00140505672161421 0.000294474408889151 0.00708886121480742
