"" "ISPM" "ISNSL" "ISPNS" "PMZS" "PMZI" "PMMT" "NSLNA" "NSLZS" "NSLZI" "NABR" "NAFM" "NAPNS" "BRPT" "BRAPET" "PTFM" "PTAPET" "PTBA" "PTEAM" "PTZYGO" "PTTSP" "FMZS" "FMMT" "ZSZI" "ZIMT" "ZIZYGO" "ZITSP" "MTPNS" "PNSAPET" "APETBA" "APETTS" "BAEAM" "EAMZYGO" "ZYGOTSP" "LDAS" "BRLD" "OPILD" "PTAS" "JPAS" "BAOPI"
"ISPM" 0.00440755481110054 0.00327243072847523 0.00266965500572809 0.00257023096465221 0.00183262907242164 0.000732513896985437 0.00165795663548597 0.0022657714187976 0.00144765309257398 0.00145393045118497 0.000677273761107309 0.00105268064437464 0.000630565555057032 0.000672689418034248 0.00245113288190439 0.000134437101242766 0.000417331573882997 0.000337085762960437 0.000630410838033191 0.000255721045521151 0.000245900583467367 0.00201738005741042 0.000911617098985246 0.00153143961174152 0.000844710498843793 0.00103698592803314 0.00359829358038979 0.00130398108724344 0.00130230999258481 0.00140415305807129 0.00105550213656665 0.00228173778934064 0.000160098122269141 1.39654936278404e-05 0.00131408602426014 -0.000255480066799391 0.000523081725655529 -0.000573045403519875 0.000207598943176708
"ISNSL" 0.00327243072847523 0.00711994306143762 0.00417162054893893 0.00511979116360891 0.003189945675386 0.00206972540866202 0.00177803239461134 0.00153810638695292 0.00178000823184028 0.0013879707602312 0.00102280433230641 0.00191014950039337 0.000542353805512952 0.00102240912356963 0.00414317776852356 9.90382880016794e-05 0.000460176247904073 0.00110984177129579 0.000872574300447632 -0.00104509701492503 0.00189807096472651 0.00297006337243314 0.00208860506047759 0.00226073387807228 0.00273688087006545 0.00315025685099625 0.00383121584533698 0.00279241959744551 0.00215239746789771 0.00176782869455441 0.00122434308218514 0.00507514852477924 0.00137883550790719 0.000264767870802847 0.00290932257889194 0.000184884096433536 0.00121812396668375 -0.00174245502081134 0.00137265881310034
"ISPNS" 0.00266965500572809 0.00417162054893893 0.0046996041277543 0.00453216214824762 0.00348067270757287 0.00202865595829788 0.00421620649346911 0.00148072653918455 0.00209510740164293 0.00103391023973384 0.000995101523330736 0.00212491743858615 0.000483967236030067 0.00099561929857477 0.00280738574989122 0.000436181193310003 0.0011846616076286 0.00207248154232169 0.00194470518462084 0.00123105872057813 0.00283828964506545 0.00316973806286379 0.00307317628620721 0.00229488241221268 0.00295901736024525 0.00225989481891816 0.00504011109562067 0.000624205605006935 0.002540708716724 0.00159747217953198 0.0014248264725575 0.00445631255321287 0.00174436438450423 0.000772002363402954 0.00245154368644614 0.000837045658487804 0.00169477019761323 -0.0014619232613824 0.000237372726624905
"PMZS" 0.00257023096465221 0.00511979116360891 0.00453216214824762 0.00700817919024316 0.00447419256966887 0.00254607370677012 0.00667936987081485 0.00274388192331686 0.00245964190668997 0.00151504182048126 0.00131933397355372 0.00242382072468601 0.000301782734692011 0.00087511032843144 0.00473123524741821 -9.6492491540331e-05 0.00095273004308329 0.00230212005198047 0.00225215500734555 0.00167360710195971 0.00278736234762897 0.00430824946209633 0.0037192040939505 0.0026591359661248 0.0044902002722424 0.00311979184207085 0.00544510954639439 0.00379048177373851 0.0032477670301106 0.00255120192943958 0.00150510027998733 0.00521846256272968 0.00215924099462706 0.000285690143051514 0.00355227227755558 0.000867408488707829 0.00215561391672303 -0.00191203888393839 0.00130337669233083
"PMZI" 0.00183262907242164 0.003189945675386 0.00348067270757287 0.00447419256966887 0.00430653789339476 0.00200124061418748 0.00418062605276913 0.00193879315361297 0.00265571001721665 0.000963309583120021 0.00112221655144657 0.00202966805745397 0.000175691277657597 0.0010520767479273 0.00299970028647706 0.000375328519962013 0.000938346398832079 0.00167986697685585 0.00173697111636299 -0.000582854309989408 0.00256944781496286 0.00322540000510319 0.00341525618963636 0.00216666287277063 0.00213239190987729 0.00120361045761214 0.0042294046696511 0.00188837084600087 0.0023639830655816 0.00145119943673594 0.00111497416178913 0.00301505152590979 0.00198725647606216 0.000660687633715793 0.00228205411415048 0.00123903084892839 0.00129327880647778 -0.00124947073144409 0.000333253191099513
"PMMT" 0.000732513896985437 0.00206972540866202 0.00202865595829788 0.00254607370677012 0.00200124061418748 0.00188790834566755 0.00236010439365616 0.00100209648418195 0.00126817319370459 0.000405585776880636 0.000666137817160618 0.00117033626910458 9.59254526662541e-05 0.000678322729134209 0.00174970810556471 0.00040791200661016 0.000652381143629352 0.00115973571473039 0.00127722775957158 0.00301259752753239 0.00117534247672042 0.00129345203096906 0.0018023688656455 0.00160878865157045 0.00149537324268158 0.00110495961207664 0.00136840715144088 0.00121744729599691 0.00144281745120878 0.00109591926627612 0.000751292990664481 0.0021939971370036 0.00123450297591331 0.00047692929472092 0.00170960409140247 0.000838077277309806 0.000847892651567645 -0.000666078622749844 0.000551042491377954
"NSLNA" 0.00165795663548597 0.00177803239461134 0.00421620649346911 0.00667936987081485 0.00418062605276913 0.00236010439365616 0.0178304497873614 0.00369010953934784 0.00295833622857446 -0.000894431358546278 0.0022111181934701 0.00381583997031918 0.000460900648521203 0.000689158556217495 0.00224405692417698 -0.000386591893264754 0.00110691059063167 0.00277215289124085 0.00258777304002703 0.0101436040788434 0.00567290939164456 0.00452461513509922 0.00495003772768623 0.0011796622744725 0.00326870756690632 0.000781568116196975 0.00502530837921047 0.00189932663099832 0.00326357084445713 0.00153628818182689 0.00149533251048092 0.00468208654210112 0.00199068347646483 0.0018021317247403 0.00361315543394536 0.00154706519657453 0.00243307090372232 -0.0017280609215326 0.00168053314393614
"NSLZS" 0.0022657714187976 0.00153810638695292 0.00148072653918455 0.00274388192331686 0.00193879315361297 0.00100209648418195 0.00369010953934784 0.00502409024022139 0.00235914372460287 0.00128884387748927 0.00124539805351 0.000877558858822895 0.000676422173792497 0.000738676907270665 0.00270745785949771 -0.000653392483699437 -0.000155410646624373 0.00012237485164759 0.00026217641014588 -0.00211338266770217 -0.00030712741720695 0.00184808495931886 0.000643920916133421 0.000669356957898122 0.00058612782002262 0.000689219241177896 0.00247435741931438 0.00218547745718931 0.00129985599374475 0.00127795338840905 0.000620959457659267 0.00153636939256045 0.00023699998342006 5.49125359180788e-05 0.00128082458746049 0.000635454115738759 0.000576189473949564 -0.000204392481524241 0.000102927232952515
"NSLZI" 0.00144765309257398 0.00178000823184028 0.00209510740164293 0.00245964190668997 0.00265571001721665 0.00126817319370459 0.00295833622857446 0.00235914372460287 0.00251781382873263 0.000881387973024655 0.000996550478356 0.00141635010784884 0.00048839654161054 0.000842560529293822 0.00201152133472119 2.93127556730794e-06 0.000512502189621068 0.000936985546877436 0.000941561663772162 -0.00150893083079168 0.00158703036164784 0.00208173035887158 0.00267257540683897 0.00100465102861686 0.000917114154910326 0.000856955947585049 0.00263934503404183 0.00123649277439981 0.00168690394867975 0.000664842773195478 0.000800031594139181 0.00159874001234578 0.00125523695479525 0.000651691640283864 0.00108590901462414 0.00107241286185737 0.000810375655804847 -0.000388927873374127 -5.02163246127528e-05
"NABR" 0.00145393045118497 0.0013879707602312 0.00103391023973384 0.00151504182048126 0.000963309583120021 0.000405585776880636 -0.000894431358546278 0.00128884387748927 0.000881387973024655 0.00247878672977837 0.000186891233499346 0.000271680183169644 0.000867861497996385 0.00041679592981402 0.00197953317621683 -1.26260475190295e-06 0.000344740741169995 0.000954105888923244 0.000676859361360689 -0.00505371702482556 0.000132468265601545 0.00150878059980802 0.000989798112026152 0.000485395190427441 0.000682708507511094 0.00205327023070213 0.00186046261346484 0.00182426861764961 0.000839603012409395 0.000685424939163698 0.0005185484326265 0.00181739249561073 0.000524091316861911 -6.26304485618454e-05 -9.15772331949831e-05 8.5566998265817e-05 0.000982918082209562 0.000589185281769316 0.000283056085208122
"NAFM" 0.000677273761107309 0.00102280433230641 0.000995101523330736 0.00131933397355372 0.00112221655144657 0.000666137817160618 0.0022111181934701 0.00124539805351 0.000996550478356 0.000186891233499346 0.00125132774024593 0.000911246265310948 0.000327815514184233 0.000674140788095773 0.00115767274077541 0.000482263830511498 0.000367098525497266 0.000524675411121023 0.000779162303559037 -7.14280336734236e-05 0.00139680688372975 0.00101440759396214 0.000890483768895667 0.000319523149751367 0.000377709594564187 0.00113507110174861 0.00132050845851152 0.00112507419596957 0.000824507169395151 0.00054381658276634 0.000458212470446139 0.00178130660868598 0.000910597284254845 0.000378715195252227 0.0014361492013429 0.000393242317242087 0.000352666176603802 -0.00074037835822566 0.00021328232609965
"NAPNS" 0.00105268064437464 0.00191014950039337 0.00212491743858615 0.00242382072468601 0.00202966805745397 0.00117033626910458 0.00381583997031918 0.000877558858822895 0.00141635010784884 0.000271680183169644 0.000911246265310948 0.00245637300625367 0.000542661442065917 0.000823469386883508 0.00126411519701272 0.000698089018898766 0.000978889314113841 0.00162934661229363 0.000922912377667081 0.000634564329264616 0.00173537820377122 0.00193920444551795 0.00219576862032729 0.000444010150335053 0.00136929879731238 0.00168394006767415 0.00198747784014613 0.000297049415780112 0.00170987424105764 0.000886404833872939 0.000754843907036947 0.00219696351411632 0.00103438592027844 0.000607831593146882 0.00130138624799606 0.000611472141775326 0.00117206857778286 -0.000655653086241166 0.000199136222901246
"BRPT" 0.000630565555057032 0.000542353805512952 0.000483967236030067 0.000301782734692011 0.000175691277657597 9.59254526662541e-05 0.000460900648521203 0.000676422173792497 0.00048839654161054 0.000867861497996385 0.000327815514184233 0.000542661442065917 0.00113820847400819 0.000583579818573584 0.000301971896898518 -9.4945167073653e-05 0.000121200564352459 0.000572310253375025 -0.000352584628214103 -0.00312036031834361 0.00026627877897596 0.000484051471853375 0.000433958964949043 -0.000474486161103597 -0.000145939872638964 0.000535307925747125 0.000578944113300456 0.000414079017605784 0.000154455452397004 -5.08760699681222e-05 0.000186916417831593 0.000892807602954646 -0.000140341111222544 0.000596498095608638 2.99754533909381e-05 0.00039310729332912 0.000586934350978318 0.000297337008704015 0.000337017259120555
"BRAPET" 0.000672689418034248 0.00102240912356963 0.00099561929857477 0.00087511032843144 0.0010520767479273 0.000678322729134209 0.000689158556217495 0.000738676907270665 0.000842560529293822 0.00041679592981402 0.000674140788095773 0.000823469386883508 0.000583579818573584 0.00119698522365769 0.00115281842589734 0.000959846498204656 0.000626149102042601 0.000928776939693745 0.000621321888794445 0.000427814335983055 0.000678434751324285 0.000827641088437954 0.000735102585224556 0.000728633172827352 0.000669945266001383 0.000786631184644908 0.00084910992515118 0.000760727662720699 0.000531075567410529 0.000326040180858987 0.000530491778561314 0.00107614210950677 0.000685706289386894 0.000584012890566907 0.00148787302524544 0.000905304414609909 0.000437985209062883 -3.96652510195492e-05 -0.000240182117054705
"PTFM" 0.00245113288190439 0.00414317776852356 0.00280738574989122 0.00473123524741821 0.00299970028647706 0.00174970810556471 0.00224405692417698 0.00270745785949771 0.00201152133472119 0.00197953317621683 0.00115767274077541 0.00126411519701272 0.000301971896898518 0.00115281842589734 0.0103533820309365 0.000960154720985833 0.000937780980874612 -0.00017633794713216 0.00185608642680355 0.0130238570039285 0.000458973966094778 0.00383777612950114 0.00219229299417748 0.00248317133142122 0.00438166016648653 0.00464359452889227 0.0049181927095545 0.00619551387183722 0.00332708043058374 0.00253294948002301 0.0016631987747785 0.0042515197536703 0.00194069144684959 -0.000759794019733144 0.00406153739184859 0.000156674318643934 -0.000255774160872226 -0.00150581729252154 0.000241444995634767
"PTAPET" 0.000134437101242766 9.90382880016794e-05 0.000436181193310003 -9.6492491540331e-05 0.000375328519962013 0.00040791200661016 -0.000386591893264754 -0.000653392483699437 2.93127556730794e-06 -1.26260475190295e-06 0.000482263830511498 0.000698089018898766 -9.4945167073653e-05 0.000959846498204656 0.000960154720985833 0.00390757678649629 0.00188916521849137 0.00155113682798618 0.00232221679236577 0.0138700900265663 0.000379856798045253 0.000666084664416371 0.000472663024912503 0.000719467830214171 0.000751735339828954 0.00098810776920546 0.000690643477814086 0.00061460361359666 1.3927321790821e-05 -9.09927575826737e-05 0.000428097670808312 0.000576127060667075 0.0010909036202346 0.000303149139552505 0.00150676202893057 0.000108722721312938 0.000355015104773723 -0.000400309203405538 -0.000673585641847209
"PTBA" 0.000417331573882997 0.000460176247904073 0.0011846616076286 0.00095273004308329 0.000938346398832079 0.000652381143629352 0.00110691059063167 -0.000155410646624373 0.000512502189621068 0.000344740741169995 0.000367098525497266 0.000978889314113841 0.000121200564352459 0.000626149102042601 0.000937780980874612 0.00188916521849137 0.00168621432409063 0.00180626809045668 0.00197628835721225 0.00666585851111355 0.000817640634686175 0.00119565171331713 0.00135752993901923 0.000962408850228997 0.00142646781779639 0.00120711625478631 0.00142325368049713 0.000457835510979548 0.00147033206581932 0.000582306022201314 0.000854339982526569 0.00137806225280811 0.0013870130128574 0.000380010941674506 0.00106699401247955 0.000627590700736874 0.00102038463504059 -0.000602821868319176 -0.000632528035325373
"PTEAM" 0.000337085762960437 0.00110984177129579 0.00207248154232169 0.00230212005198047 0.00167986697685585 0.00115973571473039 0.00277215289124085 0.00012237485164759 0.000936985546877436 0.000954105888923244 0.000524675411121023 0.00162934661229363 0.000572310253375025 0.000928776939693745 -0.00017633794713216 0.00155113682798618 0.00180626809045668 0.00419535968399727 0.00259427654762158 0.00360746032194164 0.00205401143683039 0.00211816208485771 0.00244616323075409 0.00123142683583453 0.0020790810562895 0.00144476165037179 0.00229360085096521 0.000836367671258074 0.00140065920944255 0.000903079121012634 0.000832928038988617 0.00343375534026299 0.00159906247029206 0.000759923277000031 0.00158653991780089 0.00106453607031832 0.00265279327304818 -9.55899985012341e-05 0.000215835476394071
"PTZYGO" 0.000630410838033191 0.000872574300447632 0.00194470518462084 0.00225215500734555 0.00173697111636299 0.00127722775957158 0.00258777304002703 0.00026217641014588 0.000941561663772162 0.000676859361360689 0.000779162303559037 0.000922912377667081 -0.000352584628214103 0.000621321888794445 0.00185608642680355 0.00232221679236577 0.00197628835721225 0.00259427654762158 0.00437656823561116 0.0114071153423556 0.00169644499880298 0.00221721702543853 0.0022952860315919 0.00226188238449222 0.00276579054824644 0.00236742220029922 0.00295183865892512 0.00174886308377828 0.00164679780029566 0.00142307897505461 0.00105810671613585 0.00254464691441988 0.00305259270800621 0.0002001298540236 0.00175635759824658 0.00105712162280803 0.00142444770852105 -0.000805424955444478 -0.000752611129935523
"PTTSP" 0.000255721045521151 -0.00104509701492503 0.00123105872057813 0.00167360710195971 -0.000582854309989408 0.00301259752753239 0.0101436040788434 -0.00211338266770217 -0.00150893083079168 -0.00505371702482556 -7.14280336734236e-05 0.000634564329264616 -0.00312036031834361 0.000427814335983055 0.0130238570039285 0.0138700900265663 0.00666585851111355 0.00360746032194164 0.0114071153423556 0.217716894046792 -0.00319486172996234 0.00287587805527214 0.00180829504032802 0.00517588258985758 0.00739592647273228 -0.00996412926114639 0.00572540787007758 0.00612259724693138 0.00153302242467752 0.00265762064809192 -0.00125274040159222 0.00147898647294629 -0.00234172521594165 -0.000371715880090059 0.0123819319721856 0.000199251638537818 -0.00191621862159638 -0.000531730174347954 0.000811622951197323
"FMZS" 0.000245900583467367 0.00189807096472651 0.00283828964506545 0.00278736234762897 0.00256944781496286 0.00117534247672042 0.00567290939164456 -0.00030712741720695 0.00158703036164784 0.000132468265601545 0.00139680688372975 0.00173537820377122 0.00026627877897596 0.000678434751324285 0.000458973966094778 0.000379856798045253 0.000817640634686175 0.00205401143683039 0.00169644499880298 -0.00319486172996234 0.00677542503857711 0.00319575383195384 0.00342816606579956 0.00146530965176358 0.00151250643701008 0.00110648229794166 0.00280912899425677 0.000641954196126227 0.00153037576585177 0.000411986864478354 0.00096668966995124 0.00401311999247027 0.00192987001501017 0.00153504275659229 0.0018900001903798 0.000944239894684977 0.00141748576497687 -0.00113391421389397 0.000309150169188426
"FMMT" 0.00201738005741042 0.00297006337243314 0.00316973806286379 0.00430824946209633 0.00322540000510319 0.00129345203096906 0.00452461513509922 0.00184808495931886 0.00208173035887158 0.00150878059980802 0.00101440759396214 0.00193920444551795 0.000484051471853375 0.000827641088437954 0.00383777612950114 0.000666084664416371 0.00119565171331713 0.00211816208485771 0.00221721702543853 0.00287587805527214 0.00319575383195384 0.00467233475049721 0.00312329831877313 0.00247698270874163 0.00318422454179993 0.00227835401240652 0.00532666602788669 0.00282023799540031 0.00241148391564931 0.00232704551226196 0.00127620985247458 0.00382751230907447 0.00170940898153226 0.000388589407917292 0.00167714708725921 0.00103951360599027 0.00162848501046793 -0.00111862625107805 -0.000250689291377327
"ZSZI" 0.000911617098985246 0.00208860506047759 0.00307317628620721 0.0037192040939505 0.00341525618963636 0.0018023688656455 0.00495003772768623 0.000643920916133421 0.00267257540683897 0.000989798112026152 0.000890483768895667 0.00219576862032729 0.000433958964949043 0.000735102585224556 0.00219229299417748 0.000472663024912503 0.00135752993901923 0.00244616323075409 0.0022952860315919 0.00180829504032802 0.00342816606579956 0.00312329831877313 0.00550782177304203 0.00129822207102137 0.00269360664784887 0.00209285468586698 0.00360900294520457 0.00161855257234879 0.00271880182357824 0.000956687579306274 0.00121375411540799 0.00264136066504316 0.00229650215595721 0.00109185519156028 0.00127920007280546 0.00148914845756879 0.00180564468078246 -0.0006154674889504 0.000190667023546423
"ZIMT" 0.00153143961174152 0.00226073387807228 0.00229488241221268 0.0026591359661248 0.00216666287277063 0.00160878865157045 0.0011796622744725 0.000669356957898122 0.00100465102861686 0.000485395190427441 0.000319523149751367 0.000444010150335053 -0.000474486161103597 0.000728633172827352 0.00248317133142122 0.000719467830214171 0.000962408850228997 0.00123142683583453 0.00226188238449222 0.00517588258985758 0.00146530965176358 0.00247698270874163 0.00129822207102137 0.00609542318173024 0.00249563163272932 0.00109564422491041 0.00267407008843192 0.00230782689832975 0.00139376453498294 0.00177817117205048 0.00136800875877814 0.00318440127556502 0.00160921910552612 7.27382114159224e-05 0.00195007051540851 0.00106690955824522 0.000683497041935271 -0.00150228978543934 -0.000828714701431047
"ZIZYGO" 0.000844710498843793 0.00273688087006545 0.00295901736024525 0.0044902002722424 0.00213239190987729 0.00149537324268158 0.00326870756690632 0.00058612782002262 0.000917114154910326 0.000682708507511094 0.000377709594564187 0.00136929879731238 -0.000145939872638964 0.000669945266001383 0.00438166016648653 0.000751735339828954 0.00142646781779639 0.0020790810562895 0.00276579054824644 0.00739592647273228 0.00151250643701008 0.00318422454179993 0.00269360664784887 0.00249563163272932 0.00795126637163839 0.00403941096552041 0.0036896928134071 0.00322838910537906 0.0031084502275768 0.00265746544769089 0.00157759441056665 0.00155106236228033 0.0024284594237634 -0.000553309748652383 0.00370658801013662 0.000808992117934139 0.00150010632663072 -0.001158125363805 -0.000391129814631251
"ZITSP" 0.00103698592803314 0.00315025685099625 0.00225989481891816 0.00311979184207085 0.00120361045761214 0.00110495961207664 0.000781568116196975 0.000689219241177896 0.000856955947585049 0.00205327023070213 0.00113507110174861 0.00168394006767415 0.000535307925747125 0.000786631184644908 0.00464359452889227 0.00098810776920546 0.00120711625478631 0.00144476165037179 0.00236742220029922 -0.00996412926114639 0.00110648229794166 0.00227835401240652 0.00209285468586698 0.00109564422491041 0.00403941096552041 0.011634451515306 0.00289779957041334 0.00272624591567947 0.00257816443060995 0.00181849740554126 0.00162505742525428 0.00455962417364684 0.00338764950732989 -0.000921822103611296 0.000726286185502397 -0.000166475862055263 0.000882111746294827 0.000464397074985611 -8.72344997318208e-05
"MTPNS" 0.00359829358038979 0.00383121584533698 0.00504011109562067 0.00544510954639439 0.0042294046696511 0.00136840715144088 0.00502530837921047 0.00247435741931438 0.00263934503404183 0.00186046261346484 0.00132050845851152 0.00198747784014613 0.000578944113300456 0.00084910992515118 0.0049181927095545 0.000690643477814086 0.00142325368049713 0.00229360085096521 0.00295183865892512 0.00572540787007758 0.00280912899425677 0.00532666602788669 0.00360900294520457 0.00267407008843192 0.0036896928134071 0.00289779957041334 0.00954386479744057 0.00209367350308457 0.00289817215676744 0.00257039712440375 0.00146233704632675 0.00544913049921888 0.00201600161602146 0.000181065567139717 0.00210112213108331 0.000790093836300321 0.00174912740573181 -0.00184696973423761 -0.00022855605482336
"PNSAPET" 0.00130398108724344 0.00279241959744551 0.000624205605006935 0.00379048177373851 0.00188837084600087 0.00121744729599691 0.00189932663099832 0.00218547745718931 0.00123649277439981 0.00182426861764961 0.00112507419596957 0.000297049415780112 0.000414079017605784 0.000760727662720699 0.00619551387183722 0.00061460361359666 0.000457835510979548 0.000836367671258074 0.00174886308377828 0.00612259724693138 0.000641954196126227 0.00282023799540031 0.00161855257234879 0.00230782689832975 0.00322838910537906 0.00272624591567947 0.00209367350308457 0.00961227513190208 0.00114220984347036 0.00183617172463951 0.00102375506161249 0.00345274161729221 0.00170179912325174 -4.63355064432811e-05 0.00401824551980422 0.000123784912522544 0.000546246411800977 -0.00107786338987559 0.00137185518544784
"APETBA" 0.00130230999258481 0.00215239746789771 0.002540708716724 0.0032477670301106 0.0023639830655816 0.00144281745120878 0.00326357084445713 0.00129985599374475 0.00168690394867975 0.000839603012409395 0.000824507169395151 0.00170987424105764 0.000154455452397004 0.000531075567410529 0.00332708043058374 1.3927321790821e-05 0.00147033206581932 0.00140065920944255 0.00164679780029566 0.00153302242467752 0.00153037576585177 0.00241148391564931 0.00271880182357824 0.00139376453498294 0.0031084502275768 0.00257816443060995 0.00289817215676744 0.00114220984347036 0.00436480938783773 0.00208009818480351 0.00167209675584684 0.00275473152133377 0.0021881945248479 7.12221895812325e-05 0.00141721503563238 0.000875616830953508 0.00125345814813616 -0.00161900549550046 -0.000413376324105695
"APETTS" 0.00140415305807129 0.00176782869455441 0.00159747217953198 0.00255120192943958 0.00145119943673594 0.00109591926627612 0.00153628818182689 0.00127795338840905 0.000664842773195478 0.000685424939163698 0.00054381658276634 0.000886404833872939 -5.08760699681222e-05 0.000326040180858987 0.00253294948002301 -9.09927575826737e-05 0.000582306022201314 0.000903079121012634 0.00142307897505461 0.00265762064809192 0.000411986864478354 0.00232704551226196 0.000956687579306274 0.00177817117205048 0.00265746544769089 0.00181849740554126 0.00257039712440375 0.00183617172463951 0.00208009818480351 0.0055841132641213 0.000922155212337504 0.00165882216703623 0.000508740747389373 -0.000284778215520239 0.000869139806506227 0.000973410447614466 0.000806143935831081 -0.000752076396331362 -0.000629907198251551
"BAEAM" 0.00105550213656665 0.00122434308218514 0.0014248264725575 0.00150510027998733 0.00111497416178913 0.000751292990664481 0.00149533251048092 0.000620959457659267 0.000800031594139181 0.0005185484326265 0.000458212470446139 0.000754843907036947 0.000186916417831593 0.000530491778561314 0.0016631987747785 0.000428097670808312 0.000854339982526569 0.000832928038988617 0.00105810671613585 -0.00125274040159222 0.00096668966995124 0.00127620985247458 0.00121375411540799 0.00136800875877814 0.00157759441056665 0.00162505742525428 0.00146233704632675 0.00102375506161249 0.00167209675584684 0.000922155212337504 0.00141480969860698 0.00158359363278479 0.00137564419686846 0.000162380335860533 0.00140576620383323 0.000390480689503917 0.000707632553960643 -0.000982163972308901 -0.000332868618939385
"EAMZYGO" 0.00228173778934064 0.00507514852477924 0.00445631255321287 0.00521846256272968 0.00301505152590979 0.0021939971370036 0.00468208654210112 0.00153636939256045 0.00159874001234578 0.00181739249561073 0.00178130660868598 0.00219696351411632 0.000892807602954646 0.00107614210950677 0.0042515197536703 0.000576127060667075 0.00137806225280811 0.00343375534026299 0.00254464691441988 0.00147898647294629 0.00401311999247027 0.00382751230907447 0.00264136066504316 0.00318440127556502 0.00155106236228033 0.00455962417364684 0.00544913049921888 0.00345274161729221 0.00275473152133377 0.00165882216703623 0.00158359363278479 0.0110307984920928 0.00237538891964418 0.000699470248949983 0.00373533639042927 -0.000114211401210493 0.00229700635338622 -0.00235650120451905 0.00157951197180954
"ZYGOTSP" 0.000160098122269141 0.00137883550790719 0.00174436438450423 0.00215924099462706 0.00198725647606216 0.00123450297591331 0.00199068347646483 0.00023699998342006 0.00125523695479525 0.000524091316861911 0.000910597284254845 0.00103438592027844 -0.000140341111222544 0.000685706289386894 0.00194069144684959 0.0010909036202346 0.0013870130128574 0.00159906247029206 0.00305259270800621 -0.00234172521594165 0.00192987001501017 0.00170940898153226 0.00229650215595721 0.00160921910552612 0.0024284594237634 0.00338764950732989 0.00201600161602146 0.00170179912325174 0.0021881945248479 0.000508740747389373 0.00137564419686846 0.00237538891964418 0.0048331494429605 0.000161220829274032 0.0018658434736328 0.000970756881585885 0.000955943352367017 -0.00150265418769718 -0.000839943706840518
"LDAS" 1.39654936278404e-05 0.000264767870802847 0.000772002363402954 0.000285690143051514 0.000660687633715793 0.00047692929472092 0.0018021317247403 5.49125359180788e-05 0.000651691640283864 -6.26304485618454e-05 0.000378715195252227 0.000607831593146882 0.000596498095608638 0.000584012890566907 -0.000759794019733144 0.000303149139552505 0.000380010941674506 0.000759923277000031 0.0002001298540236 -0.000371715880090059 0.00153504275659229 0.000388589407917292 0.00109185519156028 7.27382114159224e-05 -0.000553309748652383 -0.000921822103611296 0.000181065567139717 -4.63355064432811e-05 7.12221895812325e-05 -0.000284778215520239 0.000162380335860533 0.000699470248949983 0.000161220829274032 0.00228463465084806 -2.4643764057445e-05 0.00160312512523086 0.000517416693782229 -6.19385214191587e-05 0.000395292276203745
"BRLD" 0.00131408602426014 0.00290932257889194 0.00245154368644614 0.00355227227755558 0.00228205411415048 0.00170960409140247 0.00361315543394536 0.00128082458746049 0.00108590901462414 -9.15772331949831e-05 0.0014361492013429 0.00130138624799606 2.99754533909381e-05 0.00148787302524544 0.00406153739184859 0.00150676202893057 0.00106699401247955 0.00158653991780089 0.00175635759824658 0.0123819319721856 0.0018900001903798 0.00167714708725921 0.00127920007280546 0.00195007051540851 0.00370658801013662 0.000726286185502397 0.00210112213108331 0.00401824551980422 0.00141721503563238 0.000869139806506227 0.00140576620383323 0.00373533639042927 0.0018658434736328 -2.4643764057445e-05 0.00807673991742686 -0.000324535348140024 0.000818379429427368 -0.00134127877547297 0.000856485677634593
"OPILD" -0.000255480066799391 0.000184884096433536 0.000837045658487804 0.000867408488707829 0.00123903084892839 0.000838077277309806 0.00154706519657453 0.000635454115738759 0.00107241286185737 8.5566998265817e-05 0.000393242317242087 0.000611472141775326 0.00039310729332912 0.000905304414609909 0.000156674318643934 0.000108722721312938 0.000627590700736874 0.00106453607031832 0.00105712162280803 0.000199251638537818 0.000944239894684977 0.00103951360599027 0.00148914845756879 0.00106690955824522 0.000808992117934139 -0.000166475862055263 0.000790093836300321 0.000123784912522544 0.000875616830953508 0.000973410447614466 0.000390480689503917 -0.000114211401210493 0.000970756881585885 0.00160312512523086 -0.000324535348140024 0.00389160340630665 0.000866992377442507 0.000152240701663878 -0.00159144489084915
"PTAS" 0.000523081725655529 0.00121812396668375 0.00169477019761323 0.00215561391672303 0.00129327880647778 0.000847892651567645 0.00243307090372232 0.000576189473949564 0.000810375655804847 0.000982918082209562 0.000352666176603802 0.00117206857778286 0.000586934350978318 0.000437985209062883 -0.000255774160872226 0.000355015104773723 0.00102038463504059 0.00265279327304818 0.00142444770852105 -0.00191621862159638 0.00141748576497687 0.00162848501046793 0.00180564468078246 0.000683497041935271 0.00150010632663072 0.000882111746294827 0.00174912740573181 0.000546246411800977 0.00125345814813616 0.000806143935831081 0.000707632553960643 0.00229700635338622 0.000955943352367017 0.000517416693782229 0.000818379429427368 0.000866992377442507 0.00232527166934922 -0.000227508408280042 0.00032675000518104
"JPAS" -0.000573045403519875 -0.00174245502081134 -0.0014619232613824 -0.00191203888393839 -0.00124947073144409 -0.000666078622749844 -0.0017280609215326 -0.000204392481524241 -0.000388927873374127 0.000589185281769316 -0.00074037835822566 -0.000655653086241166 0.000297337008704015 -3.96652510195492e-05 -0.00150581729252154 -0.000400309203405538 -0.000602821868319176 -9.55899985012341e-05 -0.000805424955444478 -0.000531730174347954 -0.00113391421389397 -0.00111862625107805 -0.0006154674889504 -0.00150228978543934 -0.001158125363805 0.000464397074985611 -0.00184696973423761 -0.00107786338987559 -0.00161900549550046 -0.000752076396331362 -0.000982163972308901 -0.00235650120451905 -0.00150265418769718 -6.19385214191587e-05 -0.00134127877547297 0.000152240701663878 -0.000227508408280042 0.00734531182612531 0.000413272631836714
"BAOPI" 0.000207598943176708 0.00137265881310034 0.000237372726624905 0.00130337669233083 0.000333253191099513 0.000551042491377954 0.00168053314393614 0.000102927232952515 -5.02163246127528e-05 0.000283056085208122 0.00021328232609965 0.000199136222901246 0.000337017259120555 -0.000240182117054705 0.000241444995634767 -0.000673585641847209 -0.000632528035325373 0.000215835476394071 -0.000752611129935523 0.000811622951197323 0.000309150169188426 -0.000250689291377327 0.000190667023546423 -0.000828714701431047 -0.000391129814631251 -8.72344997318208e-05 -0.00022855605482336 0.00137185518544784 -0.000413376324105695 -0.000629907198251551 -0.000332868618939385 0.00157951197180954 -0.000839943706840518 0.000395292276203745 0.000856485677634593 -0.00159144489084915 0.00032675000518104 0.000413272631836714 0.00410987573813044
