"" "ISPM" "ISNSL" "ISPNS" "PMZS" "PMZI" "PMMT" "NSLNA" "NSLZS" "NSLZI" "NABR" "NAFM" "NAPNS" "BRPT" "BRAPET" "PTFM" "PTAPET" "PTBA" "PTEAM" "PTZYGO" "PTTSP" "FMZS" "FMMT" "ZSZI" "ZIMT" "ZIZYGO" "ZITSP" "MTPNS" "PNSAPET" "APETBA" "APETTS" "BAEAM" "EAMZYGO" "ZYGOTSP" "LDAS" "BRLD" "OPILD" "PTAS" "JPAS" "BAOPI"
"ISPM" 0.00505328009959604 0.00522363991665264 0.00425390428928263 0.00348338766087553 0.00270453668237017 0.00186682278980832 0.00100334857710436 0.00160831995878427 0.00144785018612004 0.000475912069356313 0.00112638556081093 0.0020853684522489 0.000563284521577897 0.000916185836224737 0.00245372683999046 0.000347678837730779 0.000889423816888332 0.0014660253343992 0.00122610396922508 0.0036550588204561 -0.000345856575674756 0.00291362526671876 0.00174791646855839 0.00153591060157517 0.00285821000231636 0.000910408152617114 0.00449945147868061 0.00218854112134832 0.00143771777824473 -1.33856393057734e-06 0.00253379803184435 0.00218530546755523 0.00154867383068191 0.000129126165451363 0.00158182071517278 0.000727745571203161 0.000706042470228335 0.00010295301997789 0.000330310422278245
"ISNSL" 0.00522363991665264 0.0118899516443976 0.00594967890521075 0.00689943629234705 0.0047521507548133 0.00238498902470561 0.00199585301023472 0.00119256930047426 0.00170398928297896 0.00136440329676219 0.00159592547243659 0.00186277926625145 0.00112335635791801 0.000929413883366239 0.00369065023855352 0.000257901041647281 0.000499867369036409 0.00153619073804679 0.00247727650441401 0.00680597198946928 0.0031334397955358 0.0049169718630449 0.00171044376620368 0.00223871085851954 0.00579065229140423 0.00290354528315789 0.00800970490395845 0.00553776626336908 0.000340255750852948 0.000816075068575736 0.0029474489629396 0.00308051407831633 0.0029767574590183 0.00015470589811823 0.00183460403822811 0.000359245081741203 4.47965259844989e-05 -0.000396996157936539 0.00116960155019393
"ISPNS" 0.00425390428928263 0.00594967890521075 0.00625183642110726 0.00493693243650305 0.0039390234596556 0.00315455008674013 0.000576415528680082 0.00176750896748272 0.0013915414529551 0.000575228452657486 0.00148844510520946 0.00327095705709958 -0.000239661779323818 0.00121062125115018 0.00572108344740958 0.00162185991689479 0.00157551563382606 0.00243747427686047 0.0026424076366182 0.00759895403858551 0.00021630016955332 0.00405745175459795 0.00225494008240908 0.00281743342120695 0.00491690556707897 0.00188473353164101 0.00585184837929731 0.00199781605987512 0.00242558686611045 0.000740208381085552 0.00361965540294163 0.00354175905685704 0.00246841358147912 0.000892355803998803 0.00252723145424218 0.000967717830188005 0.000436943192347218 -1.2190305799378e-05 0.000550663583796457
"PMZS" 0.00348338766087553 0.00689943629234705 0.00493693243650305 0.00777850814398871 0.00524458625956671 0.0030061707481627 0.00396715236160927 0.00390939318132472 0.00198683101939455 6.47455317379699e-05 0.00163374530471725 0.00212515044625116 -0.000692859765625392 0.000154872028155389 0.00444158608789696 0.000725619903802567 0.000657563385853232 0.00196390267482414 0.0020201962844892 0.00758188459265065 -0.000938475018995097 0.00382864214071515 0.00181192889360625 0.00182635272055669 0.00437938163401612 0.00142397135531527 0.00554995505153871 0.00501621347122484 0.00123749850221714 0.000471333315988458 0.00238838187503069 0.00350570191365279 0.00248644601114198 0.000635897298030091 0.00208514993617273 0.000465520365326205 -0.000277689369239199 0.000762307836356023 0.000169243986524012
"PMZI" 0.00270453668237017 0.0047521507548133 0.0039390234596556 0.00524458625956671 0.00453458327996026 0.00251741460298486 0.00202365114841196 0.0026695624509783 0.00207023558004954 0.000303135680695177 0.00135431484969131 0.00172080331536434 -0.000764155609415337 0.00023423815788953 0.00404785436561386 0.00108742731550199 0.000778978995682655 0.00200846505909914 0.00185114449177346 0.00449878046964378 -0.000770910651647957 0.00263614505396326 0.00240093257571974 0.0010921909946228 0.00228781090421369 0.000793404716228252 0.00433062998728764 0.00310409201215151 0.00100733242518101 0.000591670296617537 0.00205396200463236 0.00254045812289875 0.00198588318262763 0.000639640509156404 0.00198029969872428 9.05055875865294e-05 0.000150274819860877 0.000753427634299405 0.000820394127730657
"PMMT" 0.00186682278980832 0.00238498902470561 0.00315455008674013 0.0030061707481627 0.00251741460298486 0.00246414446198659 0.0006272639388145 0.00172573575301918 0.00096431482613368 7.88011899572703e-05 0.000687548181065251 0.00182713407480094 -0.000639405913796193 0.000388754774405664 0.00329470669860499 0.0011156880053585 0.00102414539906506 0.00182876192339915 0.00137708755390131 0.00622577706458637 -0.000997612412689568 0.00185190606874468 0.00116194327768289 0.00184629052535596 0.00216378942591184 0.000449675968555055 0.0021550778060706 0.00186728202070014 0.00148212816549534 0.000565313108855177 0.00205774086215952 0.00270392374206183 0.00109104182832939 0.000679847204041399 0.00146503728955399 0.00040221264795311 0.000670468971618723 0.000481261043387298 0.000323108363819071
"NSLNA" 0.00100334857710436 0.00199585301023472 0.000576415528680082 0.00396715236160927 0.00202365114841196 0.0006272639388145 0.0162248091559295 0.00251046192910498 0.00185285521323654 -0.00141161101437861 -0.000295987864297169 0.000545051057624663 -0.00088778605751486 -0.000854750619854671 -0.0011001984611296 -0.000553617292431206 0.000112754102545948 0.00245688653141277 0.00239906072963929 0.00684534456407659 0.00290087825469483 0.00191434113176417 0.00306108038854191 0.00109717180812201 0.00182428737545512 0.000806004918536242 0.000396113181327803 0.00156873036566994 -0.000245030651123295 0.00125902510731753 -0.000395756921650884 -0.000792538712973658 0.00329262408961465 -0.000259903610874512 0.00153605852157478 0.000196696527557922 0.000216044749987253 0.000794924728797293 4.2417819520616e-05
"NSLZS" 0.00160831995878427 0.00119256930047426 0.00176750896748272 0.00390939318132472 0.0026695624509783 0.00172573575301918 0.00251046192910498 0.00649463400322261 0.00207788950903707 -0.000948160507774287 0.0019784981609373 0.00178079836905615 -0.000254745523214251 -0.000187882837308037 0.000211389681288634 -0.00073583036817729 -0.000123109770116874 0.000632116355597656 -0.000317264779589821 -0.00656418395967575 -0.00483560696639928 0.000934857651341206 -0.000719040342236012 -0.000850136361285104 0.00105157862842314 -9.89889112523564e-05 0.00185979610879976 0.00266216211165355 0.000571497549699319 -0.000438563475066068 0.000770635588822597 0.00125627745661922 0.000506621803893103 0.000468942023975635 0.00167267122520596 0.00114653894568966 0.000133238254762237 0.00125404820521773 -0.00140587337666274
"NSLZI" 0.00144785018612004 0.00170398928297896 0.0013915414529551 0.00198683101939455 0.00207023558004954 0.00096431482613368 0.00185285521323654 0.00207788950903707 0.00216008916576507 0.000653593788249653 0.00108387588998014 0.00112914777600439 -0.000131279471009151 0.000155897157853173 0.00136002202025491 0.000555354210076675 0.000430893232993492 0.00138678193164922 0.00162941832192291 0.000551347308571567 -0.000545535485929564 0.00100537117830536 0.00230365226849752 0.000309064115430505 0.000240784281886339 0.000562771524815801 0.00226541933612925 0.000861854045385297 0.000229621654699489 -0.000110215867434836 0.000329761931153958 0.000983597775590075 0.00183155413076203 0.000460688701229447 0.0010033411198486 0.000572211443109009 0.000295839415036667 0.000426292053822894 0.000264148253718697
"NABR" 0.000475912069356313 0.00136440329676219 0.000575228452657486 6.47455317379699e-05 0.000303135680695177 7.88011899572703e-05 -0.00141161101437861 -0.000948160507774287 0.000653593788249653 0.0029552176997314 0.000625657866318609 0.00121792196850374 0.00147134889758183 0.00135978699698428 0.00226212140645547 0.00185315189708401 0.000997188759459687 0.00125478412453033 0.00198483441444521 0.00437380991891154 0.00196892716130142 0.00135413226174962 0.00145128667494217 0.00151471567674475 0.000454892213637191 0.00100678282703269 0.00145901554286508 0.000402289435076015 -0.000510625640200727 0.0002696178159003 0.000116825560259476 0.00176861067368399 0.00212783817573095 0.000861977539123534 5.24369079348032e-05 0.000811498679485387 0.000365240300631366 -0.000377268509139522 0.00102310504731815
"NAFM" 0.00112638556081093 0.00159592547243659 0.00148844510520946 0.00163374530471725 0.00135431484969131 0.000687548181065251 -0.000295987864297169 0.0019784981609373 0.00108387588998014 0.000625657866318609 0.00216571946125548 0.00161051525996038 0.00100442263558917 0.000713357233652935 0.000941842699695538 -0.000137733232286417 6.59569881630051e-05 0.000436768955785763 0.000775915962214788 -0.00468415059966011 2.97819451582615e-05 0.00153210320618302 0.000511616184509934 0.0005855966725472 0.00146221495755338 0.00112238118242618 0.00264891646213178 0.00131195438924385 0.000160558418407349 9.63320131542259e-05 0.000805592841555017 0.0017419532207361 0.00147169962577194 0.000465786272743497 0.00161024513078233 0.00097237906356579 0.000290002659505125 0.000256615358769151 0.000270735770158242
"NAPNS" 0.0020853684522489 0.00186277926625145 0.00327095705709958 0.00212515044625116 0.00172080331536434 0.00182713407480094 0.000545051057624663 0.00178079836905615 0.00112914777600439 0.00121792196850374 0.00161051525996038 0.00407292813426859 0.000968002601321995 0.00161547031264945 0.00318327950176039 0.00161473974213233 0.00162210129565377 0.00184909293864186 0.00202753473649838 0.00215492212167736 -0.000119357076220327 0.00305623488546454 0.00185957108148254 0.00179851562953551 0.00210442815602746 0.00111610739138261 0.00265553495509496 0.000633765906649679 0.00178150006067752 0.000913821551457474 0.00236930182402993 0.00340092419667108 0.00230713241256903 0.00148605471575484 0.00151625881645891 0.00197920189921819 0.000637833780992526 -0.000367605557068213 -0.000229586862771909
"BRPT" 0.000563284521577897 0.00112335635791801 -0.000239661779323818 -0.000692859765625392 -0.000764155609415337 -0.000639405913796193 -0.00088778605751486 -0.000254745523214251 -0.000131279471009151 0.00147134889758183 0.00100442263558917 0.000968002601321995 0.00393954742899301 0.00172744663416038 -0.00217327628527546 -0.00131319953606394 -0.000410538665278038 -0.0010623109586597 -0.00179259413697336 -0.0129529576200649 0.0014355839745814 0.000743209789170054 -0.00103517157858933 0.000670893491968699 0.000238560249171052 0.0013313946835488 0.000321066803203434 0.000985052036145029 -0.000893479093667426 0.000642442315458861 9.50523424406073e-05 0.00137938955526075 -0.0002813137518991 2.33461280797356e-05 0.000617873350736882 0.00128397750145879 0.000484028651073084 -0.000674537737528271 0.000516758300592682
"BRAPET" 0.000916185836224737 0.000929413883366239 0.00121062125115018 0.000154872028155389 0.00023423815788953 0.000388754774405664 -0.000854750619854671 -0.000187882837308037 0.000155897157853173 0.00135978699698428 0.000713357233652935 0.00161547031264945 0.00172744663416038 0.00201991730994794 0.00164659196026129 0.0010204918963892 0.000841179266789065 0.000333455739656916 0.000618412154716073 0.000568093293057665 0.00116804444232779 0.00139366736529293 0.000419296747317647 0.00107960522852091 0.00108675045256739 0.000459620898621719 0.000921990522102259 -0.00018219583174762 0.000601208218509738 0.000885125188814659 0.00105994807670867 0.00103459485796235 0.00118407952856882 0.000706053633053671 0.000987334749437137 0.0014702662008134 6.46464969941849e-05 -0.000448968502574259 0.000170178328660175
"PTFM" 0.00245372683999046 0.00369065023855352 0.00572108344740958 0.00444158608789696 0.00404785436561386 0.00329470669860499 -0.0011001984611296 0.000211389681288634 0.00136002202025491 0.00226212140645547 0.000941842699695538 0.00318327950176039 -0.00217327628527546 0.00164659196026129 0.0143279344305938 0.00552173317564514 0.00309848978379489 0.00274047588570341 0.00565523117033821 0.0303986392769269 0.00124997138618283 0.00495379025936357 0.00432254401089899 0.00416059509201894 0.00535322011932587 0.000490306901282173 0.00529896952624492 0.00120988752823963 0.00385343318320325 0.000419584223237893 0.00369329637251066 0.00272125012857208 0.00493097236568331 0.00217414710033892 0.00289084139162565 0.00118730350488195 -0.00150314985697354 0.000566271418201546 0.00103083943989205
"PTAPET" 0.000347678837730779 0.000257901041647281 0.00162185991689479 0.000725619903802567 0.00108742731550199 0.0011156880053585 -0.000553617292431206 -0.00073583036817729 0.000555354210076675 0.00185315189708401 -0.000137733232286417 0.00161473974213233 -0.00131319953606394 0.0010204918963892 0.00552173317564514 0.00487087719719555 0.00263421478590617 0.0028866115955759 0.00438897905374492 0.0180845835595904 0.00134803544422654 0.0020553647691974 0.00246720520981126 0.00218961754325362 0.000657231991467693 -0.000740978693241706 0.00118788607017972 -0.000136961177739055 0.00064402460702529 0.000429516396318009 0.00112440243763478 0.00146956786528637 0.00352174658781183 0.00163491620924863 0.000261804857077904 0.000593561471400911 0.000165016872958252 0.000585088992438787 0.00012814596231122
"PTBA" 0.000889423816888332 0.000499867369036409 0.00157551563382606 0.000657563385853232 0.000778978995682655 0.00102414539906506 0.000112754102545948 -0.000123109770116874 0.000430893232993492 0.000997188759459687 6.59569881630051e-05 0.00162210129565377 -0.000410538665278038 0.000841179266789065 0.00309848978379489 0.00263421478590617 0.0022504290196178 0.00242683057759881 0.00276266930544595 0.00972655727542526 0.000614370874272691 0.00174839742902436 0.00172698969705952 0.00125528509203312 0.00114043545778244 -0.000250658426602519 0.00112551239551232 0.00063065966267038 0.00179510381062234 0.000453982750594403 0.00150885010785718 0.00146803396010768 0.00215512918216675 0.000854736317246123 0.000716977762096433 0.000790439171979626 0.000983813544716195 0.000726264857793283 -0.000220636939681766
"PTEAM" 0.0014660253343992 0.00153619073804679 0.00243747427686047 0.00196390267482414 0.00200846505909914 0.00182876192339915 0.00245688653141277 0.000632116355597656 0.00138678193164922 0.00125478412453033 0.000436768955785763 0.00184909293864186 -0.0010623109586597 0.000333455739656916 0.00274047588570341 0.0028866115955759 0.00242683057759881 0.00519397101039009 0.0049537130240528 0.0117018754695142 0.000649267764461483 0.00201223706982144 0.00317895655997834 0.00186543112739411 0.00129664316428761 0.000657294950802821 0.00223493798479881 0.000640662717474654 0.00138694588931451 0.000857753285576402 0.00148063228477024 0.002830601807881 0.00361821734072683 0.00116556229067565 0.00170256427536638 0.000579611824339388 0.00244627679447109 0.000872370134450239 0.000591290397501487
"PTZYGO" 0.00122610396922508 0.00247727650441401 0.0026424076366182 0.0020201962844892 0.00185114449177346 0.00137708755390131 0.00239906072963929 -0.000317264779589821 0.00162941832192291 0.00198483441444521 0.000775915962214788 0.00202753473649838 -0.00179259413697336 0.000618412154716073 0.00565523117033821 0.00438897905374492 0.00276266930544595 0.0049537130240528 0.00796141203106074 0.0220825432111846 0.00310582073478942 0.00297316836182519 0.00450152884971591 0.00237979776213465 0.00234384674509141 0.00106682278428858 0.00370508903702595 -0.000295017762349948 0.00134061636306502 -0.000120608656562226 0.00117703335169665 0.00203436764853938 0.00658455175342097 0.00192168958301842 0.00175982880889084 0.00094665251983922 0.0011412929195293 0.000810207640624374 0.000732500158151058
"PTTSP" 0.0036550588204561 0.00680597198946928 0.00759895403858551 0.00758188459265065 0.00449878046964378 0.00622577706458637 0.00684534456407659 -0.00656418395967575 0.000551347308571567 0.00437380991891154 -0.00468415059966011 0.00215492212167736 -0.0129529576200649 0.000568093293057665 0.0303986392769269 0.0180845835595904 0.00972655727542526 0.0117018754695142 0.0220825432111846 0.201909509925253 0.00469565396947982 0.00855345845074464 0.0131448246558911 0.0125507967032981 0.0123769755081965 -0.0117922244853609 0.00584450561164381 0.00178378418475033 0.00800763778164908 -0.00117304211899267 0.00898107960292495 -0.00058400750090143 0.0119588660911694 0.00338288908727368 0.00203062669600699 -0.00177632719548561 -0.00175358516834264 0.000164549399898085 0.0017313100582745
"FMZS" -0.000345856575674756 0.0031334397955358 0.00021630016955332 -0.000938475018995097 -0.000770910651647957 -0.000997612412689568 0.00290087825469483 -0.00483560696639928 -0.000545535485929564 0.00196892716130142 2.97819451582615e-05 -0.000119357076220327 0.0014355839745814 0.00116804444232779 0.00124997138618283 0.00134803544422654 0.000614370874272691 0.000649267764461483 0.00310582073478942 0.00469565396947982 0.0105848040415318 0.00261990942435371 0.00211430049299485 0.00231643469493027 0.00257936611950578 0.00289405537474949 0.00194942479947596 -0.000364433456538969 -0.000568917112251758 0.00193781779929697 -0.000112996115169085 0.000217407827025537 0.00347592066623095 -5.71980665149395e-06 -0.00017376762050892 -3.40018728815004e-05 -2.78851054931524e-05 -0.000443167103136925 0.00174061519040422
"FMMT" 0.00291362526671876 0.0049169718630449 0.00405745175459795 0.00382864214071515 0.00263614505396326 0.00185190606874468 0.00191434113176417 0.000934857651341206 0.00100537117830536 0.00135413226174962 0.00153210320618302 0.00305623488546454 0.000743209789170054 0.00139366736529293 0.00495379025936357 0.0020553647691974 0.00174839742902436 0.00201223706982144 0.00297316836182519 0.00855345845074464 0.00261990942435371 0.0052595290845704 0.00247762642637529 0.00331833664389022 0.00424736990159061 0.00171107068202705 0.00506038153418563 0.00306080822961592 0.0017401390139918 0.000932615404438606 0.00303162896256712 0.00342878509017934 0.00323534656522226 0.00113309190494886 0.0019081011535664 0.00150954276206883 0.000341814370250311 0.000102154497607927 3.45571834238319e-05
"ZSZI" 0.00174791646855839 0.00171044376620368 0.00225494008240908 0.00181192889360625 0.00240093257571974 0.00116194327768289 0.00306108038854191 -0.000719040342236012 0.00230365226849752 0.00145128667494217 0.000511616184509934 0.00185957108148254 -0.00103517157858933 0.000419296747317647 0.00432254401089899 0.00246720520981126 0.00172698969705952 0.00317895655997834 0.00450152884971591 0.0131448246558911 0.00211430049299485 0.00247762642637529 0.00660716061960621 0.00127600570156442 0.000184369875012219 0.00109169018357348 0.0030395459857444 -0.000405314808395707 0.00181835774296002 0.00048332670329472 0.00122049650956831 0.00194196089682203 0.00376880248228729 0.00141020438236449 0.00138679312102522 0.00110221890255453 0.000757844181421446 6.57275841203444e-05 0.000973635924036893
"ZIMT" 0.00153591060157517 0.00223871085851954 0.00281743342120695 0.00182635272055669 0.0010921909946228 0.00184629052535596 0.00109717180812201 -0.000850136361285104 0.000309064115430505 0.00151471567674475 0.0005855966725472 0.00179851562953551 0.000670893491968699 0.00107960522852091 0.00416059509201894 0.00218961754325362 0.00125528509203312 0.00186543112739411 0.00237979776213465 0.0125507967032981 0.00231643469493027 0.00331833664389022 0.00127600570156442 0.00711000566308114 0.00349374377885485 0.00136518979773253 0.00223378861649882 0.00169727887472781 -6.26411145382372e-05 0.000317512587972006 0.00167955711309188 0.00404667057247246 0.00213358109126354 0.000249402928315004 0.00181902144353229 0.0001377869742542 0.000668852706219911 -0.000689452733758463 0.00126096412355941
"ZIZYGO" 0.00285821000231636 0.00579065229140423 0.00491690556707897 0.00437938163401612 0.00228781090421369 0.00216378942591184 0.00182428737545512 0.00105157862842314 0.000240784281886339 0.000454892213637191 0.00146221495755338 0.00210442815602746 0.000238560249171052 0.00108675045256739 0.00535322011932587 0.000657231991467693 0.00114043545778244 0.00129664316428761 0.00234384674509141 0.0123769755081965 0.00257936611950578 0.00424736990159061 0.000184369875012219 0.00349374377885485 0.00856725710980966 0.00178597100863736 0.00576106067434737 0.00340873359222668 0.00191011400839998 0.000174347311161155 0.00316992065537623 0.000737523494671918 0.00263969797326107 -0.000103493331925507 0.00229033547749645 0.000877515667522905 -0.000421649316081355 -0.00023786380627233 0.000139851802637783
"ZITSP" 0.000910408152617114 0.00290354528315789 0.00188473353164101 0.00142397135531527 0.000793404716228252 0.000449675968555055 0.000806004918536242 -9.89889112523564e-05 0.000562771524815801 0.00100678282703269 0.00112238118242618 0.00111610739138261 0.0013313946835488 0.000459620898621719 0.000490306901282173 -0.000740978693241706 -0.000250658426602519 0.000657294950802821 0.00106682278428858 -0.0117922244853609 0.00289405537474949 0.00171107068202705 0.00109169018357348 0.00136518979773253 0.00178597100863736 0.00545781791809933 0.0023221129556718 0.000341524991871302 0.00056348020147572 0.000380769212121107 -0.000307107684861521 0.00301944304266331 0.00142235542524557 0.000305547119500742 0.000679248538161722 0.000929481001328115 0.000404113890058942 -0.000597327741121003 0.000566313748652838
"MTPNS" 0.00449945147868061 0.00800970490395845 0.00585184837929731 0.00554995505153871 0.00433062998728764 0.0021550778060706 0.000396113181327803 0.00185979610879976 0.00226541933612925 0.00145901554286508 0.00264891646213178 0.00265553495509496 0.000321066803203434 0.000921990522102259 0.00529896952624492 0.00118788607017972 0.00112551239551232 0.00223493798479881 0.00370508903702595 0.00584450561164381 0.00194942479947596 0.00506038153418563 0.0030395459857444 0.00223378861649882 0.00576106067434737 0.0023221129556718 0.00955711252255368 0.00301476374491637 0.00141141802895662 8.58306244484997e-05 0.00337297615173199 0.00262948349815329 0.0040730757060419 0.000625514198836506 0.00212939100973849 0.000886784405471978 -0.000139582177206992 0.000403668010734816 0.000524372881815943
"PNSAPET" 0.00218854112134832 0.00553776626336908 0.00199781605987512 0.00501621347122484 0.00310409201215151 0.00186728202070014 0.00156873036566994 0.00266216211165355 0.000861854045385297 0.000402289435076015 0.00131195438924385 0.000633765906649679 0.000985052036145029 -0.00018219583174762 0.00120988752823963 -0.000136961177739055 0.00063065966267038 0.000640662717474654 -0.000295017762349948 0.00178378418475033 -0.000364433456538969 0.00306080822961592 -0.000405314808395707 0.00169727887472781 0.00340873359222668 0.000341524991871302 0.00301476374491637 0.00961266439803373 -0.000249952260163645 -2.8117556238777e-05 0.00202199889110725 0.00324972954484246 0.000695859689903748 -0.000494414875925088 0.0011943859563216 -0.000178786312147112 0.00099810652974851 0.00149447135163243 -0.00020540308013677
"APETBA" 0.00143771777824473 0.000340255750852948 0.00242558686611045 0.00123749850221714 0.00100733242518101 0.00148212816549534 -0.000245030651123295 0.000571497549699319 0.000229621654699489 -0.000510625640200727 0.000160558418407349 0.00178150006067752 -0.000893479093667426 0.000601208218509738 0.00385343318320325 0.00064402460702529 0.00179510381062234 0.00138694588931451 0.00134061636306502 0.00800763778164908 -0.000568917112251758 0.0017401390139918 0.00181835774296002 -6.26411145382372e-05 0.00191011400839998 0.00056348020147572 0.00141141802895662 -0.000249952260163645 0.00562996624934547 0.000957404591328967 0.00248148190257018 0.00179935710019451 0.000521094794843344 0.000587634176732481 0.00128166161184064 0.00126827233268144 0.000753322537646347 0.000781166454038825 -0.00119855537495135
"APETTS" -1.33856393057734e-06 0.000816075068575736 0.000740208381085552 0.000471333315988458 0.000591670296617537 0.000565313108855177 0.00125902510731753 -0.000438563475066068 -0.000110215867434836 0.0002696178159003 9.63320131542259e-05 0.000913821551457474 0.000642442315458861 0.000885125188814659 0.000419584223237893 0.000429516396318009 0.000453982750594403 0.000857753285576402 -0.000120608656562226 -0.00117304211899267 0.00193781779929697 0.000932615404438606 0.00048332670329472 0.000317512587972006 0.000174347311161155 0.000380769212121107 8.58306244484997e-05 -2.8117556238777e-05 0.000957404591328967 0.00449643786966414 0.00155901242949272 0.000747729532299616 0.000222823275632313 0.000289030345481629 0.000792424020121899 0.000879949622853264 0.000475029172690304 -0.000301080104899705 -0.000293173651284751
"BAEAM" 0.00253379803184435 0.0029474489629396 0.00361965540294163 0.00238838187503069 0.00205396200463236 0.00205774086215952 -0.000395756921650884 0.000770635588822597 0.000329761931153958 0.000116825560259476 0.000805592841555017 0.00236930182402993 9.50523424406073e-05 0.00105994807670867 0.00369329637251066 0.00112440243763478 0.00150885010785718 0.00148063228477024 0.00117703335169665 0.00898107960292495 -0.000112996115169085 0.00303162896256712 0.00122049650956831 0.00167955711309188 0.00316992065537623 -0.000307107684861521 0.00337297615173199 0.00202199889110725 0.00248148190257018 0.00155901242949272 0.00404897010477378 0.00194676028017574 0.000942985286792182 0.000488772703253133 0.00197006411670595 0.000722948513946117 0.000708258288300894 0.000310169868233127 -0.000202550866013713
"EAMZYGO" 0.00218530546755523 0.00308051407831633 0.00354175905685704 0.00350570191365279 0.00254045812289875 0.00270392374206183 -0.000792538712973658 0.00125627745661922 0.000983597775590075 0.00176861067368399 0.0017419532207361 0.00340092419667108 0.00137938955526075 0.00103459485796235 0.00272125012857208 0.00146956786528637 0.00146803396010768 0.002830601807881 0.00203436764853938 -0.00058400750090143 0.000217407827025537 0.00342878509017934 0.00194196089682203 0.00404667057247246 0.000737523494671918 0.00301944304266331 0.00262948349815329 0.00324972954484246 0.00179935710019451 0.000747729532299616 0.00194676028017574 0.0102806495248968 0.00185327799000936 0.00136070435160683 0.00208743058694461 0.000787606787442468 0.00244930320178406 0.000781700295699796 0.000889706905997144
"ZYGOTSP" 0.00154867383068191 0.0029767574590183 0.00246841358147912 0.00248644601114198 0.00198588318262763 0.00109104182832939 0.00329262408961465 0.000506621803893103 0.00183155413076203 0.00212783817573095 0.00147169962577194 0.00230713241256903 -0.0002813137518991 0.00118407952856882 0.00493097236568331 0.00352174658781183 0.00215512918216675 0.00361821734072683 0.00658455175342097 0.0119588660911694 0.00347592066623095 0.00323534656522226 0.00376880248228729 0.00213358109126354 0.00263969797326107 0.00142235542524557 0.0040730757060419 0.000695859689903748 0.000521094794843344 0.000222823275632313 0.000942985286792182 0.00185327799000936 0.00726061995926987 0.00182584626081758 0.00188679449537056 0.00163114927062931 0.000254924241715792 0.000683987311773578 0.000386291720141042
"LDAS" 0.000129126165451363 0.00015470589811823 0.000892355803998803 0.000635897298030091 0.000639640509156404 0.000679847204041399 -0.000259903610874512 0.000468942023975635 0.000460688701229447 0.000861977539123534 0.000465786272743497 0.00148605471575484 2.33461280797356e-05 0.000706053633053671 0.00217414710033892 0.00163491620924863 0.000854736317246123 0.00116556229067565 0.00192168958301842 0.00338288908727368 -5.71980665149395e-06 0.00113309190494886 0.00141020438236449 0.000249402928315004 -0.000103493331925507 0.000305547119500742 0.000625514198836506 -0.000494414875925088 0.000587634176732481 0.000289030345481629 0.000488772703253133 0.00136070435160683 0.00182584626081758 0.00188679129353875 0.000685708560858033 0.001279751534005 0.000155241160070149 0.000501177787626696 0.000109621054719952
"BRLD" 0.00158182071517278 0.00183460403822811 0.00252723145424218 0.00208514993617273 0.00198029969872428 0.00146503728955399 0.00153605852157478 0.00167267122520596 0.0010033411198486 5.24369079348032e-05 0.00161024513078233 0.00151625881645891 0.000617873350736882 0.000987334749437137 0.00289084139162565 0.000261804857077904 0.000716977762096433 0.00170256427536638 0.00175982880889084 0.00203062669600699 -0.00017376762050892 0.0019081011535664 0.00138679312102522 0.00181902144353229 0.00229033547749645 0.000679248538161722 0.00212939100973849 0.0011943859563216 0.00128166161184064 0.000792424020121899 0.00197006411670595 0.00208743058694461 0.00188679449537056 0.000685708560858033 0.00532597404902748 0.00106220248220585 0.0012096226463922 0.000824753279863227 0.000951757375575879
"OPILD" 0.000727745571203161 0.000359245081741203 0.000967717830188005 0.000465520365326205 9.05055875865294e-05 0.00040221264795311 0.000196696527557922 0.00114653894568966 0.000572211443109009 0.000811498679485387 0.00097237906356579 0.00197920189921819 0.00128397750145879 0.0014702662008134 0.00118730350488195 0.000593561471400911 0.000790439171979626 0.000579611824339388 0.00094665251983922 -0.00177632719548561 -3.40018728815004e-05 0.00150954276206883 0.00110221890255453 0.0001377869742542 0.000877515667522905 0.000929481001328115 0.000886784405471978 -0.000178786312147112 0.00126827233268144 0.000879949622853264 0.000722948513946117 0.000787606787442468 0.00163114927062931 0.001279751534005 0.00106220248220585 0.00308680402724607 0.000200512454823418 -0.000391269269030466 -0.00140174139587576
"PTAS" 0.000706042470228335 4.47965259844989e-05 0.000436943192347218 -0.000277689369239199 0.000150274819860877 0.000670468971618723 0.000216044749987253 0.000133238254762237 0.000295839415036667 0.000365240300631366 0.000290002659505125 0.000637833780992526 0.000484028651073084 6.46464969941849e-05 -0.00150314985697354 0.000165016872958252 0.000983813544716195 0.00244627679447109 0.0011412929195293 -0.00175358516834264 -2.78851054931524e-05 0.000341814370250311 0.000757844181421446 0.000668852706219911 -0.000421649316081355 0.000404113890058942 -0.000139582177206992 0.00099810652974851 0.000753322537646347 0.000475029172690304 0.000708258288300894 0.00244930320178406 0.000254924241715792 0.000155241160070149 0.0012096226463922 0.000200512454823418 0.00305020110192171 0.000766134211007161 0.000506065954524617
"JPAS" 0.00010295301997789 -0.000396996157936539 -1.2190305799378e-05 0.000762307836356023 0.000753427634299405 0.000481261043387298 0.000794924728797293 0.00125404820521773 0.000426292053822894 -0.000377268509139522 0.000256615358769151 -0.000367605557068213 -0.000674537737528271 -0.000448968502574259 0.000566271418201546 0.000585088992438787 0.000726264857793283 0.000872370134450239 0.000810207640624374 0.000164549399898085 -0.000443167103136925 0.000102154497607927 6.57275841203444e-05 -0.000689452733758463 -0.00023786380627233 -0.000597327741121003 0.000403668010734816 0.00149447135163243 0.000781166454038825 -0.000301080104899705 0.000310169868233127 0.000781700295699796 0.000683987311773578 0.000501177787626696 0.000824753279863227 -0.000391269269030466 0.000766134211007161 0.00578375194297014 0.000277439700190841
"BAOPI" 0.000330310422278245 0.00116960155019393 0.000550663583796457 0.000169243986524012 0.000820394127730657 0.000323108363819071 4.2417819520616e-05 -0.00140587337666274 0.000264148253718697 0.00102310504731815 0.000270735770158242 -0.000229586862771909 0.000516758300592682 0.000170178328660175 0.00103083943989205 0.00012814596231122 -0.000220636939681766 0.000591290397501487 0.000732500158151058 0.0017313100582745 0.00174061519040422 3.45571834238319e-05 0.000973635924036893 0.00126096412355941 0.000139851802637783 0.000566313748652838 0.000524372881815943 -0.00020540308013677 -0.00119855537495135 -0.000293173651284751 -0.000202550866013713 0.000889706905997144 0.000386291720141042 0.000109621054719952 0.000951757375575879 -0.00140174139587576 0.000506065954524617 0.000277439700190841 0.00389349243533805
