"" "ISPM" "ISNSL" "ISPNS" "PMZS" "PMZI" "PMMT" "NSLNA" "NSLZS" "NSLZI" "NABR" "NAFM" "NAPNS" "BRPT" "BRAPET" "PTFM" "PTAPET" "PTBA" "PTEAM" "PTZYGO" "PTTSP" "FMZS" "FMMT" "ZSZI" "ZIMT" "ZIZYGO" "ZITSP" "MTPNS" "PNSAPET" "APETBA" "APETTS" "BAEAM" "EAMZYGO" "ZYGOTSP" "LDAS" "BRLD" "OPILD" "PTAS" "JPAS" "BAOPI"
"ISPM" 0.00705420794129177 0.00408604907306051 0.00291772450730887 0.00271478367648734 0.0017187565511077 0.00145128680591339 0.00126118026364494 0.00250490735781181 0.00207581354317127 0.00123003488658641 0.00156433151888876 0.00115052546677554 0.000503405754503306 0.000598891966676219 0.00222138908290064 0.000109062023172084 0.000998414170237657 0.00122656613243779 0.00193072920936289 0.00323976040015097 0.000206110933545268 0.00239543022268071 0.00233003529146149 0.00176490620972986 0.00259059295819804 0.00212273073205522 0.00297286648728856 0.00212671477197707 0.0026691744010577 0.00012521172167562 0.00184415779508356 0.000102926906769496 0.00145458048488488 0.00133274151113253 0.00105463603688991 0.00238381132020142 0.00158199725760104 0.00140430262532473 -0.000789131313243946
"ISNSL" 0.00408604907306051 0.00708189266265162 0.00347849018235543 0.00429108360911721 0.0032302754586576 0.0020633973114144 0.00118900798173342 0.00191150669428598 0.00215160087782807 0.00118543784444611 0.00135164086042587 0.00147292407171924 0.00113229062358802 0.000697489346211608 0.00211706688567285 -0.000281855348549505 0.00056888617665121 0.00122941677500122 0.00163130953040094 7.77043365325502e-05 0.000913135024931864 0.00241688647636561 0.00258072448100676 0.00116596223028109 0.0023921344783313 0.00178877729656784 0.0034212985214464 0.00254347112940924 0.00233079429418547 0.000853721210623322 0.00173493345938609 0.00131684907401128 0.00161889929571363 0.00119555978151286 0.000487601490426547 0.000980640282341855 0.00149797704899477 0.0015061525703627 -0.000357260272778247
"ISPNS" 0.00291772450730887 0.00347849018235543 0.00376628692750949 0.00303099623089383 0.00256339919311882 0.00186176228085481 0.0017764678207374 0.0017052834181186 0.00171428187788804 0.000963203192243969 0.00126252480430092 0.00203974334119273 0.000528649579191823 0.000743469545619839 0.00168969300296173 0.000560693426859213 0.00115522703595013 0.00187339276470843 0.00207930109027819 0.00392323405600083 0.000558848568534907 0.00173088062985634 0.0020749857129454 0.00115402185927888 0.00260178186179569 0.00183745629078157 0.00351516444777771 0.000609792950270991 0.00209653788383296 0.00096848933990948 0.00159177473726486 0.00117273288891209 0.00155717932791405 0.00116472556531194 0.00134963001442528 0.00128355405466475 0.0017522979688418 0.00166407027462329 0.000282306379903384
"PMZS" 0.00271478367648734 0.00429108360911721 0.00303099623089383 0.00498586821825245 0.00351142144058128 0.00192071876035535 0.00276984909483437 0.00334574730023279 0.00193621805736199 0.00141319352152097 0.001474881894756 0.00130003302427215 0.000390634809182912 0.000641619657078519 0.00242268729647421 0.000312266663564442 0.000849018040415609 0.00150271596812667 0.00189162160691444 0.000506410180345071 -0.000354435794655476 0.00181186472974867 0.00088359360262381 0.000391511254969585 0.00260151644091025 0.00232143144685309 0.00344978996750191 0.00243803826931881 0.00244403050908917 0.000663602737740279 0.00151982401321254 0.000609671212247155 0.00165394272170901 0.00126435611971392 0.00103154085669459 0.000982400811783151 0.0014471225925534 0.00152281030778622 0.000143759116139234
"PMZI" 0.0017187565511077 0.0032302754586576 0.00256339919311882 0.00351142144058128 0.00380827414621169 0.00178897972590117 0.00187504662183358 0.00205520193023324 0.00219472746858852 0.00122053191096791 0.00139043744395281 0.00125986115872001 0.000488994039154444 0.000666234663624127 0.00169881458159611 0.00050851847686604 0.000880879320262022 0.00171006964373739 0.00182064222414049 0.0028326814727022 0.000680318099219885 0.00153220546102105 0.00222641071716634 0.000394938350588009 0.00154592901933824 0.00100044295073966 0.00304275620101914 0.00228740426140203 0.00181683984120546 0.000650515887741294 0.00144729804428843 0.000781988653472881 0.00146779919266103 0.00110983503706052 0.00107635027231056 0.000705170217268074 0.00153219560362199 0.00118579556735141 0.000595875250975211
"PMMT" 0.00145128680591339 0.0020633973114144 0.00186176228085481 0.00192071876035535 0.00178897972590117 0.0018195407993106 0.00105681788239257 0.00108988824681093 0.00108141043720034 0.000740651204409702 0.000815361878463643 0.000918459219386416 0.000755156549428129 0.00049489675074187 0.000609565296868538 0.0001288738078889 0.000551208144419154 0.000920927105934439 0.000748575203272965 0.000940987247352598 0.00048844065771958 0.000928984799929539 0.00117038672236464 0.00103275505936903 0.00152342065592667 0.000926604936290733 0.00130407168450164 0.00116827015601598 0.0011710844460707 0.000577366855109568 0.000844674580116569 0.000532330106470137 0.000603542627541591 0.000486234964806239 0.000794207764266536 0.000402962632846111 0.00108691284638463 0.000845287915198325 0.000294271358277587
"NSLNA" 0.00126118026364494 0.00118900798173342 0.0017764678207374 0.00276984909483437 0.00187504662183358 0.00105681788239257 0.0150884485314776 0.00114790251849923 0.000706489202681416 -0.000432690158432194 0.00056875738390498 0.0016000292781195 -0.000261155031325481 -5.59747388845076e-05 0.00137756279537116 0.000455947959393881 0.000545485220700393 0.0016782777468549 0.00181156962899358 0.00549624197462033 0.00174139231906586 0.00117239625323467 0.000815064623041574 -0.000159740620149066 0.00173693621603219 0.00189750574027966 0.00234066293774077 0.00130695762198975 0.00141519241732244 0.00127752781839983 0.00106345779179136 0.000758965243555072 0.000889390507840997 0.00140635019908444 0.000910722307320442 0.000877474576017957 0.000856028252716662 0.000878697618106054 0.000657925698442788
"NSLZS" 0.00250490735781181 0.00191150669428598 0.0017052834181186 0.00334574730023279 0.00205520193023324 0.00108988824681093 0.00114790251849923 0.00587648365997911 0.00213556481771848 0.00106106883820806 0.00198854444001396 0.000885337046206788 0.000455480419445671 0.000487678304778389 0.00192911110848326 0.000382842321303915 0.00092257954865659 0.000788280604360147 0.00133275612976111 -0.0034148160367711 -0.00190300083330756 0.0010491719524996 -0.00200623164942371 -0.000165080077697703 0.00198640008117952 0.0023288827592595 0.00224251758434344 0.00218560227156179 0.00222592831175757 -0.000704541481289537 0.000989507427611996 -0.000140269426366953 0.00164337302602556 0.00100140336966869 0.00118919300451971 0.0006511363765234 0.000961385723962321 0.000659268592844342 0.000347599135584405
"NSLZI" 0.00207581354317127 0.00215160087782807 0.00171428187788804 0.00193621805736199 0.00219472746858852 0.00108141043720034 0.000706489202681416 0.00213556481771848 0.00249337625742247 0.00107727085713996 0.0015211819565398 0.00124360627353201 0.000283771327254744 0.000492866497351496 0.00156796077990717 0.000561766917885577 0.000881781776615938 0.00137263415352527 0.00201969727302495 0.00150241999497363 0.000405929524795395 0.00136118426806006 0.00297037502343629 0.00073768017511214 0.00115902692998526 0.00136006092734651 0.00213142976811085 0.00161619748528473 0.00159625180423763 -0.000205635910883101 0.00124666007780635 0.000682345567045563 0.00180851914898859 0.000928359497786575 0.000808928696638185 0.000890363117839852 0.00132317548470835 0.000593413346086587 0.000198333233154419
"NABR" 0.00123003488658641 0.00118543784444611 0.000963203192243969 0.00141319352152097 0.00122053191096791 0.000740651204409702 -0.000432690158432194 0.00106106883820806 0.00107727085713996 0.00233873964415228 0.000825089115522918 0.000665698098919558 0.000737918015422331 0.000802806341072432 0.00231419030845542 0.000762590260630626 0.000579989701414112 0.000604163750123145 0.00124773237037237 -0.000356762222597677 0.00039993297155764 0.00129962786248587 0.00119967665716624 0.00111303926359086 0.00133066105160757 0.00123039777181199 0.0013336397558595 0.00130473661086537 0.000960265853204008 0.000241509229949536 0.000899397826470507 0.000157233229475727 0.0014364278662118 0.000344716656538653 -0.000112156162788594 0.000848638544943207 0.000664668916645855 0.000525552017297944 0.000348816545180227
"NAFM" 0.00156433151888876 0.00135164086042587 0.00126252480430092 0.001474881894756 0.00139043744395281 0.000815361878463643 0.00056875738390498 0.00198854444001396 0.0015211819565398 0.000825089115522918 0.00214937057070316 0.00106017534954358 0.000777380884080911 0.00046163868321555 0.000816249764139744 0.000230690190713182 0.000678427027590796 0.000894422068418407 0.00119635761633363 -0.000253453033427664 0.000862169859965553 0.0010913711028214 0.00123199828339973 0.000386952236658349 0.00211529263605601 0.00118293119016973 0.00171770617154625 0.0016999367654475 0.00124831991034651 0.000459788714987758 0.00119213444704753 3.07777182411169e-05 0.0012532258392224 0.000695094561525337 0.00120661499501368 0.000699613161486415 0.00129886676660504 0.000855563438799719 0.000544178911245488
"NAPNS" 0.00115052546677554 0.00147292407171924 0.00203974334119273 0.00130003302427215 0.00125986115872001 0.000918459219386416 0.0016000292781195 0.000885337046206788 0.00124360627353201 0.000665698098919558 0.00106017534954358 0.00248328899036782 0.00059439670509948 0.000804365874831957 0.00108545588810963 0.000781051901219089 0.00104096327950894 0.00149211808681542 0.00149145535784613 0.00216616952142191 0.00060150398314252 0.00153064391908461 0.00188095569944377 0.00131834963702532 0.00175338260986741 0.0008708496250902 0.00176972179442191 -0.000213854980925931 0.0012065412981403 0.000460807432890707 0.00136147692444523 0.000796718094444942 0.0011918708072735 0.000767267872782877 0.000941611622432064 0.00103007041345545 0.00135263839724691 0.00139734679991452 0.000499791906709994
"BRPT" 0.000503405754503306 0.00113229062358802 0.000528649579191823 0.000390634809182912 0.000488994039154444 0.000755156549428129 -0.000261155031325481 0.000455480419445671 0.000283771327254744 0.000737918015422331 0.000777380884080911 0.00059439670509948 0.00383300996079034 0.00105404957027883 -0.00284005329148355 -0.00146616850135665 -0.000181770793717714 -0.000580763118555612 -0.00264765012317813 -0.00763880852298585 0.000563770330349381 0.000452110913671735 -0.000131249702581755 0.000525398002585417 0.00137829717866242 -0.000906627134766316 0.000141764235472702 0.000982005029516039 0.000304085067987955 0.000534169366847805 0.00052507536589291 -0.000166843688511164 -0.00158147964163292 0.000172996913006674 0.000757272012536236 -1.07545995245543e-05 0.00114978734178133 0.000710056951714251 0.000589665219461562
"BRAPET" 0.000598891966676219 0.000697489346211608 0.000743469545619839 0.000641619657078519 0.000666234663624127 0.00049489675074187 -5.59747388845076e-05 0.000487678304778389 0.000492866497351496 0.000802806341072432 0.00046163868321555 0.000804365874831957 0.00105404957027883 0.00159079457252877 0.000669748518925147 0.000983257029171316 0.000742983677319623 0.000806638613688384 0.000837353794461749 0.000565382383657082 0.00016677619021032 0.00090539040482921 0.000410714321185825 0.000854089995786339 0.000915177652997103 0.000689396014124305 0.000870768530487798 0.000369781916116056 0.000670942436121611 -0.00016727447570991 0.000786030566717435 0.000345520412965678 0.000824272373472987 0.000365633564627544 0.000910109804433663 0.00103990143441311 0.00081199280973046 0.00113922065390522 0.00055920675587448
"PTFM" 0.00222138908290064 0.00211706688567285 0.00168969300296173 0.00242268729647421 0.00169881458159611 0.000609565296868538 0.00137756279537116 0.00192911110848326 0.00156796077990717 0.00231419030845542 0.000816249764139744 0.00108545588810963 -0.00284005329148355 0.000669748518925147 0.0151209313320917 0.002318536815149 -0.000296979016659194 -0.00191745207807964 0.00419569637380531 0.00973388067961295 -0.000253445379087926 0.00255075833116133 0.00134382554437655 0.00136673555569096 0.0013960460143324 0.00318930428386619 0.00355843824397656 0.00229025051194544 0.00178860593260542 0.000980937615482763 0.00151259441486076 0.0024275988986938 0.00519666410164619 0.00130377018111555 0.000457572909175804 0.00126604483261098 -0.0032322406069906 0.00105216430372682 0.00044864338632499
"PTAPET" 0.000109062023172084 -0.000281855348549505 0.000560693426859213 0.000312266663564442 0.00050851847686604 0.0001288738078889 0.000455947959393881 0.000382842321303915 0.000561766917885577 0.000762590260630626 0.000230690190713182 0.000781051901219089 -0.00146616850135665 0.000983257029171316 0.002318536815149 0.00390340868139622 0.00212777734156361 0.00300098901460189 0.00444128447471923 0.00927459266844403 6.19336576277484e-05 0.00103776412560557 0.000605137855756295 0.0012615189521241 0.000510852250870366 0.00162163192828966 0.00122836390092957 3.82725880499326e-05 6.97347724860868e-06 0.000572906420060383 0.000762467410490024 0.00085016571251917 0.00318565621035632 0.00044715901737109 0.000714606950400227 0.0013732122741741 0.0011583667568676 0.000937556418617807 0.000853394803412501
"PTBA" 0.000998414170237657 0.00056888617665121 0.00115522703595013 0.000849018040415609 0.000880879320262022 0.000551208144419154 0.000545485220700393 0.00092257954865659 0.000881781776615938 0.000579989701414112 0.000678427027590796 0.00104096327950894 -0.000181770793717714 0.000742983677319623 -0.000296979016659194 0.00212777734156361 0.00229706151641369 0.00308594359847301 0.00286868943508672 0.00519691502824102 0.00015204101943039 0.00112470417694206 0.000905318154696249 0.00114197386631707 0.00145008386929111 0.00129581294449028 0.00162117580896301 0.00046591347674215 0.00167191979804291 0.000489652989733403 0.00136823371260621 0.000457317032196772 0.00184560963882376 0.000655145146002656 0.000761339572738064 0.00162459271028596 0.00229831009303063 0.00139499997077208 0.000238008288422706
"PTEAM" 0.00122656613243779 0.00122941677500122 0.00187339276470843 0.00150271596812667 0.00171006964373739 0.000920927105934439 0.0016782777468549 0.000788280604360147 0.00137263415352527 0.000604163750123145 0.000894422068418407 0.00149211808681542 -0.000580763118555612 0.000806638613688384 -0.00191745207807964 0.00300098901460189 0.00308594359847301 0.00618707540942043 0.00510717775339409 0.00742681608278155 0.000561348685903396 0.00144174885906722 0.0022656205912452 0.00158178476237102 0.00215965009939342 0.00242475592173496 0.00215742209577103 0.000649960439027253 0.00127479921459593 0.00101960881976131 0.00156386399817054 0.000999604522807353 0.0029857251428954 0.00116620095388768 0.00102275999541492 0.00198506975218539 0.00415167504521309 0.00197449247919076 0.00127484056575695
"PTZYGO" 0.00193072920936289 0.00163130953040094 0.00207930109027819 0.00189162160691444 0.00182064222414049 0.000748575203272965 0.00181156962899358 0.00133275612976111 0.00201969727302495 0.00124773237037237 0.00119635761633363 0.00149145535784613 -0.00264765012317813 0.000837353794461749 0.00419569637380531 0.00444128447471923 0.00286868943508672 0.00510717775339409 0.00858469883704879 0.0128065479755536 0.000540481466198589 0.00204194721846276 0.00310761282632836 0.00171284012979884 0.00193510314025016 0.0038938497852535 0.0030169994665929 0.00084287636927383 0.00142947183374607 0.000602052438618426 0.00177365795471165 0.00182307426949206 0.00658153699830332 0.00157471786309981 0.000762299986093075 0.0019195561455996 0.00211553403594705 0.00133999767071837 0.00135729359797516
"PTTSP" 0.00323976040015097 7.77043365325502e-05 0.00392323405600083 0.000506410180345071 0.0028326814727022 0.000940987247352598 0.00549624197462033 -0.0034148160367711 0.00150241999497363 -0.000356762222597677 -0.000253453033427664 0.00216616952142191 -0.00763880852298585 0.000565382383657082 0.00973388067961295 0.00927459266844403 0.00519691502824102 0.00742681608278155 0.0128065479755536 0.175814583061793 0.00276623481273621 0.00216534202811605 0.00897448253138287 0.000874515149676431 -0.000444271539407656 -0.00841277136134424 0.00433840887495609 -0.00137812617249409 0.00213353598946212 0.00445093386461907 0.00184106988237982 0.000430890817284963 -0.00390225896769426 0.00294127771383983 0.00138110110507936 0.00727006678146098 0.00152914033351496 -0.000979316098936216 -0.000401502643175027
"FMZS" 0.000206110933545268 0.000913135024931864 0.000558848568534907 -0.000354435794655476 0.000680318099219885 0.00048844065771958 0.00174139231906586 -0.00190300083330756 0.000405929524795395 0.00039993297155764 0.000862169859965553 0.00060150398314252 0.000563770330349381 0.00016677619021032 -0.000253445379087926 6.19336576277484e-05 0.00015204101943039 0.000561348685903396 0.000540481466198589 0.00276623481273621 0.00483315916652397 0.0014075213971044 0.00263285946015998 0.000972772453085872 0.000947637279691638 -0.000282052957012259 0.000770047800937721 0.000562947613307276 0.000213060559134534 0.00111994427119272 0.000742100442572849 0.000225101993672492 0.000474446187199317 2.74088122571506e-05 0.000307902143827612 0.000407378416909624 0.0006699734237228 0.000395096150099705 0.000296398702787063
"FMMT" 0.00239543022268071 0.00241688647636561 0.00173088062985634 0.00181186472974867 0.00153220546102105 0.000928984799929539 0.00117239625323467 0.0010491719524996 0.00136118426806006 0.00129962786248587 0.0010913711028214 0.00153064391908461 0.000452110913671735 0.00090539040482921 0.00255075833116133 0.00103776412560557 0.00112470417694206 0.00144174885906722 0.00204194721846276 0.00216534202811605 0.0014075213971044 0.00306578513831697 0.00196084108463196 0.00260099453266128 0.00234051917418985 0.00150862155597386 0.00269272214872718 0.00138453940180954 0.00172049794767988 0.000875705706758023 0.00171953741007786 0.000609456188408246 0.00179560974608461 0.000949907806269873 0.000497859243752381 0.00185740391016181 0.00138345164018887 0.00156491133507343 0.000543687443249807
"ZSZI" 0.00233003529146149 0.00258072448100676 0.0020749857129454 0.00088359360262381 0.00222641071716634 0.00117038672236464 0.000815064623041574 -0.00200623164942371 0.00297037502343629 0.00119967665716624 0.00123199828339973 0.00188095569944377 -0.000131249702581755 0.000410714321185825 0.00134382554437655 0.000605137855756295 0.000905318154696249 0.0022656205912452 0.00310761282632836 0.00897448253138287 0.00263285946015998 0.00196084108463196 0.0102823128371155 0.00127469970023234 0.000908981991256602 0.00116421862650245 0.00201819788139946 0.000860011231408972 0.00143100432652691 0.000287864024486863 0.00176007178994771 0.00118885979094234 0.00186171045462648 0.0011926886358784 0.000183400149355626 0.0013434631433319 0.00198154478396064 0.000632948859747905 -0.000323633342712544
"ZIMT" 0.00176490620972986 0.00116596223028109 0.00115402185927888 0.000391511254969585 0.000394938350588009 0.00103275505936903 -0.000159740620149066 -0.000165080077697703 0.00073768017511214 0.00111303926359086 0.000386952236658349 0.00131834963702532 0.000525398002585417 0.000854089995786339 0.00136673555569096 0.0012615189521241 0.00114197386631707 0.00158178476237102 0.00171284012979884 0.000874515149676431 0.000972772453085872 0.00260099453266128 0.00127469970023234 0.00539937188381401 0.0016315524562593 0.00109850705022785 0.00123417921968146 0.00034816539676471 0.000552763697597767 0.00132928423640645 0.00126884301705066 0.00133590125093979 0.00155389471056628 0.000446386947700123 0.000360598320790454 0.00216440700633053 0.00143789634212003 0.00139299031006488 0.000754201325116344
"ZIZYGO" 0.00259059295819804 0.0023921344783313 0.00260178186179569 0.00260151644091025 0.00154592901933824 0.00152342065592667 0.00173693621603219 0.00198640008117952 0.00115902692998526 0.00133066105160757 0.00211529263605601 0.00175338260986741 0.00137829717866242 0.000915177652997103 0.0013960460143324 0.000510852250870366 0.00145008386929111 0.00215965009939342 0.00193510314025016 -0.000444271539407656 0.000947637279691638 0.00234051917418985 0.000908981991256602 0.0016315524562593 0.00738572730814506 0.00278955892367926 0.00326821718637957 0.00288781649963037 0.00245153623235166 0.00191709328736142 0.00242221670603219 -0.0014410762581172 0.00169791492982679 0.00131097758928715 0.00174115765020768 0.00177291696484467 0.00274905330375337 0.00296411094172927 0.000702346833661791
"ZITSP" 0.00212273073205522 0.00178877729656784 0.00183745629078157 0.00232143144685309 0.00100044295073966 0.000926604936290733 0.00189750574027966 0.0023288827592595 0.00136006092734651 0.00123039777181199 0.00118293119016973 0.0008708496250902 -0.000906627134766316 0.000689396014124305 0.00318930428386619 0.00162163192828966 0.00129581294449028 0.00242475592173496 0.0038938497852535 -0.00841277136134424 -0.000282052957012259 0.00150862155597386 0.00116421862650245 0.00109850705022785 0.00278955892367926 0.00883197313929841 0.00235392262848463 0.00155435023342488 0.00158788344608263 0.000864345836844904 0.00140179223761457 0.00103177269980807 0.00387039590133269 0.00146343111380143 0.000492461835718544 0.00165566076171953 0.00124713739308128 0.00145818858570055 0.000995533854319609
"MTPNS" 0.00297286648728856 0.0034212985214464 0.00351516444777771 0.00344978996750191 0.00304275620101914 0.00130407168450164 0.00234066293774077 0.00224251758434344 0.00213142976811085 0.0013336397558595 0.00171770617154625 0.00176972179442191 0.000141764235472702 0.000870768530487798 0.00355843824397656 0.00122836390092957 0.00162117580896301 0.00215742209577103 0.0030169994665929 0.00433840887495609 0.000770047800937721 0.00269272214872718 0.00201819788139946 0.00123417921968146 0.00326821718637957 0.00235392262848463 0.00681883275928515 0.00214940364921795 0.00276547733734829 0.00168300121064855 0.00225563161283382 0.0018088830074128 0.00269226124673163 0.0016748288188971 0.00175813309754273 0.00236841746031005 0.00209570467770224 0.00221073049533689 0.000902050166072457
"PNSAPET" 0.00212671477197707 0.00254347112940924 0.000609792950270991 0.00243803826931881 0.00228740426140203 0.00116827015601598 0.00130695762198975 0.00218560227156179 0.00161619748528473 0.00130473661086537 0.0016999367654475 -0.000213854980925931 0.000982005029516039 0.000369781916116056 0.00229025051194544 3.82725880499326e-05 0.00046591347674215 0.000649960439027253 0.00084287636927383 -0.00137812617249409 0.000562947613307276 0.00138453940180954 0.000860011231408972 0.00034816539676471 0.00288781649963037 0.00155435023342488 0.00214940364921795 0.00779635739931047 0.000970729280263654 0.00015976757982928 0.00146084185324278 0.0011934049209228 0.000966552463014429 0.00106114840368225 0.00110575733876236 0.00106255889514491 0.00138729131954741 0.000941892562156241 0.000353746948148069
"APETBA" 0.0026691744010577 0.00233079429418547 0.00209653788383296 0.00244403050908917 0.00181683984120546 0.0011710844460707 0.00141519241732244 0.00222592831175757 0.00159625180423763 0.000960265853204008 0.00124831991034651 0.0012065412981403 0.000304085067987955 0.000670942436121611 0.00178860593260542 6.97347724860868e-06 0.00167191979804291 0.00127479921459593 0.00142947183374607 0.00213353598946212 0.000213060559134534 0.00172049794767988 0.00143100432652691 0.000552763697597767 0.00245153623235166 0.00158788344608263 0.00276547733734829 0.000970729280263654 0.005440688893365 0.000285656346904269 0.00230524202020843 0.00023066152736849 0.00142964970937391 0.00118048994075761 0.00053035533723112 0.00198100203177786 0.00150087097687599 0.00195091287929999 -0.00160345543911855
"APETTS" 0.00012521172167562 0.000853721210623322 0.00096848933990948 0.000663602737740279 0.000650515887741294 0.000577366855109568 0.00127752781839983 -0.000704541481289537 -0.000205635910883101 0.000241509229949536 0.000459788714987758 0.000460807432890707 0.000534169366847805 -0.00016727447570991 0.000980937615482763 0.000572906420060383 0.000489652989733403 0.00101960881976131 0.000602052438618426 0.00445093386461907 0.00111994427119272 0.000875705706758023 0.000287864024486863 0.00132928423640645 0.00191709328736142 0.000864345836844904 0.00168300121064855 0.00015976757982928 0.000285656346904269 0.00795191186820025 0.00102295728162346 0.00123817368862619 0.000789904981582938 0.000219859428276952 0.00108871006114408 0.00015607443094778 0.0009949502487329 0.00162267254926874 0.0014614340258454
"BAEAM" 0.00184415779508356 0.00173493345938609 0.00159177473726486 0.00151982401321254 0.00144729804428843 0.000844674580116569 0.00106345779179136 0.000989507427611996 0.00124666007780635 0.000899397826470507 0.00119213444704753 0.00136147692444523 0.00052507536589291 0.000786030566717435 0.00151259441486076 0.000762467410490024 0.00136823371260621 0.00156386399817054 0.00177365795471165 0.00184106988237982 0.000742100442572849 0.00171953741007786 0.00176007178994771 0.00126884301705066 0.00242221670603219 0.00140179223761457 0.00225563161283382 0.00146084185324278 0.00230524202020843 0.00102295728162346 0.0027261607861703 0.000345767447105574 0.00147702366362619 0.00124638866273732 0.00107991566558206 0.00163973301166426 0.00179052524373926 0.00218070991383812 0.000519031365256607
"EAMZYGO" 0.000102926906769496 0.00131684907401128 0.00117273288891209 0.000609671212247155 0.000781988653472881 0.000532330106470137 0.000758965243555072 -0.000140269426366953 0.000682345567045563 0.000157233229475727 3.07777182411169e-05 0.000796718094444942 -0.000166843688511164 0.000345520412965678 0.0024275988986938 0.00085016571251917 0.000457317032196772 0.000999604522807353 0.00182307426949206 0.000430890817284963 0.000225101993672492 0.000609456188408246 0.00118885979094234 0.00133590125093979 -0.0014410762581172 0.00103177269980807 0.0018088830074128 0.0011934049209228 0.00023066152736849 0.00123817368862619 0.000345767447105574 0.00673132361281134 0.0023193887694667 0.000402686465233811 0.000804490317539636 0.00051253615259167 0.000215597015481397 0.000583316165514231 0.00113765456637243
"ZYGOTSP" 0.00145458048488488 0.00161889929571363 0.00155717932791405 0.00165394272170901 0.00146779919266103 0.000603542627541591 0.000889390507840997 0.00164337302602556 0.00180851914898859 0.0014364278662118 0.0012532258392224 0.0011918708072735 -0.00158147964163292 0.000824272373472987 0.00519666410164619 0.00318565621035632 0.00184560963882376 0.0029857251428954 0.00658153699830332 -0.00390225896769426 0.000474446187199317 0.00179560974608461 0.00186171045462648 0.00155389471056628 0.00169791492982679 0.00387039590133269 0.00269226124673163 0.000966552463014429 0.00142964970937391 0.000789904981582938 0.00147702366362619 0.0023193887694667 0.00858980615641686 0.0010505141569737 0.000682504473950068 0.00098749791645982 0.000974363105990199 0.00151067352123009 0.00143342556718131
"LDAS" 0.00133274151113253 0.00119555978151286 0.00116472556531194 0.00126435611971392 0.00110983503706052 0.000486234964806239 0.00140635019908444 0.00100140336966869 0.000928359497786575 0.000344716656538653 0.000695094561525337 0.000767267872782877 0.000172996913006674 0.000365633564627544 0.00130377018111555 0.00044715901737109 0.000655145146002656 0.00116620095388768 0.00157471786309981 0.00294127771383983 2.74088122571506e-05 0.000949907806269873 0.0011926886358784 0.000446386947700123 0.00131097758928715 0.00146343111380143 0.0016748288188971 0.00106114840368225 0.00118048994075761 0.000219859428276952 0.00124638866273732 0.000402686465233811 0.0010505141569737 0.00383383552058543 0.000121721614033327 0.00291386832234985 0.000738100945740909 0.00111235762396019 0.000950842905101761
"BRLD" 0.00105463603688991 0.000487601490426547 0.00134963001442528 0.00103154085669459 0.00107635027231056 0.000794207764266536 0.000910722307320442 0.00118919300451971 0.000808928696638185 -0.000112156162788594 0.00120661499501368 0.000941611622432064 0.000757272012536236 0.000910109804433663 0.000457572909175804 0.000714606950400227 0.000761339572738064 0.00102275999541492 0.000762299986093075 0.00138110110507936 0.000307902143827612 0.000497859243752381 0.000183400149355626 0.000360598320790454 0.00174115765020768 0.000492461835718544 0.00175813309754273 0.00110575733876236 0.00053035533723112 0.00108871006114408 0.00107991566558206 0.000804490317539636 0.000682504473950068 0.000121721614033327 0.00500639571876799 -7.87833884472968e-05 0.00178226591257318 0.00133394829028131 0.000482950919180289
"OPILD" 0.00238381132020142 0.000980640282341855 0.00128355405466475 0.000982400811783151 0.000705170217268074 0.000402962632846111 0.000877474576017957 0.0006511363765234 0.000890363117839852 0.000848638544943207 0.000699613161486415 0.00103007041345545 -1.07545995245543e-05 0.00103990143441311 0.00126604483261098 0.0013732122741741 0.00162459271028596 0.00198506975218539 0.0019195561455996 0.00727006678146098 0.000407378416909624 0.00185740391016181 0.0013434631433319 0.00216440700633053 0.00177291696484467 0.00165566076171953 0.00236841746031005 0.00106255889514491 0.00198100203177786 0.00015607443094778 0.00163973301166426 0.00051253615259167 0.00098749791645982 0.00291386832234985 -7.87833884472968e-05 0.00744424722414072 0.00172366381662456 0.00223922345423371 -0.00159067479853293
"PTAS" 0.00158199725760104 0.00149797704899477 0.0017522979688418 0.0014471225925534 0.00153219560362199 0.00108691284638463 0.000856028252716662 0.000961385723962321 0.00132317548470835 0.000664668916645855 0.00129886676660504 0.00135263839724691 0.00114978734178133 0.00081199280973046 -0.0032322406069906 0.0011583667568676 0.00229831009303063 0.00415167504521309 0.00211553403594705 0.00152914033351496 0.0006699734237228 0.00138345164018887 0.00198154478396064 0.00143789634212003 0.00274905330375337 0.00124713739308128 0.00209570467770224 0.00138729131954741 0.00150087097687599 0.0009949502487329 0.00179052524373926 0.000215597015481397 0.000974363105990199 0.000738100945740909 0.00178226591257318 0.00172366381662456 0.00489519752120043 0.00226272943990933 0.000667702189905932
"JPAS" 0.00140430262532473 0.0015061525703627 0.00166407027462329 0.00152281030778622 0.00118579556735141 0.000845287915198325 0.000878697618106054 0.000659268592844342 0.000593413346086587 0.000525552017297944 0.000855563438799719 0.00139734679991452 0.000710056951714251 0.00113922065390522 0.00105216430372682 0.000937556418617807 0.00139499997077208 0.00197449247919076 0.00133999767071837 -0.000979316098936216 0.000395096150099705 0.00156491133507343 0.000632948859747905 0.00139299031006488 0.00296411094172927 0.00145818858570055 0.00221073049533689 0.000941892562156241 0.00195091287929999 0.00162267254926874 0.00218070991383812 0.000583316165514231 0.00151067352123009 0.00111235762396019 0.00133394829028131 0.00223922345423371 0.00226272943990933 0.0050197098849724 0.000656013660975678
"BAOPI" -0.000789131313243946 -0.000357260272778247 0.000282306379903384 0.000143759116139234 0.000595875250975211 0.000294271358277587 0.000657925698442788 0.000347599135584405 0.000198333233154419 0.000348816545180227 0.000544178911245488 0.000499791906709994 0.000589665219461562 0.00055920675587448 0.00044864338632499 0.000853394803412501 0.000238008288422706 0.00127484056575695 0.00135729359797516 -0.000401502643175027 0.000296398702787063 0.000543687443249807 -0.000323633342712544 0.000754201325116344 0.000702346833661791 0.000995533854319609 0.000902050166072457 0.000353746948148069 -0.00160345543911855 0.0014614340258454 0.000519031365256607 0.00113765456637243 0.00143342556718131 0.000950842905101761 0.000482950919180289 -0.00159067479853293 0.000667702189905932 0.000656013660975678 0.00731265036018161
