"" "ISPM" "ISNSL" "ISPNS" "PMZS" "PMZI" "PMMT" "NSLNA" "NSLZS" "NSLZI" "NABR" "NAFM" "NAPNS" "BRPT" "BRAPET" "PTFM" "PTAPET" "PTBA" "PTEAM" "PTZYGO" "PTTSP" "FMZS" "FMMT" "ZSZI" "ZIMT" "ZIZYGO" "ZITSP" "MTPNS" "PNSAPET" "APETBA" "APETTS" "BAEAM" "EAMZYGO" "ZYGOTSP" "LDAS" "BRLD" "OPILD" "PTAS" "JPAS" "BAOPI"
"ISPM" 0.00944837105423909 0.00432952403268862 0.0052980585299453 0.00605859218950456 0.00328898222302387 0.00215275917765255 0.0112646656412049 0.00537550905480797 0.00471718312137627 0.0012895810020561 0.00245370279912115 0.00394588609454872 0.000935292446349993 0.000275694885056031 0.0034204570752754 0.000881693971550494 0.000883136714106617 0.00211618478637165 0.00278892654806348 0.00860195516459427 -0.000715325453010335 0.0025406632001063 0.00596859332024982 0.00134576296145392 0.0015904500909261 0.00183815413691324 0.00323806462472707 0.00109778945414716 0.00141083039204999 0.00408906828972371 0.00272466342422288 0.00442550915316836 0.00336610205065768 0.00281254922588902 0.000168939556101568 0.0033135845263537 0.00224613091497738 0.00164751774681249 0.000851008064591919
"ISNSL" 0.00432952403268862 0.00636498615441776 0.00381173372280946 0.00558551459392192 0.00409749239988516 0.00191051645717005 0.00393432002524036 0.00407122904061362 0.00354802847282855 0.00143373495780564 0.00222354615713837 0.00213530942134166 0.00112677492914976 0.000629958496699274 0.00162068301664027 0.00024265790479926 0.000658662280289578 0.0025888533731244 0.00308489397534876 -0.00155303684318515 0.00121863790125376 0.0020449200999138 0.00309563097151548 0.000951948598946852 0.0013521985996322 0.0024203105307732 0.00283932482035766 0.00206585205493394 0.0012281797981301 0.00195137835214794 0.00158129601439059 0.00378634486863749 0.00333728798917017 0.00167813213822797 -0.000239312312508998 0.00205568456957337 0.00214242491817891 0.0011320360953675 0.00102136790399149
"ISPNS" 0.0052980585299453 0.00381173372280946 0.00638190411446416 0.00547225024630263 0.0035542572666936 0.00300008859159095 0.00728396681875227 0.00506013876833278 0.00414134322747395 0.00116156199198789 0.00232825141179386 0.00459003079384625 -0.000353158252383412 -3.72793229459073e-05 0.00374683947123239 0.0010231211217083 0.00113434024404579 0.00191907292884466 0.00341170083050697 -0.000999088452779812 -0.000183893646410926 0.00252692675825508 0.00485644188768391 0.00221413079202713 0.00120951170592046 0.00304215217111324 0.00407769958547576 -0.00154135612842448 0.00176784806783542 0.0031684857795678 0.00227203399047652 0.00497998830593544 0.00406026026034232 0.0010644073019944 -0.000441635525813366 0.00143772521291476 0.00179349607103168 0.00222499584932708 0.00111063173184845
"PMZS" 0.00605859218950456 0.00558551459392192 0.00547225024630263 0.00873972888017904 0.00582949401758867 0.00301940199701698 0.00986729819762066 0.00718820269313638 0.00552561673662596 0.00206546430027783 0.00317852248273141 0.00416610473209797 0.000581695051173599 0.00054031753573133 0.00383083256983619 0.000675865044338875 0.00121045619191502 0.00307793107167706 0.00391070440016774 0.000439915811740483 -0.00050259152153102 0.00298114528839776 0.00557088275942403 0.00113770444767013 0.00193186408262683 0.00305442422959369 0.00404825124015674 0.0017826492590783 0.00244750145058089 0.00334434673036198 0.00278690027768026 0.00420971898032126 0.00489061839022848 0.00157578649875644 -0.000533508315290291 0.0028615206638886 0.00275245411175708 0.00236285011751437 0.000347776546031704
"PMZI" 0.00328898222302387 0.00409749239988516 0.0035542572666936 0.00582949401758867 0.00538316352486662 0.00241858889782201 0.00541678964497717 0.00446751964471628 0.00438489179898568 0.00147107313779706 0.00220529989529602 0.00250897746361102 0.000329352006651706 0.000415337373074068 0.00241589700582978 0.000105496207294446 0.000753504096491009 0.00239724769869705 0.00295756823966707 0.000352750979073568 0.000254070557433568 0.00190549439752903 0.0049769979159116 0.000655263614507463 0.000631741018837785 0.00175909999277293 0.00268909975181476 0.00174385159664032 0.00182003683615572 0.00134300188797491 0.00186139459226482 0.00312574340347869 0.00341750509585663 0.000792723341171152 -0.000390877819107479 0.00200490060705237 0.00189260211649503 0.00155169317542365 0.000748088486893898
"PMMT" 0.00215275917765255 0.00191051645717005 0.00300008859159095 0.00301940199701698 0.00241858889782201 0.00245539486229959 0.00342030706027669 0.00290883025207271 0.00235850191596916 0.000382587260856197 0.00155382404057949 0.0021066424265663 -0.000408874018376436 -0.000143241849434788 0.00246537808848159 0.000512404996979897 0.000493347496858604 0.000738664043268301 0.00167741915842518 -0.00020268752234308 9.47474576656657e-05 0.00146279430275741 0.00251684050060794 0.00210725577789633 0.000480423483441024 0.00119078939299328 0.00184639048533458 -0.000102554587318346 0.00100610575789836 0.00117356080125785 0.00113165049626756 0.00253236379846215 0.00223202458235051 0.000386655250780137 -8.05031787363246e-05 0.00103699467302822 0.000914571304131599 0.00151641180422236 0.000277966980500925
"NSLNA" 0.0112646656412049 0.00393432002524036 0.00728396681875227 0.00986729819762066 0.00541678964497717 0.00342030706027669 0.0327692843877593 0.0104216991799802 0.0065481221002775 0.000179979623091838 0.00311154392114907 0.00827570819560012 0.00103791798344117 -0.000307815519544396 0.00680124837495733 -0.000148858952302184 0.000568500501536449 0.00170104263345905 0.00140414077761067 -0.0086025453701331 -0.000882723505949213 0.00377398761731331 0.00537661633143951 0.00108480748309445 0.00277605843721327 0.00351748248398402 0.00226933053886861 0.0013096298355087 0.00242946824458958 0.00453005597338467 0.00291598704446303 0.00608246822077959 0.0040628014737617 0.00119323815328475 -4.34195329521552e-06 0.00473211858369556 0.00277370834647958 0.00240419793315688 -0.0007326028608764
"NSLZS" 0.00537550905480797 0.00407122904061362 0.00506013876833278 0.00718820269313638 0.00446751964471628 0.00290883025207271 0.0104216991799802 0.0111879975020115 0.00600818036448341 0.000548730895081855 0.00468849411296319 0.00555048968499243 -0.000897945321182034 -0.000203025384285658 0.00593548452119551 0.000911453482163177 0.0011777447281089 0.00254906496867979 0.00440536262051318 -0.0021991199783517 -0.000982939118983325 0.00319601959271211 0.00150331610434076 0.00129431042567789 0.00398916151440847 0.00443439553134179 0.00404134759728742 0.0019000427992081 0.00278618194688318 0.00297154981426593 0.00293798391913158 0.00322641395191905 0.006206264548516 0.00110915307163464 0.000430244847678017 0.00233474483269626 0.00293064795500781 0.00355990721591639 0.000796711946394094
"NSLZI" 0.00471718312137627 0.00354802847282855 0.00414134322747395 0.00552561673662596 0.00438489179898568 0.00235850191596916 0.0065481221002775 0.00600818036448341 0.00578721365555164 0.00138768400852025 0.00310845905331869 0.00395171996914738 -0.000174962355177111 0.000226177582899042 0.00351757918793417 0.000760557357233199 0.00111065948955612 0.00211134471790479 0.00394982779107177 0.000612497819190376 6.06710190545806e-05 0.00241610873041707 0.00674384740613642 0.00135135719329495 0.00138197361804829 0.00265813878532766 0.00336781912186851 0.000931510374151326 0.00212197946758506 0.00237291267329311 0.00219885627850989 0.00333999952548857 0.00493744708090262 0.00105473869989141 -0.000251319680123547 0.00175322050891695 0.00201213286673359 0.00216507275281112 0.00137897017146451
"NABR" 0.0012895810020561 0.00143373495780564 0.00116156199198789 0.00206546430027783 0.00147107313779706 0.000382587260856197 0.000179979623091838 0.000548730895081855 0.00138768400852025 0.00363471455144407 0.000604055786151322 0.00076966296986036 0.00213501731032881 0.00131151841583858 0.00183756334573798 0.000436650114850279 0.000753193285049991 0.0014658065418712 0.00220033953310182 0.00648110733917466 0.000318236994471173 0.00118160805601774 0.00287030607749824 -8.4525414601662e-05 0.00127520848853702 0.00119697379953413 0.00181525179249388 0.000868654750411827 0.00115996793451693 0.00131041176594583 0.00131021070282763 0.00135263662534874 0.00199514635687729 0.000897172347665262 -0.00133137760040004 0.000375642963327322 0.00103844875214643 0.000748028335247965 0.00128012566710811
"NAFM" 0.00245370279912115 0.00222354615713837 0.00232825141179386 0.00317852248273141 0.00220529989529602 0.00155382404057949 0.00311154392114907 0.00468849411296319 0.00310845905331869 0.000604055786151322 0.00341742071557311 0.00255412416384254 -0.000364676105831174 -4.43242901162382e-06 0.00247679493342818 0.00036780658567952 0.00069523011825353 0.00184249343885777 0.00306878191744925 0.000591136448113283 0.00064346522397299 0.00182180571179957 0.00197430842802447 0.00117599926021511 0.00204202636052847 0.00240697335203051 0.00264585485131996 0.00106435118852766 0.001610089942778 0.00208920220225385 0.00162573395531107 0.00191205259971753 0.0037199591262184 0.000771860288986168 0.000226336820855689 0.00115158157644478 0.00199741140312767 0.00213533635348301 0.000754685494151729
"NAPNS" 0.00394588609454872 0.00213530942134166 0.00459003079384625 0.00416610473209797 0.00250897746361102 0.0021066424265663 0.00827570819560012 0.00555048968499243 0.00395171996914738 0.00076966296986036 0.00255412416384254 0.00544203887302312 -0.000361641410350838 0.000250245216394812 0.00480093183581377 0.00109512403811634 0.00123729970968658 0.0016519756672922 0.00302968647631997 -0.00247715580529784 -0.000356567605419724 0.00269145586514438 0.00334298097435612 0.00214898996710289 0.00213206760769688 0.00321926879892796 0.00323690099150813 -0.000576165404377875 0.00199051257335903 0.00228072358563691 0.00221996183103537 0.00379098192657151 0.00410440758640953 0.000904463285563397 -4.56856250810859e-05 0.00155922185300979 0.00174306124537175 0.00251640907998408 0.0006203257945382
"BRPT" 0.000935292446349993 0.00112677492914976 -0.000353158252383412 0.000581695051173599 0.000329352006651706 -0.000408874018376436 0.00103791798344117 -0.000897945321182034 -0.000174962355177111 0.00213501731032881 -0.000364676105831174 -0.000361641410350838 0.0043271860062023 0.00194385909089136 -0.00142032217892594 -0.0007915504378992 0.000206636987692016 0.00042264312943849 -0.00155961926215376 0.00157638405803999 0.000530045978101701 0.000376450649517924 0.000636758678651361 -0.000752086479375197 0.000290623955005391 -0.00065679820808473 -0.00037047772820544 0.00163308810924099 0.000303756896279175 0.000176976817340409 0.000788274484079253 0.000912454260478472 -0.00151286494379737 0.00178405359455217 8.73560365022363e-05 0.0018429835280841 0.00106163477915878 -0.000244528072390312 0.000748978361846162
"BRAPET" 0.000275694885056031 0.000629958496699274 -3.72793229459073e-05 0.00054031753573133 0.000415337373074068 -0.000143241849434788 -0.000307815519544396 -0.000203025384285658 0.000226177582899042 0.00131151841583858 -4.43242901162382e-06 0.000250245216394812 0.00194385909089136 0.00201265509475064 0.000512634843495257 0.00102098531995051 0.000827819455023325 0.000920260719380217 0.000719367160612356 0.00466695800780531 0.000373711442310444 0.000971825609710524 0.0009015154112278 0.000383315574293355 0.000621145880638008 0.000728889129821085 0.000634931863577115 0.00101488390537497 0.000437796567945878 0.000333038696324992 0.000845254614186827 0.000849670402170054 0.000483668017583773 0.00137536365645037 0.00028488588199786 0.00175172775981051 0.000547893496746205 0.000486940297950078 0.00086529055782892
"PTFM" 0.0034204570752754 0.00162068301664027 0.00374683947123239 0.00383083256983619 0.00241589700582978 0.00246537808848159 0.00680124837495733 0.00593548452119551 0.00351757918793417 0.00183756334573798 0.00247679493342818 0.00480093183581377 -0.00142032217892594 0.000512634843495257 0.0129767159108145 0.00205033797079318 0.000827592853610694 -0.000373979706102602 0.00481223866020547 0.00739376338143861 -0.000534042243020753 0.00404190902783556 0.00175987125255914 0.00422033621001735 0.004611825069003 0.00441502216476554 0.00449656284436351 0.00183995116164796 0.00222852331216908 0.00165273718965219 0.00255904140421118 0.00360728486246825 0.00644169344910209 -0.00015727922085539 -0.000316476386367911 0.001709051791258 0.000416686547660638 0.00511695876442165 0.000706262098299885
"PTAPET" 0.000881693971550494 0.00024265790479926 0.0010231211217083 0.000675865044338875 0.000105496207294446 0.000512404996979897 -0.000148858952302184 0.000911453482163177 0.000760557357233199 0.000436650114850279 0.00036780658567952 0.00109512403811634 -0.0007915504378992 0.00102098531995051 0.00205033797079318 0.0042476452107337 0.00193653102673107 0.00151449482280624 0.00330382357431229 0.010669589914645 -2.67118491230586e-05 0.00121366542668872 0.00101431274191706 0.00152426520615966 0.0015194955992679 0.00184143381684132 0.00123412138152913 -2.70890580746112e-05 -2.29411074854572e-05 0.00180700886580055 0.00101847944751839 0.000226085787801319 0.00251323384913025 0.000827613810602451 -0.00013376119988883 0.00152356867189241 -0.000109838848588367 0.00088933773174618 0.000972374568554234
"PTBA" 0.000883136714106617 0.000658662280289578 0.00113434024404579 0.00121045619191502 0.000753504096491009 0.000493347496858604 0.000568500501536449 0.0011777447281089 0.00111065948955612 0.000753193285049991 0.00069523011825353 0.00123729970968658 0.000206636987692016 0.000827819455023325 0.000827592853610694 0.00193653102673107 0.00196340851839674 0.00217652773429014 0.00246711099963571 0.00571828148728882 0.000271408418784802 0.00117573732389396 0.00131696213118366 0.00064633636879312 0.00168115888017428 0.00160631298884941 0.00142844564678505 0.00063186293585769 0.00190752435745642 0.00150038635546193 0.00159361380725804 0.000841611180512485 0.00177424216760305 0.00119746998973145 0.000113385257631252 0.00150073634405451 0.00110933625764969 0.000770887236728937 0.000315681121004365
"PTEAM" 0.00211618478637165 0.0025888533731244 0.00191907292884466 0.00307793107167706 0.00239724769869705 0.000738664043268301 0.00170104263345905 0.00254906496867979 0.00211134471790479 0.0014658065418712 0.00184249343885777 0.0016519756672922 0.00042264312943849 0.000920260719380217 -0.000373979706102602 0.00151449482280624 0.00217652773429014 0.00632672684637032 0.00449132767666534 0.00889147931883656 0.00114126035734449 0.00208451974891148 0.0018893355613849 0.000214664907816435 0.00289435186435123 0.00336889887291276 0.00253947460514761 0.00295525719883456 0.00192599000667196 0.0024865765022063 0.00214664922458351 0.00252768398379691 0.00235750892717561 0.0019705818108083 -0.000204427039820762 0.00252252765641955 0.00373842355548289 0.000916367211881063 0.0004129634571106
"PTZYGO" 0.00278892654806348 0.00308489397534876 0.00341170083050697 0.00391070440016774 0.00295756823966707 0.00167741915842518 0.00140414077761067 0.00440536262051318 0.00394982779107177 0.00220033953310182 0.00306878191744925 0.00302968647631997 -0.00155961926215376 0.000719367160612356 0.00481223866020547 0.00330382357431229 0.00246711099963571 0.00449132767666534 0.00932649174161891 0.012491294170509 0.00140164975555704 0.0032021579011109 0.00409427780544547 0.00206108212904666 0.00409655602300724 0.00508711615429506 0.00452084286648662 0.00125398317799189 0.00262966202799968 0.00311463526155812 0.00249815796031573 0.00284331865411189 0.00817889684858568 0.00119098617824488 -3.05486834257693e-05 0.00109677570539134 0.00211604903619113 0.00239557080008711 0.0023272001815886
"PTTSP" 0.00860195516459427 -0.00155303684318515 -0.000999088452779812 0.000439915811740483 0.000352750979073568 -0.00020268752234308 -0.0086025453701331 -0.0021991199783517 0.000612497819190376 0.00648110733917466 0.000591136448113283 -0.00247715580529784 0.00157638405803999 0.00466695800780531 0.00739376338143861 0.010669589914645 0.00571828148728882 0.00889147931883656 0.012491294170509 0.24426240714423 0.000403556747400142 0.00382986405665695 0.0044289104132835 0.00314375025877734 0.00353699061659157 -0.000927460739135625 0.00307967828480146 0.00621215066000983 0.000617368556298937 0.0065090050171945 0.0069361741646102 0.00512371961834004 -0.0014042661966742 0.0116649656783113 0.00273255588362928 0.0119104480424218 0.00108839595970509 0.0013628745043102 0.00221791866578974
"FMZS" -0.000715325453010335 0.00121863790125376 -0.000183893646410926 -0.00050259152153102 0.000254070557433568 9.47474576656657e-05 -0.000882723505949213 -0.000982939118983325 6.06710190545806e-05 0.000318236994471173 0.00064346522397299 -0.000356567605419724 0.000530045978101701 0.000373711442310444 -0.000534042243020753 -2.67118491230586e-05 0.000271408418784802 0.00114126035734449 0.00140164975555704 0.000403556747400142 0.00424493559212143 0.0010928824066301 0.000565147905486654 0.000250764636452345 0.00123366681750599 0.00130487948584407 0.000180550572411039 0.000939584274175071 0.000548125705245661 0.000753648210688078 -0.000151235470076988 0.000894603873844074 0.000671824179928525 0.000305622541104134 0.000780314206899641 0.000358019417234119 0.00086774178018728 0.000331126927744987 0.00111943806102169
"FMMT" 0.0025406632001063 0.0020449200999138 0.00252692675825508 0.00298114528839776 0.00190549439752903 0.00146279430275741 0.00377398761731331 0.00319601959271211 0.00241610873041707 0.00118160805601774 0.00182180571179957 0.00269145586514438 0.000376450649517924 0.000971825609710524 0.00404190902783556 0.00121366542668872 0.00117573732389396 0.00208451974891148 0.0032021579011109 0.00382986405665695 0.0010928824066301 0.00340783847405181 0.00256365601061071 0.00251633615116875 0.00276451308821133 0.00301838884771019 0.00302468816382577 0.0016096490204893 0.00155247440340563 0.00225944367742579 0.00194924886927243 0.00266594547900814 0.00322659232191426 0.00121042374209625 0.000337373623575174 0.00239251310591825 0.00200921373275825 0.00269039000977637 0.000793015913732308
"ZSZI" 0.00596859332024982 0.00309563097151548 0.00485644188768391 0.00557088275942403 0.0049769979159116 0.00251684050060794 0.00537661633143951 0.00150331610434076 0.00674384740613642 0.00287030607749824 0.00197430842802447 0.00334298097435612 0.000636758678651361 0.0009015154112278 0.00175987125255914 0.00101431274191706 0.00131696213118366 0.0018893355613849 0.00409427780544547 0.0044289104132835 0.000565147905486654 0.00256365601061071 0.0166452052035606 0.00113215010981598 -0.00171797379215532 0.00132542712177907 0.0040846743376064 -0.000522176787819886 0.00148453396782172 0.00321073973388031 0.00170284962497612 0.00558177090808052 0.00468266852735197 0.00139484728696788 -0.000967765617750825 0.00130679688383804 0.00161786348630832 0.00133305176136201 0.00284133934327248
"ZIMT" 0.00134576296145392 0.000951948598946852 0.00221413079202713 0.00113770444767013 0.000655263614507463 0.00210725577789633 0.00108480748309445 0.00129431042567789 0.00135135719329495 -8.4525414601662e-05 0.00117599926021511 0.00214898996710289 -0.000752086479375197 0.000383315574293355 0.00422033621001735 0.00152426520615966 0.00064633636879312 0.000214664907816435 0.00206108212904666 0.00314375025877734 0.000250764636452345 0.00251633615116875 0.00113215010981598 0.00720223322781319 0.00139224127136262 0.002291022843691 0.00170719050752189 -6.36234138445678e-05 0.000346791063360008 0.00165365351306292 0.00127124593694757 0.002379267953847 0.00242490131766415 0.000978493517751656 8.23066368963566e-05 0.00248634951599582 0.000395555356540437 0.00246808486731805 -0.000327414285313902
"ZIZYGO" 0.0015904500909261 0.0013521985996322 0.00120951170592046 0.00193186408262683 0.000631741018837785 0.000480423483441024 0.00277605843721327 0.00398916151440847 0.00138197361804829 0.00127520848853702 0.00204202636052847 0.00213206760769688 0.000290623955005391 0.000621145880638008 0.004611825069003 0.0015194955992679 0.00168115888017428 0.00289435186435123 0.00409655602300724 0.00353699061659157 0.00123366681750599 0.00276451308821133 -0.00171797379215532 0.00139224127136262 0.00703875643578471 0.00417202757625774 0.00290910420584736 0.00365559084451758 0.00233111763076235 0.00295373265384574 0.00217755482105823 -0.00011649145790252 0.00391686418182813 0.0013847741210861 0.000718328215022478 0.00192869768232942 0.00264348057315911 0.00279457896051346 0.000808518285023563
"ZITSP" 0.00183815413691324 0.0024203105307732 0.00304215217111324 0.00305442422959369 0.00175909999277293 0.00119078939299328 0.00351748248398402 0.00443439553134179 0.00265813878532766 0.00119697379953413 0.00240697335203051 0.00321926879892796 -0.00065679820808473 0.000728889129821085 0.00441502216476554 0.00184143381684132 0.00160631298884941 0.00336889887291276 0.00508711615429506 -0.000927460739135625 0.00130487948584407 0.00301838884771019 0.00132542712177907 0.002291022843691 0.00417202757625774 0.00787439883252989 0.00402655399106194 0.00154427455977312 0.00166183998764042 0.00288402076319714 0.0016733082558146 0.00270056782875506 0.00404390504696697 0.000986553775938408 -0.000192408792097463 0.00210875568926309 0.00266736313201307 0.00399589623010919 0.00118777196364893
"MTPNS" 0.00323806462472707 0.00283932482035766 0.00407769958547576 0.00404825124015674 0.00268909975181476 0.00184639048533458 0.00226933053886861 0.00404134759728742 0.00336781912186851 0.00181525179249388 0.00264585485131996 0.00323690099150813 -0.00037047772820544 0.000634931863577115 0.00449656284436351 0.00123412138152913 0.00142844564678505 0.00253947460514761 0.00452084286648662 0.00307967828480146 0.000180550572411039 0.00302468816382577 0.0040846743376064 0.00170719050752189 0.00290910420584736 0.00402655399106194 0.00602666647585206 0.000717743454173571 0.00227135470061398 0.00308583177681696 0.00253929067643317 0.00332318243797045 0.0048407808819629 0.000544112941003994 -0.000516613079262613 0.00125543505176545 0.00236153428723062 0.0034733837433572 0.0013187922289707
"PNSAPET" 0.00109778945414716 0.00206585205493394 -0.00154135612842448 0.0017826492590783 0.00174385159664032 -0.000102554587318346 0.0013096298355087 0.0019000427992081 0.000931510374151326 0.000868654750411827 0.00106435118852766 -0.000576165404377875 0.00163308810924099 0.00101488390537497 0.00183995116164796 -2.70890580746112e-05 0.00063186293585769 0.00295525719883456 0.00125398317799189 0.00621215066000983 0.000939584274175071 0.0016096490204893 -0.000522176787819886 -6.36234138445678e-05 0.00365559084451758 0.00154427455977312 0.000717743454173571 0.00846724359200597 0.0006925733475193 0.000219031808402663 0.0013561597404376 0.00107645990329054 0.000613999921389539 0.000934478200953476 0.000668312880777447 0.00260475696934159 0.00255564971098419 0.00152474495998395 -0.000285169960164744
"APETBA" 0.00141083039204999 0.0012281797981301 0.00176784806783542 0.00244750145058089 0.00182003683615572 0.00100610575789836 0.00242946824458958 0.00278618194688318 0.00212197946758506 0.00115996793451693 0.001610089942778 0.00199051257335903 0.000303756896279175 0.000437796567945878 0.00222852331216908 -2.29411074854572e-05 0.00190752435745642 0.00192599000667196 0.00262966202799968 0.000617368556298937 0.000548125705245661 0.00155247440340563 0.00148453396782172 0.000346791063360008 0.00233111763076235 0.00166183998764042 0.00227135470061398 0.0006925733475193 0.00494014304355841 0.00158450803537341 0.00247334856218487 0.00159044597854807 0.00291398659207352 0.00126650910646475 8.62260026148208e-05 0.00107688943243261 0.00164481947796292 0.00128009916857934 -0.000400064388371316
"APETTS" 0.00408906828972371 0.00195137835214794 0.0031684857795678 0.00334434673036198 0.00134300188797491 0.00117356080125785 0.00453005597338467 0.00297154981426593 0.00237291267329311 0.00131041176594583 0.00208920220225385 0.00228072358563691 0.000176976817340409 0.000333038696324992 0.00165273718965219 0.00180700886580055 0.00150038635546193 0.0024865765022063 0.00311463526155812 0.0065090050171945 0.000753648210688078 0.00225944367742579 0.00321073973388031 0.00165365351306292 0.00295373265384574 0.00288402076319714 0.00308583177681696 0.000219031808402663 0.00158450803537341 0.00754140949867614 0.00249946837659923 0.00132067522433864 0.00286077281691676 0.00178152596024699 -0.00024424251197931 0.00223618160437273 0.00244568881561415 0.00216022452205036 0.000607007133403946
"BAEAM" 0.00272466342422288 0.00158129601439059 0.00227203399047652 0.00278690027768026 0.00186139459226482 0.00113165049626756 0.00291598704446303 0.00293798391913158 0.00219885627850989 0.00131021070282763 0.00162573395531107 0.00221996183103537 0.000788274484079253 0.000845254614186827 0.00255904140421118 0.00101847944751839 0.00159361380725804 0.00214664922458351 0.00249815796031573 0.0069361741646102 -0.000151235470076988 0.00194924886927243 0.00170284962497612 0.00127124593694757 0.00217755482105823 0.0016733082558146 0.00253929067643317 0.0013561597404376 0.00247334856218487 0.00249946837659923 0.00328688958390782 0.00151245525091619 0.00237072174684158 0.0014227641559931 -6.66824155085487e-05 0.0024959768569401 0.00183017785193083 0.00195804135357147 -4.0867066966387e-05
"EAMZYGO" 0.00442550915316836 0.00378634486863749 0.00497998830593544 0.00420971898032126 0.00312574340347869 0.00253236379846215 0.00608246822077959 0.00322641395191905 0.00333999952548857 0.00135263662534874 0.00191205259971753 0.00379098192657151 0.000912454260478472 0.000849670402170054 0.00360728486246825 0.000226085787801319 0.000841611180512485 0.00252768398379691 0.00284331865411189 0.00512371961834004 0.000894603873844074 0.00266594547900814 0.00558177090808052 0.002379267953847 -0.00011649145790252 0.00270056782875506 0.00332318243797045 0.00107645990329054 0.00159044597854807 0.00132067522433864 0.00151245525091619 0.0100344655960259 0.00310023038860676 0.00129128221926987 7.6156048245805e-05 0.00145791705730047 0.0022290177712751 0.00195256655152649 0.00159106270918277
"ZYGOTSP" 0.00336610205065768 0.00333728798917017 0.00406026026034232 0.00489061839022848 0.00341750509585663 0.00223202458235051 0.0040628014737617 0.006206264548516 0.00493744708090262 0.00199514635687729 0.0037199591262184 0.00410440758640953 -0.00151286494379737 0.000483668017583773 0.00644169344910209 0.00251323384913025 0.00177424216760305 0.00235750892717561 0.00817889684858568 -0.0014042661966742 0.000671824179928525 0.00322659232191426 0.00468266852735197 0.00242490131766415 0.00391686418182813 0.00404390504696697 0.0048407808819629 0.000613999921389539 0.00291398659207352 0.00286077281691676 0.00237072174684158 0.00310023038860676 0.0102014993374683 0.000548729161564466 -8.38958484268297e-06 0.000347320882879633 0.00152587224512743 0.00289189613068431 0.00253148728443236
"LDAS" 0.00281254922588902 0.00167813213822797 0.0010644073019944 0.00157578649875644 0.000792723341171152 0.000386655250780137 0.00119323815328475 0.00110915307163464 0.00105473869989141 0.000897172347665262 0.000771860288986168 0.000904463285563397 0.00178405359455217 0.00137536365645037 -0.00015727922085539 0.000827613810602451 0.00119746998973145 0.0019705818108083 0.00119098617824488 0.0116649656783113 0.000305622541104134 0.00121042374209625 0.00139484728696788 0.000978493517751656 0.0013847741210861 0.000986553775938408 0.000544112941003994 0.000934478200953476 0.00126650910646475 0.00178152596024699 0.0014227641559931 0.00129128221926987 0.000548729161564466 0.00449969600780443 0.000757409310185609 0.00336070207344563 0.00154903487463769 -7.46213202469706e-05 0.000915991632066103
"BRLD" 0.000168939556101568 -0.000239312312508998 -0.000441635525813366 -0.000533508315290291 -0.000390877819107479 -8.05031787363246e-05 -4.34195329521552e-06 0.000430244847678017 -0.000251319680123547 -0.00133137760040004 0.000226336820855689 -4.56856250810859e-05 8.73560365022363e-05 0.00028488588199786 -0.000316476386367911 -0.00013376119988883 0.000113385257631252 -0.000204427039820762 -3.05486834257693e-05 0.00273255588362928 0.000780314206899641 0.000337373623575174 -0.000967765617750825 8.23066368963566e-05 0.000718328215022478 -0.000192408792097463 -0.000516613079262613 0.000668312880777447 8.62260026148208e-05 -0.00024424251197931 -6.66824155085487e-05 7.6156048245805e-05 -8.38958484268297e-06 0.000757409310185609 0.00407932912083236 2.68372103389421e-05 0.000641369672040883 0.000804506443156631 0.00100162465392476
"OPILD" 0.0033135845263537 0.00205568456957337 0.00143772521291476 0.0028615206638886 0.00200490060705237 0.00103699467302822 0.00473211858369556 0.00233474483269626 0.00175322050891695 0.000375642963327322 0.00115158157644478 0.00155922185300979 0.0018429835280841 0.00175172775981051 0.001709051791258 0.00152356867189241 0.00150073634405451 0.00252252765641955 0.00109677570539134 0.0119104480424218 0.000358019417234119 0.00239251310591825 0.00130679688383804 0.00248634951599582 0.00192869768232942 0.00210875568926309 0.00125543505176545 0.00260475696934159 0.00107688943243261 0.00223618160437273 0.0024959768569401 0.00145791705730047 0.000347320882879633 0.00336070207344563 2.68372103389421e-05 0.00816973030630068 0.0021945173189451 0.00212348258982574 -0.00180650527964994
"PTAS" 0.00224613091497738 0.00214242491817891 0.00179349607103168 0.00275245411175708 0.00189260211649503 0.000914571304131599 0.00277370834647958 0.00293064795500781 0.00201213286673359 0.00103844875214643 0.00199741140312767 0.00174306124537175 0.00106163477915878 0.000547893496746205 0.000416686547660638 -0.000109838848588367 0.00110933625764969 0.00373842355548289 0.00211604903619113 0.00108839595970509 0.00086774178018728 0.00200921373275825 0.00161786348630832 0.000395555356540437 0.00264348057315911 0.00266736313201307 0.00236153428723062 0.00255564971098419 0.00164481947796292 0.00244568881561415 0.00183017785193083 0.0022290177712751 0.00152587224512743 0.00154903487463769 0.000641369672040883 0.0021945173189451 0.00422327649078865 0.00292704586289669 0.000783494881073825
"JPAS" 0.00164751774681249 0.0011320360953675 0.00222499584932708 0.00236285011751437 0.00155169317542365 0.00151641180422236 0.00240419793315688 0.00355990721591639 0.00216507275281112 0.000748028335247965 0.00213533635348301 0.00251640907998408 -0.000244528072390312 0.000486940297950078 0.00511695876442165 0.00088933773174618 0.000770887236728937 0.000916367211881063 0.00239557080008711 0.0013628745043102 0.000331126927744987 0.00269039000977637 0.00133305176136201 0.00246808486731805 0.00279457896051346 0.00399589623010919 0.0034733837433572 0.00152474495998395 0.00128009916857934 0.00216022452205036 0.00195804135357147 0.00195256655152649 0.00289189613068431 -7.46213202469706e-05 0.000804506443156631 0.00212348258982574 0.00292704586289669 0.00749440958263188 0.000675868162206357
"BAOPI" 0.000851008064591919 0.00102136790399149 0.00111063173184845 0.000347776546031704 0.000748088486893898 0.000277966980500925 -0.0007326028608764 0.000796711946394094 0.00137897017146451 0.00128012566710811 0.000754685494151729 0.0006203257945382 0.000748978361846162 0.00086529055782892 0.000706262098299885 0.000972374568554234 0.000315681121004365 0.0004129634571106 0.0023272001815886 0.00221791866578974 0.00111943806102169 0.000793015913732308 0.00284133934327248 -0.000327414285313902 0.000808518285023563 0.00118777196364893 0.0013187922289707 -0.000285169960164744 -0.000400064388371316 0.000607007133403946 -4.0867066966387e-05 0.00159106270918277 0.00253148728443236 0.000915991632066103 0.00100162465392476 -0.00180650527964994 0.000783494881073825 0.000675868162206357 0.00673911837159992
