"" "ISPM" "ISNSL" "ISPNS" "PMZS" "PMZI" "PMMT" "NSLNA" "NSLZS" "NSLZI" "NABR" "NAFM" "NAPNS" "BRPT" "BRAPET" "PTFM" "PTAPET" "PTBA" "PTEAM" "PTZYGO" "PTTSP" "FMZS" "FMMT" "ZSZI" "ZIMT" "ZIZYGO" "ZITSP" "MTPNS" "PNSAPET" "APETBA" "APETTS" "BAEAM" "EAMZYGO" "ZYGOTSP" "LDAS" "BRLD" "OPILD" "PTAS" "JPAS" "BAOPI"
"ISPM" 0.00516243308792432 0.00166737012186896 0.00157163433099111 0.000575442836618815 0.00042237269620688 0.00107541972486105 0.00163144822115125 0.000917630526536047 0.000872925053889461 0.000626141256226604 0.00062250481371376 0.000712276511362683 0.000625826141665568 0.000508067315169459 0.00147729133087618 -6.72570691367384e-05 -2.49274379385282e-05 -7.20772677078065e-05 0.000831947339923805 -0.000503664313170153 0.000849696310750862 0.000919393139864974 0.00102216031190024 0.000962610059803277 0.000815566414779977 0.00197582584746443 0.00112530626265891 0.0017405704559043 0.000288707538118626 0.00019369922676594 0.000359797372836096 0.000465890766412097 0.000864221657591427 0.00153974907556763 0.00107676123338136 0.00112597989491344 0.000473409714874947 0.000333119149973122 0.000304893786916983
"ISNSL" 0.00166737012186896 0.00562961339393299 0.00245664762683045 0.0041589656561213 0.00303282796559207 0.00132848555066162 0.000924643710031537 0.00100030821856814 0.00215698213869919 0.00144869270728271 0.000924911565811095 0.000907833896000809 -0.00061188784174051 -0.000120557258586809 0.00339059649089632 0.000257877416201147 0.000440887569647946 0.00114527317163154 0.00258811754195965 0.000613443108040108 0.00328208866610374 0.00254469564927626 0.00356813177134357 0.000693929657474115 0.00209532498404414 0.00272381612286236 0.00408029587001245 0.00249836328402855 0.00167258199121487 0.00226111388224489 0.000821947508209582 0.00133858297751986 0.00279199201543993 0.00090860928675283 8.4592423202188e-05 0.000866774769428579 0.00096710909494382 0.00121447676365791 0.000555656305218468
"ISPNS" 0.00157163433099111 0.00245664762683045 0.00350549749407125 0.00301558172189266 0.00266928486641232 0.00107705722491531 0.00263291050384461 0.0010704845890257 0.00203141796737333 0.000581337321660976 0.000146334880200617 0.00194459045654757 -0.00125044897290503 -0.000477991805144932 0.00261363941039073 0.000408742310767136 0.000411596571111003 0.000725026488355401 0.00172261951058039 -0.000201536209211581 0.00172020884233237 0.00157432588625654 0.00362898976418544 -0.000367486255132254 0.00140007951624314 0.00246314690469949 0.00280699797317256 -0.000678092925984776 0.0013514875931349 0.00303329859008078 0.000963428287140801 0.000903846042353602 0.00162111722048078 0.000864684637655309 -7.10966659415794e-05 0.000908555561392321 0.000641024079608114 0.000619425530696069 -0.000236878006611578
"PMZS" 0.000575442836618815 0.0041589656561213 0.00301558172189266 0.00617390953642094 0.00385496510127005 0.0014682302446674 0.00363717986620543 0.00285864281601734 0.00231707242903802 0.001086147609019 0.000658795882939857 0.00143780480653432 -0.00167337140068034 -0.000420332180319815 0.00356038059674951 0.00103654694639741 0.000833776726954213 0.00143788850115184 0.00342642578235738 0.00156227302271583 0.00053597045762478 0.00230544565822442 0.00339945607940109 -0.000838402847793435 0.00231315439931745 0.00307207554039517 0.00422293505005319 0.00163956915953609 0.00204949888827179 0.00251668558466999 0.00119833274092765 0.00051116568614256 0.00338747068837951 0.000426867325744404 0.000397148727629037 2.1627632933077e-05 0.000801627287455633 0.00114360936068883 0.000252076964871176
"PMZI" 0.00042237269620688 0.00303282796559207 0.00266928486641232 0.00385496510127005 0.00415098710834146 0.00116854659010535 0.000892842924812453 0.00125087984713089 0.00257624424053909 0.000812563119813541 0.000484765320412261 0.00106525106604252 -0.00149344855339366 -0.000263010146982846 0.00253458808850163 0.000625900507416624 0.000671500364451382 0.00112233736366274 0.00205254848171469 0.000843183157585615 0.00209335772280378 0.0016314174854641 0.00419025465031678 -0.00103800582320797 0.000865871672522269 0.0015750546458874 0.00345509103468268 0.00103208860115079 0.00177958048578577 0.00237237490829907 0.0010849592117729 0.000483690716000354 0.00221445139716675 7.47330651253356e-05 0.000105807753488797 0.000312516703507536 0.000561159031005523 0.000947402312346068 -5.25863898484609e-06
"PMMT" 0.00107541972486105 0.00132848555066162 0.00107705722491531 0.0014682302446674 0.00116854659010535 0.00169102437780934 0.00129907836512028 0.000992313679871383 0.00102762024421866 0.000367367379235237 0.000457841459313178 0.000456977442836192 0.000241150850170021 9.01724160919295e-05 0.000876054984521907 -0.00017941564084207 0.000161892976814493 -4.33655451420445e-05 0.000668098897065062 -0.00266899687844308 0.000588070524996476 0.000866385643124856 0.00128491324200064 0.00115951003010673 0.00118195463435288 0.000718008205970682 0.00092187143214541 0.000810777092126178 0.000972803092833115 0.000819258914541614 0.000635812170686148 0.000176976475895954 0.00103779728313093 0.000363022507871475 0.000383029357737536 0.000167102900364187 0.000228883353506328 0.000268770126813615 0.000312054056548212
"NSLNA" 0.00163144822115125 0.000924643710031537 0.00263291050384461 0.00363717986620543 0.000892842924812453 0.00129907836512028 0.0146038397860649 0.00234414849103644 0.00158838517830895 -0.00116826963503441 0.000175042145589017 0.00138333492202496 -0.00193070981708817 -0.00156380235934535 0.0021674032041444 -0.000291849400267296 -0.000334814999869413 -0.000993454854891911 0.00132905004785091 0.0017433458464084 0.00145016601840002 0.00148611090839067 0.00267574654504659 0.00103989855166801 0.000924566423561044 0.00341097044144892 0.000365574337037065 -0.000539984194686482 0.00140630877853952 0.00286136973371432 0.000932200943334166 0.0014232295670242 0.00135959702280545 -0.0009287023819183 0.00113822496263546 -0.00294767908120888 -0.000123131273455096 0.00135158605184112 0.000433057659207383
"NSLZS" 0.000917630526536047 0.00100030821856814 0.0010704845890257 0.00285864281601734 0.00125087984713089 0.000992313679871383 0.00234414849103644 0.00672080968320792 0.00219825441184725 0.000543375394843192 0.00123263012977239 0.000964626648907271 -0.000496035557094833 -0.000226784719283408 0.00187984389218648 0.000443728742990563 0.000414522638529861 0.000453062514079972 0.00221883095880849 0.00139942787501029 -0.00327877629566545 0.000306792461034678 -0.00198496928086661 -0.00144005541917487 0.000937388680847732 0.000613944794114083 0.00116413506915178 0.000890793401628716 0.00131818965394491 0.000953696158248904 0.000725728194901324 -0.000596486731800878 0.00240250176450714 0.000499265657616489 -0.000339126986645654 -8.74386686077066e-05 0.000569153170857957 0.00115559941602227 0.000640439114755116
"NSLZI" 0.000872925053889461 0.00215698213869919 0.00203141796737333 0.00231707242903802 0.00257624424053909 0.00102762024421866 0.00158838517830895 0.00219825441184725 0.00296065154723594 0.000792804036364367 0.000869672971763681 0.00119597126254091 -0.000606598622304223 -3.63874472883331e-05 0.00266233555594561 1.62222111132079e-05 0.000417182326562244 0.00018367000181551 0.0015769800752609 -0.00167160942627335 0.00136245913471677 0.00117819425982828 0.00388573983008346 -0.000617023907161281 0.000728194370041272 0.00136681179032727 0.00233731105241386 0.000427542339790267 0.00190656849359875 0.00204476448145293 0.000941690317503882 0.000290601599102259 0.00227668038996867 0.000554112797341787 -1.56652028713929e-06 0.00055579667606631 0.000378359530374913 0.000885451473877808 1.01310656773334e-05
"NABR" 0.000626141256226604 0.00144869270728271 0.000581337321660976 0.001086147609019 0.000812563119813541 0.000367367379235237 -0.00116826963503441 0.000543375394843192 0.000792804036364367 0.00257987963782366 0.000433474419750334 0.000549545488699965 0.00123886301408208 0.000925174703479752 0.00238681240642901 0.000616080518158408 0.000803612920406721 0.00109774280685281 0.00127922756521887 0.00115552422596139 0.00102424762706654 0.00143383110295058 0.00138260083866278 7.67466897909121e-06 0.000866020633126175 0.0010259750472885 0.00222612843185126 0.00117731122780148 0.00146157517390661 0.00149550666928338 0.000840745323809089 0.000736034858462991 0.00139085742341204 0.00170478327267761 -0.000815210175194022 0.00128052352881872 0.000847346919887766 0.000547836576889279 0.000324867392041716
"NAFM" 0.00062250481371376 0.000924911565811095 0.000146334880200617 0.000658795882939857 0.000484765320412261 0.000457841459313178 0.000175042145589017 0.00123263012977239 0.000869672971763681 0.000433474419750334 0.00187228820594498 0.000340674417325562 0.000414845721020604 0.000569520799944369 0.000633961004343456 0.000317352814290074 0.000441402169971558 0.000449847300745443 0.00141828588406639 0.000155584109288245 0.000845184763559323 0.000182521586451624 0.000339774366901029 -4.76518680008465e-05 0.00124839970089456 0.000733337029655978 0.000797363899836779 0.00122343848180917 0.00110619128510417 -6.38969201684216e-05 0.000369032233516913 -0.000336395139710861 0.00134855715429011 0.000476600874838128 0.000170460966738431 0.000852214343128444 0.000438951463878445 0.000640944324916073 0.000294301951707236
"NAPNS" 0.000712276511362683 0.000907833896000809 0.00194459045654757 0.00143780480653432 0.00106525106604252 0.000456977442836192 0.00138333492202496 0.000964626648907271 0.00119597126254091 0.000549545488699965 0.000340674417325562 0.00232704808492825 -0.00027073182082408 0.000171105071773394 0.0014993820362138 0.000735384295906582 0.00069809159680943 0.000651562097176008 0.0010809398065343 -0.000884012210818129 0.000568680063987157 0.00133715445009084 0.00217783636902054 -0.000430762590594802 0.00147041409422688 0.00140385252376856 0.0013291665789305 -0.00110275435477554 0.00106994190302181 0.00253613490185436 0.000709252304264795 -0.000165460626151761 0.000781970143302431 0.000873633428913453 -3.02927286652906e-06 0.00116733855215262 0.000829063481331691 0.000929424462966049 0.000105149914878708
"BRPT" 0.000625826141665568 -0.00061188784174051 -0.00125044897290503 -0.00167337140068034 -0.00149344855339366 0.000241150850170021 -0.00193070981708817 -0.000496035557094833 -0.000606598622304223 0.00123886301408208 0.000414845721020604 -0.00027073182082408 0.0038291607723908 0.00181751988938645 -0.000816061331619422 -0.000675401642099959 0.000119066180502151 -0.000550626933430726 -0.00191235547085865 -0.00591994475961315 -0.000131749605521013 0.000169633276769073 -0.000968040478992909 0.000897935267110706 -0.000187097088808293 -0.00097702106420267 -0.000298293764982182 0.000836815037729409 0.000194689625035478 -4.68533083182637e-05 0.000298435962225045 0.000301950967207408 -0.00153498518055364 0.00107822270149693 0.00032327851772941 0.00132878992614047 0.000587972551468415 -0.00019779427330661 0.000111413475220579
"BRAPET" 0.000508067315169459 -0.000120557258586809 -0.000477991805144932 -0.000420332180319815 -0.000263010146982846 9.01724160919295e-05 -0.00156380235934535 -0.000226784719283408 -3.63874472883331e-05 0.000925174703479752 0.000569520799944369 0.000171105071773394 0.00181751988938645 0.00206638569323124 -0.000421414855135737 0.000944480635328643 0.000815748233819382 0.000809008271573357 0.000368293897449711 0.00147011019044791 0.000214844610336831 0.000569236084190408 9.76577222234688e-05 0.000707123678499721 -0.000541323265877707 -0.000359932961568833 0.000554007455761224 0.000343413385497867 0.00055811512134639 -0.000513646479273435 0.000141661317208191 0.000378453833545319 0.000164633702023741 0.000843374131384968 0.00104651577373762 0.00140021692787949 0.000820288481526338 0.000196028157696341 -0.000307013043689081
"PTFM" 0.00147729133087618 0.00339059649089632 0.00261363941039073 0.00356038059674951 0.00253458808850163 0.000876054984521907 0.0021674032041444 0.00187984389218648 0.00266233555594561 0.00238681240642901 0.000633961004343456 0.0014993820362138 -0.000816061331619422 -0.000421414855135737 0.013268214482878 -0.000485185260138456 -0.00108518191241932 -0.00333070783211181 0.00107489909934874 -0.00958972865292541 -0.000228981461421268 0.00254776084338296 0.00511283646276112 -0.000765948329436121 0.00141111817276395 0.00239795550873137 0.00432979928419555 0.00192856405610355 0.0018657438722066 0.00305111504826604 0.00139630646825043 0.00242867872603644 0.00452359803679668 0.00097868029575051 -0.0007802544448147 0.00163000651378572 -0.00262551084688977 0.000523344052761432 -1.70191933088382e-05
"PTAPET" -6.72570691367384e-05 0.000257877416201147 0.000408742310767136 0.00103654694639741 0.000625900507416624 -0.00017941564084207 -0.000291849400267296 0.000443728742990563 1.62222111132079e-05 0.000616080518158408 0.000317352814290074 0.000735384295906582 -0.000675401642099959 0.000944480635328643 -0.000485185260138456 0.00360557415547215 0.00207520341196787 0.00273477505496685 0.00307452220928222 0.0148918535214392 -0.000307231929191988 0.000982771973923938 -7.2341896283548e-05 0.000546699029933059 0.000453045401272532 0.000555440324436307 0.00152770007363105 -0.000156091912372426 0.000204531331534019 0.000300025182761581 3.04858343473822e-05 -0.000631812990671269 0.00140638393789728 0.000630812097528674 0.00102288350254972 0.000593331296776776 0.00126510415981371 0.000555392936804212 0.000167181061443465
"PTBA" -2.49274379385282e-05 0.000440887569647946 0.000411596571111003 0.000833776726954213 0.000671500364451382 0.000161892976814493 -0.000334814999869413 0.000414522638529861 0.000417182326562244 0.000803612920406721 0.000441402169971558 0.00069809159680943 0.000119066180502151 0.000815748233819382 -0.00108518191241932 0.00207520341196787 0.00221380100386972 0.00260083403206271 0.00221159390952812 0.00825299575375802 0.000664988461077825 0.00115424724746935 0.00075183945227793 0.000514532323822556 0.00124603957686474 0.00077077644917294 0.00133415382180063 0.00038826133941789 0.00179377607777374 0.000437408995309277 0.000514792845824103 -0.000648558160127419 0.000921756801316234 0.000743688541092332 0.000989563274042296 0.000697804384278217 0.00191786539349328 0.000858879598219991 1.12836017496777e-05
"PTEAM" -7.20772677078065e-05 0.00114527317163154 0.000725026488355401 0.00143788850115184 0.00112233736366274 -4.33655451420445e-05 -0.000993454854891911 0.000453062514079972 0.00018367000181551 0.00109774280685281 0.000449847300745443 0.000651562097176008 -0.000550626933430726 0.000809008271573357 -0.00333070783211181 0.00273477505496685 0.00260083403206271 0.00604698365639738 0.00442026901999998 0.0145745931233131 0.00131699863742429 0.00131576669655382 -4.62222273375373e-05 0.000244647419344901 0.00140710636407926 0.00195299955224558 0.00256318281523911 0.000508073233896739 0.00133902113087592 0.000904127382498154 0.000364059817013365 0.000184226931402469 0.00206267728364334 0.0011163102126451 0.000745587102398037 0.000749778830261539 0.00380164115235096 0.00145315599989749 0.000244726665262073
"PTZYGO" 0.000831947339923805 0.00258811754195965 0.00172261951058039 0.00342642578235738 0.00205254848171469 0.000668098897065062 0.00132905004785091 0.00221883095880849 0.0015769800752609 0.00127922756521887 0.00141828588406639 0.0010809398065343 -0.00191235547085865 0.000368293897449711 0.00107489909934874 0.00307452220928222 0.00221159390952812 0.00442026901999998 0.00730389419246817 0.0163616247055233 0.000528191126922816 0.00141223080787555 0.00175397560066371 -4.6938055757292e-05 0.00267542875721667 0.00329094379262056 0.00338459389652701 0.0010340557413056 0.00220744270673534 0.0010456000402544 0.000663500717019393 0.000120054529721917 0.0058197692728922 0.001035327112976 0.00054914144092009 0.000973225653423966 0.00200278997920239 0.00124293069747545 0.000135918491763636
"PTTSP" -0.000503664313170153 0.000613443108040108 -0.000201536209211581 0.00156227302271583 0.000843183157585615 -0.00266899687844308 0.0017433458464084 0.00139942787501029 -0.00167160942627335 0.00115552422596139 0.000155584109288245 -0.000884012210818129 -0.00591994475961315 0.00147011019044791 -0.00958972865292541 0.0148918535214392 0.00825299575375802 0.0145745931233131 0.0163616247055233 0.188308485212407 0.00245688257975744 6.05835215170066e-05 -0.00715565535386939 -0.00164163839304267 0.00209449852755979 0.00301872102949231 0.00274732771282119 0.00424182540801306 0.000770735984281781 -0.0035762851714577 -0.000877043032519206 -0.000910411553741604 -0.00129466205278174 0.00386014294729993 0.00511082532334288 -0.00389363966385466 0.00628722810500617 0.00127233190827213 -0.000899861499300015
"FMZS" 0.000849696310750862 0.00328208866610374 0.00172020884233237 0.00053597045762478 0.00209335772280378 0.000588070524996476 0.00145016601840002 -0.00327877629566545 0.00136245913471677 0.00102424762706654 0.000845184763559323 0.000568680063987157 -0.000131749605521013 0.000214844610336831 -0.000228981461421268 -0.000307231929191988 0.000664988461077825 0.00131699863742429 0.000528191126922816 0.00245688257975744 0.00953816775996647 0.00241980896534446 0.00464615583315361 0.00193288305807925 0.000730128753535803 0.00201195014580855 0.00180893894998333 0.000864542184605274 0.00198200156022225 0.00235661037291209 0.000846060318383395 0.00202754469854644 -7.75582089495092e-05 0.000549980145885421 8.79280143361482e-05 0.000127008552917732 0.0013713925247553 0.000888289344704963 0.000477715208176736
"FMMT" 0.000919393139864974 0.00254469564927626 0.00157432588625654 0.00230544565822442 0.0016314174854641 0.000866385643124856 0.00148611090839067 0.000306792461034678 0.00117819425982828 0.00143383110295058 0.000182521586451624 0.00133715445009084 0.000169633276769073 0.000569236084190408 0.00254776084338296 0.000982771973923938 0.00115424724746935 0.00131576669655382 0.00141223080787555 6.05835215170066e-05 0.00241980896534446 0.00325417611731951 0.00302008150346003 0.00133366657194564 0.000985456974673823 0.00178892473041373 0.00301446200118312 0.00131756011770695 0.00165051344341704 0.00249962531492657 0.00103423728236142 0.00153110524600972 0.00165133690873787 0.000887625162606796 0.000538412694056308 0.000637758245334171 0.00135761137506787 0.00127532743297125 0.000502033933700506
"ZSZI" 0.00102216031190024 0.00356813177134357 0.00362898976418544 0.00339945607940109 0.00419025465031678 0.00128491324200064 0.00267574654504659 -0.00198496928086661 0.00388573983008346 0.00138260083866278 0.000339774366901029 0.00217783636902054 -0.000968040478992909 9.76577222234688e-05 0.00511283646276112 -7.2341896283548e-05 0.00075183945227793 -4.62222273375373e-05 0.00175397560066371 -0.00715565535386939 0.00464615583315361 0.00302008150346003 0.0120832289612654 -0.000439811916183344 0.00152199448889685 0.00346920427366821 0.00471096032341632 5.19836302788974e-05 0.00316230811825995 0.00374778946739123 0.00146998038340272 0.000864374415258476 0.00346569707933158 0.00102335906921212 0.00070361513659728 0.00125147870834761 0.000312455340626395 0.000602117259915958 -0.0010574301149286
"ZIMT" 0.000962610059803277 0.000693929657474115 -0.000367486255132254 -0.000838402847793435 -0.00103800582320797 0.00115951003010673 0.00103989855166801 -0.00144005541917487 -0.000617023907161281 7.67466897909121e-06 -4.76518680008465e-05 -0.000430762590594802 0.000897935267110706 0.000707123678499721 -0.000765948329436121 0.000546699029933059 0.000514532323822556 0.000244647419344901 -4.6938055757292e-05 -0.00164163839304267 0.00193288305807925 0.00133366657194564 -0.000439811916183344 0.00566695199099622 -0.000408546042896992 -9.21863643343951e-05 -0.000982760293264197 0.00105051533305485 -0.000220611383940327 -0.000388111469461624 -0.000245716172836504 0.00205321802527805 0.000114185942466743 0.000118327686635343 0.00115790553508728 -9.26634324635244e-05 0.000364703980604158 -0.000199432570052438 0.00039675698813004
"ZIZYGO" 0.000815566414779977 0.00209532498404414 0.00140007951624314 0.00231315439931745 0.000865871672522269 0.00118195463435288 0.000924566423561044 0.000937388680847732 0.000728194370041272 0.000866020633126175 0.00124839970089456 0.00147041409422688 -0.000187097088808293 -0.000541323265877707 0.00141111817276395 0.000453045401272532 0.00124603957686474 0.00140710636407926 0.00267542875721667 0.00209449852755979 0.000730128753535803 0.000985456974673823 0.00152199448889685 -0.000408546042896992 0.00846853554634576 0.00269770004985243 0.00182222750303961 0.000759033317345336 0.00252424472041663 0.00125606378139439 0.0011677394128587 -0.00485583384849972 0.00155967273094605 0.000437850396862318 -0.000621935800432747 0.00183599343327748 0.00101883533402319 0.00160693649529547 2.852697028711e-06
"ZITSP" 0.00197582584746443 0.00272381612286236 0.00246314690469949 0.00307207554039517 0.0015750546458874 0.000718008205970682 0.00341097044144892 0.000613944794114083 0.00136681179032727 0.0010259750472885 0.000733337029655978 0.00140385252376856 -0.00097702106420267 -0.000359932961568833 0.00239795550873137 0.000555440324436307 0.00077077644917294 0.00195299955224558 0.00329094379262056 0.00301872102949231 0.00201195014580855 0.00178892473041373 0.00346920427366821 -9.21863643343951e-05 0.00269770004985243 0.00609208267277221 0.00341714149287818 0.00130622641499336 0.0015453530512795 0.00212719646958331 0.000665568256961119 0.00125079092503897 0.00265978338264688 0.00155369955360981 0.000565182964066108 0.000464953588084326 0.00153287932273447 0.00128842882602729 0.000153528322546076
"MTPNS" 0.00112530626265891 0.00408029587001245 0.00280699797317256 0.00422293505005319 0.00345509103468268 0.00092187143214541 0.000365574337037065 0.00116413506915178 0.00233731105241386 0.00222612843185126 0.000797363899836779 0.0013291665789305 -0.000298293764982182 0.000554007455761224 0.00432979928419555 0.00152770007363105 0.00133415382180063 0.00256318281523911 0.00338459389652701 0.00274732771282119 0.00180893894998333 0.00301446200118312 0.00471096032341632 -0.000982760293264197 0.00182222750303961 0.00341714149287818 0.00706773520880184 0.00161281130601537 0.00217979096291271 0.00345179961414855 0.00157461283357515 0.00180432752358739 0.00367819756494907 0.00139829787040964 -3.84175321720901e-05 0.00167155171160808 0.00185673101084231 0.00168374858211954 0.000511751307189138
"PNSAPET" 0.0017405704559043 0.00249836328402855 -0.000678092925984776 0.00163956915953609 0.00103208860115079 0.000810777092126178 -0.000539984194686482 0.000890793401628716 0.000427542339790267 0.00117731122780148 0.00122343848180917 -0.00110275435477554 0.000836815037729409 0.000343413385497867 0.00192856405610355 -0.000156091912372426 0.00038826133941789 0.000508073233896739 0.0010340557413056 0.00424182540801306 0.000864542184605274 0.00131756011770695 5.19836302788974e-05 0.00105051533305485 0.000759033317345336 0.00130622641499336 0.00161281130601537 0.007762426642845 0.00029392197802579 -0.00214457154272039 0.000414330531664352 0.00154207927270375 0.00108271112376279 0.000409871040382481 0.000984934519359909 0.000250774758533733 0.000553389510870578 0.000412605364712455 0.000513887752787635
"APETBA" 0.000288707538118626 0.00167258199121487 0.0013514875931349 0.00204949888827179 0.00177958048578577 0.000972803092833115 0.00140630877853952 0.00131818965394491 0.00190656849359875 0.00146157517390661 0.00110619128510417 0.00106994190302181 0.000194689625035478 0.00055811512134639 0.0018657438722066 0.000204531331534019 0.00179377607777374 0.00133902113087592 0.00220744270673534 0.000770735984281781 0.00198200156022225 0.00165051344341704 0.00316230811825995 -0.000220611383940327 0.00252424472041663 0.0015453530512795 0.00217979096291271 0.00029392197802579 0.00499141511592897 0.00185782747136059 0.00158400893774304 -0.000379694396160823 0.002186638078595 0.000757228904137379 0.00057640032885514 0.000617036727534583 0.0015622258840855 0.00159332598303224 -0.000231603122347883
"APETTS" 0.00019369922676594 0.00226111388224489 0.00303329859008078 0.00251668558466999 0.00237237490829907 0.000819258914541614 0.00286136973371432 0.000953696158248904 0.00204476448145293 0.00149550666928338 -6.38969201684216e-05 0.00253613490185436 -4.68533083182637e-05 -0.000513646479273435 0.00305111504826604 0.000300025182761581 0.000437408995309277 0.000904127382498154 0.0010456000402544 -0.0035762851714577 0.00235661037291209 0.00249962531492657 0.00374778946739123 -0.000388111469461624 0.00125606378139439 0.00212719646958331 0.00345179961414855 -0.00214457154272039 0.00185782747136059 0.00991265830866551 0.00176304258120216 0.00160087153568708 0.00156158487930364 0.000101235220015215 -0.000637276630855628 -1.88508284739809e-05 0.00123276156031624 0.00133900843908947 0.00111630554027252
"BAEAM" 0.000359797372836096 0.000821947508209582 0.000963428287140801 0.00119833274092765 0.0010849592117729 0.000635812170686148 0.000932200943334166 0.000725728194901324 0.000941690317503882 0.000840745323809089 0.000369032233516913 0.000709252304264795 0.000298435962225045 0.000141661317208191 0.00139630646825043 3.04858343473822e-05 0.000514792845824103 0.000364059817013365 0.000663500717019393 -0.000877043032519206 0.000846060318383395 0.00103423728236142 0.00146998038340272 -0.000245716172836504 0.0011677394128587 0.000665568256961119 0.00157461283357515 0.000414330531664352 0.00158400893774304 0.00176304258120216 0.00159030918520502 0.000377873775789419 0.000972300754320433 0.000922903878967785 -0.000452330053463074 0.000976803304095675 0.000725012583546455 0.000904662332497485 0.000167029782439415
"EAMZYGO" 0.000465890766412097 0.00133858297751986 0.000903846042353602 0.00051116568614256 0.000483690716000354 0.000176976475895954 0.0014232295670242 -0.000596486731800878 0.000290601599102259 0.000736034858462991 -0.000336395139710861 -0.000165460626151761 0.000301950967207408 0.000378453833545319 0.00242867872603644 -0.000631812990671269 -0.000648558160127419 0.000184226931402469 0.000120054529721917 -0.000910411553741604 0.00202754469854644 0.00153110524600972 0.000864374415258476 0.00205321802527805 -0.00485583384849972 0.00125079092503897 0.00180432752358739 0.00154207927270375 -0.000379694396160823 0.00160087153568708 0.000377873775789419 0.00918092116565873 0.00121054141339943 0.000344603741223111 0.00026376328017105 -0.000448745670651115 0.00051518625648008 -0.000142418216460972 0.00055724548167959
"ZYGOTSP" 0.000864221657591427 0.00279199201543993 0.00162111722048078 0.00338747068837951 0.00221445139716675 0.00103779728313093 0.00135959702280545 0.00240250176450714 0.00227668038996867 0.00139085742341204 0.00134855715429011 0.000781970143302431 -0.00153498518055364 0.000164633702023741 0.00452359803679668 0.00140638393789728 0.000921756801316234 0.00206267728364334 0.0058197692728922 -0.00129466205278174 -7.75582089495092e-05 0.00165133690873787 0.00346569707933158 0.000114185942466743 0.00155967273094605 0.00265978338264688 0.00367819756494907 0.00108271112376279 0.002186638078595 0.00156158487930364 0.000972300754320433 0.00121054141339943 0.00785034946388891 0.000939087764379662 0.000151396967541745 0.00119033603308416 0.000428805097769238 0.000696703405104437 -0.00010910136346037
"LDAS" 0.00153974907556763 0.00090860928675283 0.000864684637655309 0.000426867325744404 7.47330651253356e-05 0.000363022507871475 -0.0009287023819183 0.000499265657616489 0.000554112797341787 0.00170478327267761 0.000476600874838128 0.000873633428913453 0.00107822270149693 0.000843374131384968 0.00097868029575051 0.000630812097528674 0.000743688541092332 0.0011163102126451 0.001035327112976 0.00386014294729993 0.000549980145885421 0.000887625162606796 0.00102335906921212 0.000118327686635343 0.000437850396862318 0.00155369955360981 0.00139829787040964 0.000409871040382481 0.000757228904137379 0.000101235220015215 0.000922903878967785 0.000344603741223111 0.000939087764379662 0.00453297862280781 -0.000862497995933223 0.00284852467393 0.00125908148760807 0.000428752314181632 6.98075886953958e-05
"BRLD" 0.00107676123338136 8.4592423202188e-05 -7.10966659415794e-05 0.000397148727629037 0.000105807753488797 0.000383029357737536 0.00113822496263546 -0.000339126986645654 -1.56652028713929e-06 -0.000815210175194022 0.000170460966738431 -3.02927286652906e-06 0.00032327851772941 0.00104651577373762 -0.0007802544448147 0.00102288350254972 0.000989563274042296 0.000745587102398037 0.00054914144092009 0.00511082532334288 8.79280143361482e-05 0.000538412694056308 0.00070361513659728 0.00115790553508728 -0.000621935800432747 0.000565182964066108 -3.84175321720901e-05 0.000984934519359909 0.00057640032885514 -0.000637276630855628 -0.000452330053463074 0.00026376328017105 0.000151396967541745 -0.000862497995933223 0.00601353644055974 -0.0016058815694954 0.000714337148814834 -0.000749678612542124 -0.000221834774956837
"OPILD" 0.00112597989491344 0.000866774769428579 0.000908555561392321 2.1627632933077e-05 0.000312516703507536 0.000167102900364187 -0.00294767908120888 -8.74386686077066e-05 0.00055579667606631 0.00128052352881872 0.000852214343128444 0.00116733855215262 0.00132878992614047 0.00140021692787949 0.00163000651378572 0.000593331296776776 0.000697804384278217 0.000749778830261539 0.000973225653423966 -0.00389363966385466 0.000127008552917732 0.000637758245334171 0.00125147870834761 -9.26634324635244e-05 0.00183599343327748 0.000464953588084326 0.00167155171160808 0.000250774758533733 0.000617036727534583 -1.88508284739809e-05 0.000976803304095675 -0.000448745670651115 0.00119033603308416 0.00284852467393 -0.0016058815694954 0.00618325497363336 0.000859422633779959 0.00110227819743678 -0.00144912650108848
"PTAS" 0.000473409714874947 0.00096710909494382 0.000641024079608114 0.000801627287455633 0.000561159031005523 0.000228883353506328 -0.000123131273455096 0.000569153170857957 0.000378359530374913 0.000847346919887766 0.000438951463878445 0.000829063481331691 0.000587972551468415 0.000820288481526338 -0.00262551084688977 0.00126510415981371 0.00191786539349328 0.00380164115235096 0.00200278997920239 0.00628722810500617 0.0013713925247553 0.00135761137506787 0.000312455340626395 0.000364703980604158 0.00101883533402319 0.00153287932273447 0.00185673101084231 0.000553389510870578 0.0015622258840855 0.00123276156031624 0.000725012583546455 0.00051518625648008 0.000428805097769238 0.00125908148760807 0.000714337148814834 0.000859422633779959 0.00361443827036762 0.00148849032644799 0.000447507283629072
"JPAS" 0.000333119149973122 0.00121447676365791 0.000619425530696069 0.00114360936068883 0.000947402312346068 0.000268770126813615 0.00135158605184112 0.00115559941602227 0.000885451473877808 0.000547836576889279 0.000640944324916073 0.000929424462966049 -0.00019779427330661 0.000196028157696341 0.000523344052761432 0.000555392936804212 0.000858879598219991 0.00145315599989749 0.00124293069747545 0.00127233190827213 0.000888289344704963 0.00127532743297125 0.000602117259915958 -0.000199432570052438 0.00160693649529547 0.00128842882602729 0.00168374858211954 0.000412605364712455 0.00159332598303224 0.00133900843908947 0.000904662332497485 -0.000142418216460972 0.000696703405104437 0.000428752314181632 -0.000749678612542124 0.00110227819743678 0.00148849032644799 0.00383970410424013 0.000573710485683355
"BAOPI" 0.000304893786916983 0.000555656305218468 -0.000236878006611578 0.000252076964871176 -5.25863898484609e-06 0.000312054056548212 0.000433057659207383 0.000640439114755116 1.01310656773334e-05 0.000324867392041716 0.000294301951707236 0.000105149914878708 0.000111413475220579 -0.000307013043689081 -1.70191933088382e-05 0.000167181061443465 1.12836017496777e-05 0.000244726665262073 0.000135918491763636 -0.000899861499300015 0.000477715208176736 0.000502033933700506 -0.0010574301149286 0.00039675698813004 2.852697028711e-06 0.000153528322546076 0.000511751307189138 0.000513887752787635 -0.000231603122347883 0.00111630554027252 0.000167029782439415 0.00055724548167959 -0.00010910136346037 6.98075886953958e-05 -0.000221834774956837 -0.00144912650108848 0.000447507283629072 0.000573710485683355 0.00364578483469311
