"" "ISPM" "ISNSL" "ISPNS" "PMZS" "PMZI" "PMMT" "NSLNA" "NSLZS" "NSLZI" "NABR" "NAFM" "NAPNS" "BRPT" "BRAPET" "PTFM" "PTAPET" "PTBA" "PTEAM" "PTZYGO" "PTTSP" "FMZS" "FMMT" "ZSZI" "ZIMT" "ZIZYGO" "ZITSP" "MTPNS" "PNSAPET" "APETBA" "APETTS" "BAEAM" "EAMZYGO" "ZYGOTSP" "LDAS" "BRLD" "OPILD" "PTAS" "JPAS" "BAOPI"
"ISPM" 0.00673001538026867 0.00250640227543489 0.00381516898471873 0.0035759823546878 0.00192276148849077 0.000975500894741307 0.00649616820546953 0.00160508472134306 0.0029406027523561 0.0011651221616813 0.000442934148497183 0.00217886837805018 0.00119724888526145 0.000233012830647654 -0.00039000919955542 0.000176940903897422 0.00026683412276097 0.00102067170897024 0.00074648055643422 0.00959917761712213 -0.00116711081329995 0.00065255063691815 0.00642006960753565 -0.000269488920287509 -0.00113566536800469 0.00016313296495543 0.00191242301435819 -0.00137666313295383 1.78169002628938e-05 0.00254112681084624 0.00116362283852134 0.00330394090783504 0.000795934739622263 0.00225162923030279 0.000152838323829339 0.00100795383634404 0.00110892568999245 -1.69063802752632e-05 0.00175422563926677
"ISNSL" 0.00250640227543489 0.00495872922192695 0.00235498508939339 0.00351808322616088 0.00271717914718174 0.000894146398215032 0.000185488390675018 0.00165450038047167 0.00200185726362596 0.00134712526742117 0.000889519653452795 0.000801761769964456 0.00157932764607756 0.000597721252864711 -0.000622038782573137 -0.00048627593496737 0.000112552358931897 0.00138294458841104 0.001443376048285 0.00139908227449797 0.000874439029491204 0.000528464328180996 0.00166119698062607 -5.58701941912247e-05 0.000425986285772276 0.000444443511851317 0.00156873660991267 0.000568604808153375 0.000509680965629608 0.000822962657622125 0.000731468539852891 0.00160130360129429 0.00169884660932766 0.00154555896976717 -0.000102029438637944 0.00084461223810164 0.000970692068815667 -0.000265465145295371 0.000935732471892289
"ISPNS" 0.00381516898471873 0.00235498508939339 0.0053310077102083 0.00349364024819278 0.0022546844489311 0.00225689892924264 0.0040156360840829 0.00276117683732094 0.00284944316453363 0.000906749983326032 0.00115192220887592 0.0034595840819635 5.15650221251476e-05 6.64548776343953e-05 0.00191817153846872 0.000485468320918893 0.000693602112943074 0.000525274059548845 0.00186705250622749 0.00221786681209833 -0.000225798759032521 0.00141328090816704 0.00477346985207275 0.00145299965644879 -3.83167184144573e-05 0.00155725870390237 0.00319575387948285 -0.00312446804919834 0.000911220735603539 0.00224419308159406 0.00134357013330247 0.00403341826560274 0.00243311177781215 0.000972908841409982 0.000316009318525735 0.000451100433829862 0.000830790807624037 0.00140156657529031 0.00173301224771087
"PMZS" 0.0035759823546878 0.00351808322616088 0.00349364024819278 0.00574373034617889 0.00365711203628869 0.00171675487654108 0.00476868521175351 0.00397776654618897 0.00348524034495359 0.00168002486836016 0.00157274641583996 0.00235381614232249 0.000716412187435297 0.0004605521522271 0.000904197504684793 -0.000186093865092187 0.000447063062775997 0.00151855330375681 0.00209902247784814 0.00578229164231144 -0.000860624443299046 0.00109975704686036 0.00419555213964782 0.000127864983387641 0.000535585307259679 0.000855305538660042 0.00243077523915884 -0.000223198088409521 0.00109509712765917 0.00195057597316515 0.00145566529539409 0.00174788406312175 0.00269271873748554 0.00139169859200234 0.000151848650129451 0.00108226399648073 0.0013403155983288 0.000794971723953255 0.00057701003525848
"PMZI" 0.00192276148849077 0.00271717914718174 0.0022546844489311 0.00365711203628869 0.0039073262824933 0.00162920191402796 0.00247900579568363 0.0026041232565066 0.00324301979700729 0.00104499675929972 0.00145174683917194 0.00148597517402002 0.000181012692082626 0.000172435415728407 0.000894848343720917 -0.000756701243647774 0.00014528712422827 0.00132189463344133 0.00209152953856598 0.00358691820040034 0.00025797830603571 0.000690102744333253 0.00399218246704585 0.000138612830430018 0.000208724298254147 0.000342185618454548 0.00178808927396744 0.000633718975946052 0.0011784764796993 0.000550540670799239 0.00105280503179252 0.00137585569874472 0.00238452200173024 0.000750960065491602 0.000224008154428458 0.000779883810674803 0.000942859050796797 0.000452502683162652 0.00102770084251781
"PMMT" 0.000975500894741307 0.000894146398215032 0.00225689892924264 0.00171675487654108 0.00162920191402796 0.00194487175961135 0.00199732594283668 0.00168502093166736 0.0016157418330489 0.000163494259925346 0.000801714550795565 0.00159802235025199 -0.000340173193209678 -0.000171633066260574 0.0016586231814911 0.000262253286231985 0.000247729680508906 -0.000289929202177499 0.000780453403971258 0.00146506176586608 9.05897308036526e-05 0.000699696911614059 0.0020871924225018 0.00155984996771183 -9.56782296840266e-05 0.000249140070033546 0.00107202844593081 -0.00111103420112796 0.000537129267633392 0.000677129989022875 0.000652498122623151 0.00148874456496062 0.00124087405517593 6.91974100602267e-05 0.000272363218316294 0.000263282473138486 3.95889580445271e-05 0.000899098013463696 0.000479910684446882
"NSLNA" 0.00649616820546953 0.000185488390675018 0.0040156360840829 0.00476868521175351 0.00247900579568363 0.00199732594283668 0.021230274090632 0.00385010239138914 0.00269069676635633 -0.000617329346519024 -0.000115822794233669 0.00382234555297181 0.000233334365334463 -0.000397162128647664 0.0015782178944697 -0.000675061916000001 -0.000593325517886531 -0.00083263447580277 -0.00143546765708236 7.53307194429379e-05 -0.00210919849950172 0.000904420074023765 0.00478338327478692 0.000412277729769669 -0.00142505633595778 0.000739462174024468 0.000216756678035681 -0.00253213116189609 5.30298196386745e-05 0.00313330645903451 2.77916768616124e-05 0.00272352145116938 0.00060937784720912 0.00150362934908052 0.00135449642619633 0.00160496889825568 0.000721862472682992 0.000701042410479659 0.000253100319386421
"NSLZS" 0.00160508472134306 0.00165450038047167 0.00276117683732094 0.00397776654618897 0.0026041232565066 0.00168502093166736 0.00385010239138914 0.00784371329595124 0.0037383413374256 -4.34050404150032e-05 0.00295793935118114 0.00333462416321173 -0.00105407521460402 -0.000301794341253009 0.00274945999629444 0.000484010152783526 0.000652411692098776 0.00121928072149086 0.00265872471803723 0.00549368673448434 -0.00126772363255447 0.00126941132949906 -9.6269429252404e-05 0.000173094841794037 0.00208221760348276 0.00248102216452501 0.00220207488351766 -0.000228291227607096 0.00148283336013647 0.00105037674663514 0.00132798745825659 0.00127126992176677 0.00388923054762131 0.000779436135284855 0.00149139002786696 0.00058929309872466 0.00149399230373595 0.00242602989693354 0.00116988469497106
"NSLZI" 0.0029406027523561 0.00200185726362596 0.00284944316453363 0.00348524034495359 0.00324301979700729 0.0016157418330489 0.00269069676635633 0.0037383413374256 0.00475087488202375 0.0012242936091316 0.0021158838892384 0.00264723717938318 -0.000189191237248673 0.000181928271175999 0.00154758961934572 0.000477295478132818 0.000839330228967083 0.00118566865143131 0.00322393991841158 0.00639801870293056 7.567121763091e-05 0.00128593508135973 0.00678437809383639 0.000758346663479067 0.000497928398868241 0.00139174064131798 0.00259569092494548 -0.000528049846871564 0.00145455701474126 0.00159796942632687 0.00133671316282686 0.00174721144524999 0.0038903410778619 0.000950819343935174 0.000355894503733844 0.000676913807888872 0.00104506560316393 0.00123604600081806 0.00216842167043305
"NABR" 0.0011651221616813 0.00134712526742117 0.000906749983326032 0.00168002486836016 0.00104499675929972 0.000163494259925346 -0.000617329346519024 -4.34050404150032e-05 0.0012242936091316 0.00420238753373121 0.000512480024833143 0.000625558001720399 0.00263413286381123 0.00150974908010883 0.00179999242273759 -7.18528069005739e-06 0.000397801668406416 0.00122044201145026 0.00215158149948791 0.00621818005247021 0.000624692362883679 0.00112016745174991 0.00317014201485647 -7.44776064686308e-05 0.00153546443051619 0.00128011223659459 0.0018099526529258 0.000771285796706748 0.000778428185145173 0.000895374353514708 0.00100669710282203 0.00121557004235013 0.00189502391732841 0.000907056261989125 -0.0014108733523607 0.000145613424142481 0.00100430242115031 0.000592421045427221 0.00176100417633672
"NAFM" 0.000442934148497183 0.000889519653452795 0.00115192220887592 0.00157274641583996 0.00145174683917194 0.000801714550795565 -0.000115822794233669 0.00295793935118114 0.0021158838892384 0.000512480024833143 0.00263559082839369 0.00163227757665441 -0.000317633934816645 3.44288552073352e-05 0.000896781638215899 0.00022667004804766 0.000543584342437315 0.00108989448776103 0.00225049835061293 0.0033564622858362 0.000524164057605158 0.000804356014566516 0.00130188923508839 0.0003058755765219 0.00116508216341992 0.00117951959467995 0.00178994975414091 -0.00027481683948662 0.0011573210429258 0.00112395131375044 0.00102086249958525 0.000405185708793888 0.00271605691786147 0.000311275049481371 0.000543298013752745 0.000148510371245568 0.00115932526750581 0.00153616155869985 0.00101728037646186
"NAPNS" 0.00217886837805018 0.000801761769964456 0.0034595840819635 0.00235381614232249 0.00148597517402002 0.00159802235025199 0.00382234555297181 0.00333462416321173 0.00264723717938318 0.000625558001720399 0.00163227757665441 0.00393533516636268 -0.000182316198001798 0.000466887544178994 0.00324784874727938 0.0010287011083065 0.0010172694757956 0.000733800688278364 0.00213374341479949 0.0032140426034097 -0.000416488672127396 0.00199982683108999 0.00331065690621352 0.00208697467872333 0.0012066322411119 0.00247403359220622 0.00282637375179894 -0.00178896499689407 0.00119985493232705 0.00184600524766894 0.00146731182394188 0.0027355342512878 0.00296911359364688 0.00118448085189179 0.000913448634970264 0.000861146905143959 0.00120434189872202 0.00251225387348151 0.00159617898671849
"BRPT" 0.00119724888526145 0.00157932764607756 5.15650221251476e-05 0.000716412187435297 0.000181012692082626 -0.000340173193209678 0.000233334365334463 -0.00105407521460402 -0.000189191237248673 0.00263413286381123 -0.000317633934816645 -0.000182316198001798 0.00461799717714925 0.0021331537515856 -0.00158517181948695 -0.00094369175656793 7.70464394303699e-05 0.000459552161134577 -0.00147357407995885 -0.00184755507786244 0.000385510007909753 0.000358576923621324 0.000704423777708628 -0.000475002415699059 0.000527870162914267 -0.000214881985683105 0.000147145142030271 0.00116738062940777 0.000426617184347356 0.000823700289876159 0.000854871526596594 0.000942524077452682 -0.00121232231801574 0.00226223349752775 -0.000362241906542422 0.00159888211227802 0.00118213264976223 -0.000351870992696048 0.00109355536977883
"BRAPET" 0.000233012830647654 0.000597721252864711 6.64548776343953e-05 0.0004605521522271 0.000172435415728407 -0.000171633066260574 -0.000397162128647664 -0.000301794341253009 0.000181928271175999 0.00150974908010883 3.44288552073352e-05 0.000466887544178994 0.0021331537515856 0.00228297865135869 0.000631205021670105 0.00101188720582522 0.000841331126347665 0.00099482063330803 0.000856736807801984 0.00315649219969684 0.000313027143955305 0.00103101246750002 0.000946861990405988 0.000661967070983131 0.00101190444033628 0.00110089083452675 0.000839211213696118 0.00075643517245027 0.000515969524297977 0.000493579251084372 0.000946274788907875 0.000778538597214562 0.000724030609158321 0.00171779310912522 5.12914336323679e-05 0.00176547148102623 0.000586300620840574 0.000411875994482797 0.0010528650659248
"PTFM" -0.00039000919955542 -0.000622038782573137 0.00191817153846872 0.000904197504684793 0.000894848343720917 0.0016586231814911 0.0015782178944697 0.00274945999629444 0.00154758961934572 0.00179999242273759 0.000896781638215899 0.00324784874727938 -0.00158517181948695 0.000631205021670105 0.0121655289396905 0.00161086741524937 0.000215202951928246 -0.00181840026764129 0.00342789414026712 0.0115335766229971 -0.000451221001018556 0.00316761098309057 0.00101005555598021 0.00407705579105695 0.0030643199610698 0.00368014491699321 0.00343798030248858 0.000247280478577868 0.00104002347040528 -0.000827077347940717 0.00122445755504196 0.00262844913225262 0.00448610396721129 -0.00116162588241998 -0.000155426358674605 -0.000242220097995205 -0.00109245960421042 0.00447672588167258 0.00117711275390454
"PTAPET" 0.000176940903897422 -0.00048627593496737 0.000485468320918893 -0.000186093865092187 -0.000756701243647774 0.000262253286231985 -0.000675061916000001 0.000484010152783526 0.000477295478132818 -7.18528069005739e-06 0.00022667004804766 0.0010287011083065 -0.00094369175656793 0.00101188720582522 0.00161086741524937 0.00430830273879681 0.00185483006317031 0.00129597741421679 0.00308128716893348 0.00817764452197708 -0.000113658834016531 0.000947449400433921 0.001093164588584 0.00171007072192239 0.00149371622570807 0.00190880496778246 0.000706220443311482 -0.000485223567647402 -0.00058490335604303 0.00117920041711459 0.000548523675423683 -0.000200645296570293 0.00224027237534756 0.000837840499829043 -0.000139956626669996 0.00123889452093894 -0.00028591578314213 0.000418250989126674 0.00105206460115568
"PTBA" 0.00026683412276097 0.000112552358931897 0.000693602112943074 0.000447063062775997 0.00014528712422827 0.000247729680508906 -0.000593325517886531 0.000652411692098776 0.000839330228967083 0.000397801668406416 0.000543584342437315 0.0010172694757956 7.70464394303699e-05 0.000841331126347665 0.000215202951928246 0.00185483006317031 0.00182028158677998 0.00198655516410163 0.00222110904302606 0.00439127094632207 0.0003571654848618 0.00089651892213074 0.00124573403570277 0.000820907119866414 0.00165355946745619 0.00164343111942163 0.00111002437578051 0.000203306278735407 0.00149503128559469 0.00121987629464558 0.00127683775135529 0.000315415762654045 0.00145805317134362 0.00124505720729206 0.000303234328380258 0.0014044488988506 0.00114637447885594 0.000790189660560533 0.000613952547337579
"PTEAM" 0.00102067170897024 0.00138294458841104 0.000525274059548845 0.00151855330375681 0.00132189463344133 -0.000289929202177499 -0.00083263447580277 0.00121928072149086 0.00118566865143131 0.00122044201145026 0.00108989448776103 0.000733800688278364 0.000459552161134577 0.00099482063330803 -0.00181840026764129 0.00129597741421679 0.00198655516410163 0.0062372278678451 0.00397490948458664 0.00974172298264227 0.0010166999478186 0.00113243080478603 0.000865745127869782 -0.000681939887079718 0.00326519518342065 0.00267162718348194 0.00178735713783671 0.00280443448657232 0.00137343246624434 0.00197755962582598 0.00165360847363168 0.000668425920821923 0.00159730833305406 0.00200044924347105 0.000251641391061011 0.00199294066059952 0.00360036045485609 0.000423290842171655 0.00087350260671926
"PTZYGO" 0.00074648055643422 0.001443376048285 0.00186705250622749 0.00209902247784814 0.00209152953856598 0.000780453403971258 -0.00143546765708236 0.00265872471803723 0.00322393991841158 0.00215158149948791 0.00225049835061293 0.00213374341479949 -0.00147357407995885 0.000856736807801984 0.00342789414026712 0.00308128716893348 0.00222110904302606 0.00397490948458664 0.00900904726341828 0.0155784629601408 0.00147927053344198 0.00227794854757593 0.00421703317607107 0.00113398558649263 0.00346916178152294 0.003999101918801 0.00337860537042047 0.000325241801989529 0.00193958865735646 0.00122608602925367 0.00170963726947793 0.0014095937609583 0.00757935622935385 0.000528312761993171 0.000129482710227417 0.000107715695752869 0.00135998135709897 0.00149056840513924 0.00273849043341773
"PTTSP" 0.00959917761712213 0.00139908227449797 0.00221786681209833 0.00578229164231144 0.00358691820040034 0.00146506176586608 7.53307194429379e-05 0.00549368673448434 0.00639801870293056 0.00621818005247021 0.0033564622858362 0.0032140426034097 -0.00184755507786244 0.00315649219969684 0.0115335766229971 0.00817764452197708 0.00439127094632207 0.00974172298264227 0.0155784629601408 0.214719400160483 -0.0010581221522692 0.00402095345990776 0.00883213950757429 0.00289732554052336 0.0036676169153541 0.00552968268313124 0.00679278332497936 0.00556180661241556 0.00202888900568643 0.00304306847109468 0.00645818419519143 0.010266261218091 0.00292290641803015 0.00904532328867239 -0.0012502479411444 0.00639481325153693 0.00227748884983382 0.00128268653430058 0.00531998537297053
"FMZS" -0.00116711081329995 0.000874439029491204 -0.000225798759032521 -0.000860624443299046 0.00025797830603571 9.05897308036526e-05 -0.00210919849950172 -0.00126772363255447 7.567121763091e-05 0.000624692362883679 0.000524164057605158 -0.000416488672127396 0.000385510007909753 0.000313027143955305 -0.000451221001018556 -0.000113658834016531 0.0003571654848618 0.0010166999478186 0.00147927053344198 -0.0010581221522692 0.00429481065654765 0.000923288034112204 0.000525117018467419 4.81018576236888e-05 0.00141008219951929 0.000698204887928257 0.000220240431173644 0.000164532679256466 0.00117725302945595 0.000847025442465842 -4.63006780019897e-05 2.73525253349709e-06 0.001174761124712 0.000261093947003659 0.000357056010242332 -0.000320473663093045 0.000738749078861931 4.30691578604969e-05 0.00106648323678824
"FMMT" 0.00065255063691815 0.000528464328180996 0.00141328090816704 0.00109975704686036 0.000690102744333253 0.000699696911614059 0.000904420074023765 0.00126941132949906 0.00128593508135973 0.00112016745174991 0.000804356014566516 0.00199982683108999 0.000358576923621324 0.00103101246750002 0.00316761098309057 0.000947449400433921 0.00089651892213074 0.00113243080478603 0.00227794854757593 0.00402095345990776 0.000923288034112204 0.00260277515679087 0.00202570100937066 0.00220283022741301 0.00229815277796024 0.00215063012628798 0.00234806558919338 0.000376765670148342 0.00104397543743179 0.00135844665058534 0.00132880279303694 0.00136596357341713 0.00240177896853558 0.00086103506343338 0.000375603818863017 0.00108899726576593 0.00116606659291376 0.0021310364488838 0.00119464892864371
"ZSZI" 0.00642006960753565 0.00166119698062607 0.00477346985207275 0.00419555213964782 0.00399218246704585 0.0020871924225018 0.00478338327478692 -9.6269429252404e-05 0.00678437809383639 0.00317014201485647 0.00130188923508839 0.00331065690621352 0.000704423777708628 0.000946861990405988 0.00101005555598021 0.001093164588584 0.00124573403570277 0.000865745127869782 0.00421703317607107 0.00883213950757429 0.000525117018467419 0.00202570100937066 0.0185686286915226 0.000914601397968225 -0.0018581317236074 0.0002428685981669 0.00422962639788139 -0.00234667167983487 0.00106125782774761 0.00364288939136272 0.00154476262048551 0.00406166335471161 0.00478844240119374 0.00128233692593174 -0.000857322720672846 0.000539527503841631 0.000613384805702557 0.000460840340440812 0.00420690804573448
"ZIMT" -0.000269488920287509 -5.58701941912247e-05 0.00145299965644879 0.000127864983387641 0.000138612830430018 0.00155984996771183 0.000412277729769669 0.000173094841794037 0.000758346663479067 -7.44776064686308e-05 0.0003058755765219 0.00208697467872333 -0.000475002415699059 0.000661967070983131 0.00407705579105695 0.00171007072192239 0.000820907119866414 -0.000681939887079718 0.00113398558649263 0.00289732554052336 4.81018576236888e-05 0.00220283022741301 0.000914601397968225 0.00733586964142252 0.00110944432378321 0.00174016336520372 0.00119788398665928 -0.000749168162278241 0.000335364619886933 0.00108893294334237 0.00115254001467893 0.00156139823615518 0.00158946870080693 0.00038230151499535 -0.00026605854804827 0.0020035181870608 -0.000591099540292684 0.0017631074545837 -0.00037380371954774
"ZIZYGO" -0.00113566536800469 0.000425986285772276 -3.83167184144573e-05 0.000535585307259679 0.000208724298254147 -9.56782296840266e-05 -0.00142505633595778 0.00208221760348276 0.000497928398868241 0.00153546443051619 0.00116508216341992 0.0012066322411119 0.000527870162914267 0.00101190444033628 0.0030643199610698 0.00149371622570807 0.00165355946745619 0.00326519518342065 0.00346916178152294 0.0036676169153541 0.00141008219951929 0.00229815277796024 -0.0018581317236074 0.00110944432378321 0.00599823841259356 0.00372110672904659 0.00214023441252383 0.00316891451798073 0.00181331225791502 0.00153923758466657 0.00140432756002924 -0.000339328633570454 0.00283416332932227 0.00100952262047582 0.000667411829985818 0.000952275142681019 0.00270445927649822 0.00271871792070801 0.000920076355833487
"ZITSP" 0.00016313296495543 0.000444443511851317 0.00155725870390237 0.000855305538660042 0.000342185618454548 0.000249140070033546 0.000739462174024468 0.00248102216452501 0.00139174064131798 0.00128011223659459 0.00117951959467995 0.00247403359220622 -0.000214881985683105 0.00110089083452675 0.00368014491699321 0.00190880496778246 0.00164343111942163 0.00267162718348194 0.003999101918801 0.00552968268313124 0.000698204887928257 0.00215063012628798 0.0002428685981669 0.00174016336520372 0.00372110672904659 0.00642673024819053 0.00275428789622926 0.000484151404344885 0.00125844054688813 0.00142002270802849 0.00109497347783703 0.00120339838057348 0.00272283723090447 0.000955255257722411 4.82461861328038e-05 0.00177086537597152 0.00198365341922703 0.00354930680040569 0.000995941988128658
"MTPNS" 0.00191242301435819 0.00156873660991267 0.00319575387948285 0.00243077523915884 0.00178808927396744 0.00107202844593081 0.000216756678035681 0.00220207488351766 0.00259569092494548 0.0018099526529258 0.00178994975414091 0.00282637375179894 0.000147145142030271 0.000839211213696118 0.00343798030248858 0.000706220443311482 0.00111002437578051 0.00178735713783671 0.00337860537042047 0.00679278332497936 0.000220240431173644 0.00234806558919338 0.00422962639788139 0.00119788398665928 0.00214023441252383 0.00275428789622926 0.00523893394348864 -0.000259322800015274 0.00143078427330994 0.00167696180444675 0.00201487258972367 0.00267909225052006 0.00349051722124686 0.000208271642816702 -0.000167057507865209 0.000780634537589439 0.00183092570299988 0.00309428261968413 0.00145146130204925
"PNSAPET" -0.00137666313295383 0.000568604808153375 -0.00312446804919834 -0.000223198088409521 0.000633718975946052 -0.00111103420112796 -0.00253213116189609 -0.000228291227607096 -0.000528049846871564 0.000771285796706748 -0.00027481683948662 -0.00178896499689407 0.00116738062940777 0.00075643517245027 0.000247280478577868 -0.000485223567647402 0.000203306278735407 0.00280443448657232 0.000325241801989529 0.00556180661241556 0.000164532679256466 0.000376765670148342 -0.00234667167983487 -0.000749168162278241 0.00316891451798073 0.000484151404344885 -0.000259322800015274 0.00788443468507955 5.73711590403555e-05 -0.00070923546249211 0.000710272087800314 -0.0010329472817683 -0.000760072791383693 0.000248443731806845 -6.04649213758128e-05 0.000932606107909102 0.00180703240988945 0.000493778243697692 -0.000774346105135628
"APETBA" 1.78169002628938e-05 0.000509680965629608 0.000911220735603539 0.00109509712765917 0.0011784764796993 0.000537129267633392 5.30298196386745e-05 0.00148283336013647 0.00145455701474126 0.000778428185145173 0.0011573210429258 0.00119985493232705 0.000426617184347356 0.000515969524297977 0.00104002347040528 -0.00058490335604303 0.00149503128559469 0.00137343246624434 0.00193958865735646 0.00202888900568643 0.00117725302945595 0.00104397543743179 0.00106125782774761 0.000335364619886933 0.00181331225791502 0.00125844054688813 0.00143078427330994 5.73711590403555e-05 0.00438802626964542 0.000774383037123589 0.0019427661899277 0.000975807098456148 0.00192443912825382 0.00116592846239782 0.000722035248320662 0.000881195750619132 0.00162065826171641 0.00148479457320799 0.000189492905244787
"APETTS" 0.00254112681084624 0.000822962657622125 0.00224419308159406 0.00195057597316515 0.000550540670799239 0.000677129989022875 0.00313330645903451 0.00105037674663514 0.00159796942632687 0.000895374353514708 0.00112395131375044 0.00184600524766894 0.000823700289876159 0.000493579251084372 -0.000827077347940717 0.00117920041711459 0.00121987629464558 0.00197755962582598 0.00122608602925367 0.00304306847109468 0.000847025442465842 0.00135844665058534 0.00364288939136272 0.00108893294334237 0.00153923758466657 0.00142002270802849 0.00167696180444675 -0.00070923546249211 0.000774383037123589 0.00573515325871197 0.0015729885877901 0.00114554527847561 0.000967338205364348 0.00114095953335224 0.000134957082524677 0.00148765433725435 0.00211435013994606 0.000997293289793508 0.000578234885140015
"BAEAM" 0.00116362283852134 0.000731468539852891 0.00134357013330247 0.00145566529539409 0.00105280503179252 0.000652498122623151 2.77916768616124e-05 0.00132798745825659 0.00133671316282686 0.00100669710282203 0.00102086249958525 0.00146731182394188 0.000854871526596594 0.000946274788907875 0.00122445755504196 0.000548523675423683 0.00127683775135529 0.00165360847363168 0.00170963726947793 0.00645818419519143 -4.63006780019897e-05 0.00132880279303694 0.00154476262048551 0.00115254001467893 0.00140432756002924 0.00109497347783703 0.00201487258972367 0.000710272087800314 0.0019427661899277 0.0015729885877901 0.00276781137160779 0.00109203951539575 0.00143145376892839 0.00123653462276364 0.000355517884763283 0.00191079390130634 0.00164199792671055 0.00168314079799308 0.0004952707566693
"EAMZYGO" 0.00330394090783504 0.00160130360129429 0.00403341826560274 0.00174788406312175 0.00137585569874472 0.00148874456496062 0.00272352145116938 0.00127126992176677 0.00174721144524999 0.00121557004235013 0.000405185708793888 0.0027355342512878 0.000942524077452682 0.000778538597214562 0.00262844913225262 -0.000200645296570293 0.000315415762654045 0.000668425920821923 0.0014095937609583 0.010266261218091 2.73525253349709e-06 0.00136596357341713 0.00406166335471161 0.00156139823615518 -0.000339328633570454 0.00120339838057348 0.00267909225052006 -0.0010329472817683 0.000975807098456148 0.00114554527847561 0.00109203951539575 0.00777735946136556 0.00171290009760909 0.00120531586286306 0.000255322877443728 0.000146724515301508 0.000640173858106041 0.000832372951324639 0.00209727690099877
"ZYGOTSP" 0.000795934739622263 0.00169884660932766 0.00243311177781215 0.00269271873748554 0.00238452200173024 0.00124087405517593 0.00060937784720912 0.00388923054762131 0.0038903410778619 0.00189502391732841 0.00271605691786147 0.00296911359364688 -0.00121232231801574 0.000724030609158321 0.00448610396721129 0.00224027237534756 0.00145805317134362 0.00159730833305406 0.00757935622935385 0.00292290641803015 0.001174761124712 0.00240177896853558 0.00478844240119374 0.00158946870080693 0.00283416332932227 0.00272283723090447 0.00349051722124686 -0.000760072791383693 0.00192443912825382 0.000967338205364348 0.00143145376892839 0.00171290009760909 0.00926274560560693 -0.000114020971129482 0.000446643616081368 -0.000510632553551368 0.000456929664410993 0.00180283070843054 0.00278783335543102
"LDAS" 0.00225162923030279 0.00154555896976717 0.000972908841409982 0.00139169859200234 0.000750960065491602 6.91974100602267e-05 0.00150362934908052 0.000779436135284855 0.000950819343935174 0.000907056261989125 0.000311275049481371 0.00118448085189179 0.00226223349752775 0.00171779310912522 -0.00116162588241998 0.000837840499829043 0.00124505720729206 0.00200044924347105 0.000528312761993171 0.00904532328867239 0.000261093947003659 0.00086103506343338 0.00128233692593174 0.00038230151499535 0.00100952262047582 0.000955255257722411 0.000208271642816702 0.000248443731806845 0.00116592846239782 0.00114095953335224 0.00123653462276364 0.00120531586286306 -0.000114020971129482 0.00467527946149072 0.000455997101113449 0.00324165699084082 0.00147551970731625 -0.000569004347012322 0.00154618751989775
"BRLD" 0.000152838323829339 -0.000102029438637944 0.000316009318525735 0.000151848650129451 0.000224008154428458 0.000272363218316294 0.00135449642619633 0.00149139002786696 0.000355894503733844 -0.0014108733523607 0.000543298013752745 0.000913448634970264 -0.000362241906542422 5.12914336323679e-05 -0.000155426358674605 -0.000139956626669996 0.000303234328380258 0.000251641391061011 0.000129482710227417 -0.0012502479411444 0.000357056010242332 0.000375603818863017 -0.000857322720672846 -0.00026605854804827 0.000667411829985818 4.82461861328038e-05 -0.000167057507865209 -6.04649213758128e-05 0.000722035248320662 0.000134957082524677 0.000355517884763283 0.000255322877443728 0.000446643616081368 0.000455997101113449 0.00372018011365742 -0.000703029737033995 0.00090464943000953 0.000720230999540586 0.000804695749327117
"OPILD" 0.00100795383634404 0.00084461223810164 0.000451100433829862 0.00108226399648073 0.000779883810674803 0.000263282473138486 0.00160496889825568 0.00058929309872466 0.000676913807888872 0.000145613424142481 0.000148510371245568 0.000861146905143959 0.00159888211227802 0.00176547148102623 -0.000242220097995205 0.00123889452093894 0.0014044488988506 0.00199294066059952 0.000107715695752869 0.00639481325153693 -0.000320473663093045 0.00108899726576593 0.000539527503841631 0.0020035181870608 0.000952275142681019 0.00177086537597152 0.000780634537589439 0.000932606107909102 0.000881195750619132 0.00148765433725435 0.00191079390130634 0.000146724515301508 -0.000510632553551368 0.00324165699084082 -0.000703029737033995 0.00683118726254865 0.0015272134444561 0.00124580951663391 -0.00153004960084499
"PTAS" 0.00110892568999245 0.000970692068815667 0.000830790807624037 0.0013403155983288 0.000942859050796797 3.95889580445271e-05 0.000721862472682992 0.00149399230373595 0.00104506560316393 0.00100430242115031 0.00115932526750581 0.00120434189872202 0.00118213264976223 0.000586300620840574 -0.00109245960421042 -0.00028591578314213 0.00114637447885594 0.00360036045485609 0.00135998135709897 0.00227748884983382 0.000738749078861931 0.00116606659291376 0.000613384805702557 -0.000591099540292684 0.00270445927649822 0.00198365341922703 0.00183092570299988 0.00180703240988945 0.00162065826171641 0.00211435013994606 0.00164199792671055 0.000640173858106041 0.000456929664410993 0.00147551970731625 0.00090464943000953 0.0015272134444561 0.00391665607830141 0.00245484605776426 0.000754157941593388
"JPAS" -1.69063802752632e-05 -0.000265465145295371 0.00140156657529031 0.000794971723953255 0.000452502683162652 0.000899098013463696 0.000701042410479659 0.00242602989693354 0.00123604600081806 0.000592421045427221 0.00153616155869985 0.00251225387348151 -0.000351870992696048 0.000411875994482797 0.00447672588167258 0.000418250989126674 0.000790189660560533 0.000423290842171655 0.00149056840513924 0.00128268653430058 4.30691578604969e-05 0.0021310364488838 0.000460840340440812 0.0017631074545837 0.00271871792070801 0.00354930680040569 0.00309428261968413 0.000493778243697692 0.00148479457320799 0.000997293289793508 0.00168314079799308 0.000832372951324639 0.00180283070843054 -0.000569004347012322 0.000720230999540586 0.00124580951663391 0.00245484605776426 0.00725741412304072 0.000235767228737719
"BAOPI" 0.00175422563926677 0.000935732471892289 0.00173301224771087 0.00057701003525848 0.00102770084251781 0.000479910684446882 0.000253100319386421 0.00116988469497106 0.00216842167043305 0.00176100417633672 0.00101728037646186 0.00159617898671849 0.00109355536977883 0.0010528650659248 0.00117711275390454 0.00105206460115568 0.000613952547337579 0.00087350260671926 0.00273849043341773 0.00531998537297053 0.00106648323678824 0.00119464892864371 0.00420690804573448 -0.00037380371954774 0.000920076355833487 0.000995941988128658 0.00145146130204925 -0.000774346105135628 0.000189492905244787 0.000578234885140015 0.0004952707566693 0.00209727690099877 0.00278783335543102 0.00154618751989775 0.000804695749327117 -0.00153004960084499 0.000754157941593388 0.000235767228737719 0.00675009019065995
