"" "ISPM" "ISNSL" "ISPNS" "PMZS" "PMZI" "PMMT" "NSLNA" "NSLZS" "NSLZI" "NABR" "NAFM" "NAPNS" "BRPT" "BRAPET" "PTFM" "PTAPET" "PTBA" "PTEAM" "PTZYGO" "PTTSP" "FMZS" "FMMT" "ZSZI" "ZIMT" "ZIZYGO" "ZITSP" "MTPNS" "PNSAPET" "APETBA" "APETTS" "BAEAM" "EAMZYGO" "ZYGOTSP" "LDAS" "BRLD" "OPILD" "PTAS" "JPAS" "BAOPI"
"ISPM" 0.00766649151335507 0.00274383928703424 0.00287162739692198 0.00162968999691953 0.00239622258744294 0.00284601219052956 0.00744784505628811 0.00145262253170823 0.00321545955186703 0.000434035179948307 0.00189699403013385 0.00142932069952268 0.0011976337462884 0.00112121698006838 0.00255735142576154 0.00157754897164781 0.00179724097853959 0.00116415506756997 0.000893572286740102 -0.0137010480988686 0.000166711336879372 0.00188432270430896 0.00412420756120691 0.00379684838909558 0.000252588987987277 0.00244693119657415 0.00187900364459169 0.00332274415233209 0.00158619736023505 0.0038541712341348 0.00264850025150053 0.00199680053013466 0.00352582741536094 -0.000672298223759612 0.00381395078487546 0.000266206483046746 0.00301263548133747 0.00211963695281507 0.000907329450896763
"ISNSL" 0.00274383928703424 0.00999081546280446 0.00332678821504149 0.00493250915232093 0.00340665011116158 0.0018345272545548 0.00223656087607421 0.00058389443285135 0.00179497026071183 -7.22737237416679e-05 0.0012765158555331 0.00143132848271474 1.02306359493895e-05 0.000239531055952598 0.00255611539180884 0.0011358769309089 0.00182713357226356 0.00225535134200582 0.000822678008947381 0.0159604678705671 -0.000585501929366316 0.00225929256231576 0.00331984211522228 0.0026981830407058 -0.000895690411221873 0.0021168811199544 0.00358320041975474 0.00434719012586299 0.00212575301375764 0.00171012076894763 0.00194693913764413 0.00464224350723711 -0.000150357132358801 -0.000496965783024426 -2.00847417311681e-05 0.000980787586086914 0.0026237969293582 0.00180534983558387 -7.37895280116445e-05
"ISPNS" 0.00287162739692198 0.00332678821504149 0.00415820603410929 0.00109147817572849 0.00168734965883063 0.00141412111176429 0.00175042119966251 -0.000404497444851162 0.00128287610832073 -3.40562347151444e-06 0.000967590344720532 0.00270169853885506 0.000289484391732762 0.000416675169268653 0.00359022847010074 0.000804952734713293 0.000915742931953533 0.000313317627571481 0.000161950620177628 -0.00243310594247149 1.25567425188002e-05 0.00160151644212316 0.00274882971521441 0.0014446634601777 0.00141836526350968 0.00174715587549046 0.0029808216410808 0.000176499895430786 0.000735860161526804 0.00175756498816146 0.00176804271909389 0.00301878557282221 0.00136467654360379 -0.000250630302148858 0.00110036945436757 0.000886313974020427 0.00122055484469885 0.000731944477166234 0.000132448640886211
"PMZS" 0.00162968999691953 0.00493250915232093 0.00109147817572849 0.00744349053717513 0.00189453910515125 0.000754764325484664 0.00442411649475854 0.00325106253190755 0.000749860363237696 -0.000128603861038416 0.000248117863520854 0.000139573325975736 -0.00016247422051371 -6.35087975121016e-05 -4.29451362388854e-05 0.000602946735128532 0.000945726955812365 0.00088797802629772 0.000904118779885285 0.0196609591359241 -0.00160211237489723 0.00153860519143812 -0.000691404230825915 0.000796797061893031 -0.00132896716162766 0.00219968209299959 0.00278502980776609 0.00314910860504146 0.000792581689043466 -0.00182283629411941 0.00107258095791763 0.00221641551108097 -0.000193131847881223 -0.00120506661184267 -0.00186781948774387 0.00028014118788494 0.000948196565318344 0.00090988467039303 0.000593419896608519
"PMZI" 0.00239622258744294 0.00340665011116158 0.00168734965883063 0.00189453910515125 0.0031862432709231 0.00184530162263188 0.00389564637991478 0.000100451916459135 0.00205181144131976 0.000322638058548972 0.00108060854718448 0.000915999871163003 0.000340579540123491 0.000329059185785844 0.00266786560737733 0.000324100867040562 0.000537722322710953 0.000602583383453667 -9.08226134334021e-05 0.000603170497035838 0.000792977549959207 0.00166306150227983 0.00362107538234464 0.00182671143310048 -0.0010400267425656 0.000998388533826934 0.00235561593529039 0.00268861723284467 0.00070850509605973 0.00287543801500816 0.00137766049207722 0.00254148876861011 0.000484777965787655 -0.00123070532197268 9.39832241845318e-05 0.000124295095318119 0.00148885940017801 0.00103800392362379 0.000242228731516221
"PMMT" 0.00284601219052956 0.0018345272545548 0.00141412111176429 0.000754764325484664 0.00184530162263188 0.00222960096505047 0.00308132602888536 5.76502779032069e-05 0.00162817536549679 0.000390415374232099 0.00094795325012716 0.000654408905146931 0.00074304154450004 0.000574977130257868 0.00192706822201876 0.00040675258784153 0.000689180000053342 0.000569453445933571 0.00010416570212774 -0.00118554725973057 0.000278892464645207 0.00103831462513824 0.00250372978409281 0.00266659398037067 -5.14621871394052e-05 0.00111958472578189 0.000567908297404126 0.00184066891974771 0.00084841320237605 0.00206152174509262 0.00143560187871043 0.00142368083679125 0.000903996024420973 -0.000407551822202443 0.000575513054881088 0.000409756896207097 0.00144940817181202 0.00140501125741662 0.000333535608543813
"NSLNA" 0.00744784505628811 0.00223656087607421 0.00175042119966251 0.00442411649475854 0.00389564637991478 0.00308132602888536 0.0404487558116231 0.00127409559554804 0.004478080424437 -0.00254970009819513 0.00102268724477797 0.00367929702623562 0.000536779832209857 0.00141066560467208 0.00419736085337383 -0.000749859878717522 0.000521782241122286 0.000165991153807339 -0.00323631367669112 -0.0137028795463738 0.00289003209630716 0.00303493273042842 0.00606651389748352 0.00350894590581654 -0.00152151087154123 0.00211363922901415 0.00117679799837958 0.00442887656021187 0.0029743368764181 0.0056226355264036 0.00281893891944512 0.00306847636102287 0.00130943577265841 -0.00371737033790978 0.000380823019651503 0.00319799876796994 0.00473804892227288 0.00569762544931206 -0.0022106796695361
"NSLZS" 0.00145262253170823 0.00058389443285135 -0.000404497444851162 0.00325106253190755 0.000100451916459135 5.76502779032069e-05 0.00127409559554804 0.00677784738929145 0.00120294573689304 -0.000131118419304733 0.00103373796174462 -8.32312197119788e-06 0.000328200473043801 0.000167878932176854 -0.00154946041685293 -0.00019175522038104 -0.000156133247417587 0.000240949766297295 0.000402465625391863 -0.00350283275475027 -0.00225742872039261 -1.92987981399168e-06 -0.00380586219996191 -0.000249686541890628 -0.00162136494555256 0.000682058007353904 9.36563454858194e-05 -0.000250703120152614 -0.00035655085405379 0.000213217239826017 -0.000489639463633138 0.000819700970526108 0.00175414378253708 -0.00109069303346961 -0.000174202241075119 -0.000411255837375439 0.000413172951944604 0.00107063077999691 0.00109976867890699
"NSLZI" 0.00321545955186703 0.00179497026071183 0.00128287610832073 0.000749860363237696 0.00205181144131976 0.00162817536549679 0.004478080424437 0.00120294573689304 0.00308067993729475 0.000870385909968768 0.001547378899872 0.00138277559979346 0.00107818404348121 0.000467934819554863 0.00159104831925525 8.03276765589021e-05 0.00035238609698295 0.000803372491992081 0.000433549768478079 -0.00810888362527058 0.000762954160631008 0.00145692494673982 0.00383632906465448 0.00205774419397073 -3.00691146675504e-05 0.000897051216781978 0.00156613507610723 0.00141639498467251 0.000678142060543239 0.0035892877695206 0.00108402997705851 0.00111974630623359 0.00180121839286824 -0.00150976703859685 -0.00135652998961984 0.000404677471443261 0.0018854335903626 0.00162415263818547 0.000303687408342305
"NABR" 0.000434035179948307 -7.22737237416679e-05 -3.40562347151444e-06 -0.000128603861038416 0.000322638058548972 0.000390415374232099 -0.00254970009819513 -0.000131118419304733 0.000870385909968768 0.00406592035781401 0.00121633274435907 -0.000164429638220298 0.00258685929326261 0.000390736619993369 0.00193620538626684 -0.000336188149773632 -0.000133702079001082 -0.000668687934553039 0.000250015143486941 -0.000863901530248524 0.00053642585953493 0.000208851905406108 0.0015841068998405 0.000636218308492863 0.00146394489410547 0.000529083887094064 0.000339806437423531 0.000880308718964781 0.00044975459274539 0.00225666309945821 0.000607633661416096 -0.000765073173112388 -0.000266808288871319 -0.00101208063659702 -0.00721094219796651 -0.000546274936197004 -2.97333846531587e-05 0.00107886651132816 -0.000984976043917171
"NAFM" 0.00189699403013385 0.0012765158555331 0.000967590344720532 0.000248117863520854 0.00108060854718448 0.00094795325012716 0.00102268724477797 0.00103373796174462 0.001547378899872 0.00121633274435907 0.00233624234799335 0.0005728098177331 0.00097718604810462 0.000274664479425861 0.00176294169921701 -0.00033201273855737 -3.99648642264982e-05 0.000117933768359582 0.000322431878575879 -0.00566618325783584 0.000649281241136538 0.000458939799419471 0.00129230903071621 0.00154922141934583 0.00111016619889565 0.000548898313447914 0.00114499212266837 0.000741644233502881 0.000672409475434223 0.00358205074291187 0.000856585110936215 0.00140924206811425 0.00100416282112889 -0.00043341443801665 -0.00247024395198597 0.000399781018719269 0.00086916617746083 0.00128711175335185 0.000153092118910365
"NAPNS" 0.00142932069952268 0.00143132848271474 0.00270169853885506 0.000139573325975736 0.000915999871163003 0.000654408905146931 0.00367929702623562 -8.32312197119788e-06 0.00138277559979346 -0.000164429638220298 0.0005728098177331 0.00370001847702257 0.000393143999902692 0.000266290477417481 0.00252995352046867 0.000466015536367479 0.000478476082977763 0.000899481126161754 -0.000227010098882033 -0.007119239490672 -0.0003704468167957 0.00119494000022322 0.00293924792039284 -7.35020912427241e-05 0.000579404494688222 0.00133665891388387 0.00197376315931144 -0.0007231084903051 0.000399260612736942 0.00184265552874804 0.000854855014464895 0.00306191604607443 0.00161410395409122 -0.0011955289935114 -0.00226130027255594 0.00131724171936324 0.00144975067655186 0.00118771823341701 0.000109385421152318
"BRPT" 0.0011976337462884 1.02306359493895e-05 0.000289484391732762 -0.00016247422051371 0.000340579540123491 0.00074304154450004 0.000536779832209857 0.000328200473043801 0.00107818404348121 0.00258685929326261 0.00097718604810462 0.000393143999902692 0.00271066256637029 0.000754605048159242 0.000679040040741671 -0.00013369862155362 0.000221868163993274 0.000142114372717807 -9.36800556855542e-05 -0.00713116200259446 0.000587027395764856 0.000536603960760763 0.00137295473910835 0.0009515680167347 0.000932834245197498 -2.46334090761754e-05 0.000178823915363369 0.000698750947195741 0.000455889287070271 0.00105911153619142 0.000433403363923416 -9.64880338042403e-05 9.2422780011348e-05 -0.000784279261263382 -0.00396584204706199 -0.000310186508416462 0.000750949391463467 0.00154769120527662 -0.000305815514552223
"BRAPET" 0.00112121698006838 0.000239531055952598 0.000416675169268653 -6.35087975121016e-05 0.000329059185785844 0.000574977130257868 0.00141066560467208 0.000167878932176854 0.000467934819554863 0.000390736619993369 0.000274664479425861 0.000266290477417481 0.000754605048159242 0.000876931379326553 0.00100215135798333 0.000444482434024722 0.000402123119797517 -0.000202988409799548 -5.14390546454133e-05 -0.0074191104989261 8.4481245136489e-05 0.000454269637354186 0.000461286384402782 0.000633658356247694 4.72902432979068e-06 0.000287545704005796 2.2966606115269e-05 0.000639373076626837 0.000372535244903057 0.000189420060119771 0.00056213559899953 0.000735799773267623 0.000918043487489575 -8.53088889462991e-06 0.00012668041421494 0.000697714792011318 0.000271021631503325 0.000622087720203672 -0.000147170213987889
"PTFM" 0.00255735142576154 0.00255611539180884 0.00359022847010074 -4.29451362388854e-05 0.00266786560737733 0.00192706822201876 0.00419736085337383 -0.00154946041685293 0.00159104831925525 0.00193620538626684 0.00176294169921701 0.00252995352046867 0.000679040040741671 0.00100215135798333 0.0119831866938457 -0.00136074705556979 -0.00143055144946951 -0.00444738287298993 -0.00250761741630408 -0.0136865069149316 -6.92730490428269e-05 0.00201905847420496 0.00428762552683464 0.00356521704420707 0.00152604826916413 0.00219875606582162 0.00249884617776047 0.00255106722017539 -0.000383693959484107 0.00289263992674791 0.00238722385532535 0.00400309560344143 0.00167439499385165 -0.00165001979409378 -0.00524946500628067 0.00232575276042361 -0.000853441931338523 0.00243187168889866 -0.00157620120584817
"PTAPET" 0.00157754897164781 0.0011358769309089 0.000804952734713293 0.000602946735128532 0.000324100867040562 0.00040675258784153 -0.000749859878717522 -0.00019175522038104 8.03276765589021e-05 -0.000336188149773632 -0.00033201273855737 0.000466015536367479 -0.00013369862155362 0.000444482434024722 -0.00136074705556979 0.00418736954026721 0.0028012150688718 0.00364001431376895 0.0021585814561123 0.00413309845065147 -0.000793734048721095 0.000781792427034833 0.000676347444999846 0.000387401000764312 0.000594222987144306 0.00109771624871812 5.69095173269767e-05 0.00242388594622209 0.000310709482561512 0.000293939106713033 0.000577277173240539 0.000814910809529567 0.001640960391328 0.000101134779773559 0.00367101829092041 -8.84386664039339e-05 0.00198385574871457 -0.000151243367527691 0.000524410979423014
"PTBA" 0.00179724097853959 0.00182713357226356 0.000915742931953533 0.000945726955812365 0.000537722322710953 0.000689180000053342 0.000521782241122286 -0.000156133247417587 0.00035238609698295 -0.000133702079001082 -3.99648642264982e-05 0.000478476082977763 0.000221868163993274 0.000402123119797517 -0.00143055144946951 0.0028012150688718 0.00249570663850575 0.00334243529873657 0.00172667400365638 0.00520911450364294 -0.000405999215244191 0.000658384014437842 0.00115715550482143 0.000479164186606499 0.000115136204901929 0.000949777424620869 0.00023236749515967 0.0016485026374832 0.00148741416676967 0.000363164858604336 0.000715165497327037 0.0010322925859242 0.00093020299856783 4.45171775602506e-05 0.0028459967971318 -0.000307043241085755 0.00222021407597202 0.000295812190973117 0.000338159625146993
"PTEAM" 0.00116415506756997 0.00225535134200582 0.000313317627571481 0.00088797802629772 0.000602583383453667 0.000569453445933571 0.000165991153807339 0.000240949766297295 0.000803372491992081 -0.000668687934553039 0.000117933768359582 0.000899481126161754 0.000142114372717807 -0.000202988409799548 -0.00444738287298993 0.00364001431376895 0.00334243529873657 0.00720234921530499 0.00322766100170388 0.0124792677160967 -0.000807547893104059 0.000519843927750863 0.00197465793617339 -9.51253537448032e-06 -0.000134518499646636 0.000535491450259947 1.73115892533788e-05 0.00183228312005626 0.00183003081412657 0.00082847786569208 -0.000312775354083324 0.00142837798661224 0.00056809028607514 -0.000163288051812998 0.00274681473642862 -0.000963006359936501 0.00444449949323151 0.000430453122939714 0.00122509188059386
"PTZYGO" 0.000893572286740102 0.000822678008947381 0.000161950620177628 0.000904118779885285 -9.08226134334021e-05 0.00010416570212774 -0.00323631367669112 0.000402465625391863 0.000433549768478079 0.000250015143486941 0.000322431878575879 -0.000227010098882033 -9.36800556855542e-05 -5.14390546454133e-05 -0.00250761741630408 0.0021585814561123 0.00172667400365638 0.00322766100170388 0.00458714477462603 0.00849425824987093 -0.000405889304494029 0.000371240888732111 0.00044009040352611 0.000716981491230315 0.00157063746497676 0.00168474820308817 0.00102424510545155 0.000232718873432618 0.000901875889162595 0.00107890519894125 0.000475033546603599 -0.00125378912515445 0.00227731478487078 0.000502410135858856 0.00160811563116841 -0.000951090302215631 0.00163558446348134 -0.00108924700606399 0.00110220441806981
"PTTSP" -0.0137010480988686 0.0159604678705671 -0.00243310594247149 0.0196609591359241 0.000603170497035838 -0.00118554725973057 -0.0137028795463738 -0.00350283275475027 -0.00810888362527058 -0.000863901530248524 -0.00566618325783584 -0.007119239490672 -0.00713116200259446 -0.0074191104989261 -0.0136865069149316 0.00413309845065147 0.00520911450364294 0.0124792677160967 0.00849425824987093 0.309432929539447 -0.0107922467783518 -0.00283175668024055 -0.00752086135173312 0.000566431818639841 -0.00124244719083101 0.00535712923962839 -0.00106031650158765 0.00606441761212048 0.00495310539950963 -0.011582083565742 0.0010950894194742 -0.00448569550612574 -0.0267758083284895 -0.00158667134392038 -0.0149210639063958 -0.00255646410209406 0.00478440475284346 -0.00491005105601643 -0.00602680125925077
"FMZS" 0.000166711336879372 -0.000585501929366316 1.25567425188002e-05 -0.00160211237489723 0.000792977549959207 0.000278892464645207 0.00289003209630716 -0.00225742872039261 0.000762954160631008 0.00053642585953493 0.000649281241136538 -0.0003704468167957 0.000587027395764856 8.4481245136489e-05 -6.92730490428269e-05 -0.000793734048721095 -0.000405999215244191 -0.000807547893104059 -0.000405889304494029 -0.0107922467783518 0.00488194934715142 0.000890451892429226 0.00247157467883261 -0.000368173779116208 0.00125713472842322 -0.00138971668039567 0.000775018747885036 -0.000485730527246202 0.00058458316318995 0.0027119234051001 0.000642692190259396 -0.00192306104375682 -0.000142785130801385 0.000537879963819705 0.000710614725887842 -0.000137123209345824 -0.000705781721220148 -7.86153623527091e-05 -0.000717133480354273
"FMMT" 0.00188432270430896 0.00225929256231576 0.00160151644212316 0.00153860519143812 0.00166306150227983 0.00103831462513824 0.00303493273042842 -1.92987981399168e-06 0.00145692494673982 0.000208851905406108 0.000458939799419471 0.00119494000022322 0.000536603960760763 0.000454269637354186 0.00201905847420496 0.000781792427034833 0.000658384014437842 0.000519843927750863 0.000371240888732111 -0.00283175668024055 0.000890451892429226 0.00219161577451984 0.00261379512194655 0.00170324462665368 0.000361107846059074 0.000399409345690883 0.00207119199546282 0.00213511412184794 0.000211657709978345 -2.38854698695617e-05 0.00117953238338282 0.000856690953321732 0.00110961798033049 -0.000841345939845646 -0.000234214289771783 0.000298747474611298 0.00107134726272387 0.00113397703708518 6.40567767079262e-05
"ZSZI" 0.00412420756120691 0.00331984211522228 0.00274882971521441 -0.000691404230825915 0.00362107538234464 0.00250372978409281 0.00606651389748352 -0.00380586219996191 0.00383632906465448 0.0015841068998405 0.00129230903071621 0.00293924792039284 0.00137295473910835 0.000461286384402782 0.00428762552683464 0.000676347444999846 0.00115715550482143 0.00197465793617339 0.00044009040352611 -0.00752086135173312 0.00247157467883261 0.00261379512194655 0.0106864263319365 0.00238600546706091 9.902267164181e-05 0.00132033465839478 0.00286366242315104 0.00320076198595534 0.00158364181787627 0.00483790734363728 0.00230783181908103 0.00261014410967902 0.00182236967101247 -0.00219654576707263 -0.0024591209533026 0.000422958339862963 0.00339663476936529 0.00161821543568295 -0.000331422018948432
"ZIMT" 0.00379684838909558 0.0026981830407058 0.0014446634601777 0.000796797061893031 0.00182671143310048 0.00266659398037067 0.00350894590581654 -0.000249686541890628 0.00205774419397073 0.000636218308492863 0.00154922141934583 -7.35020912427241e-05 0.0009515680167347 0.000633658356247694 0.00356521704420707 0.000387401000764312 0.000479164186606499 -9.51253537448032e-06 0.000716981491230315 0.000566431818639841 -0.000368173779116208 0.00170324462665368 0.00238600546706091 0.00728326402574502 0.00134452073534889 0.00108664633282848 0.0003556432406899 0.00365363423431836 0.000484448227518209 0.00150113569732421 0.00165926322965975 0.000573974098359586 0.00114653533791968 -0.000717821315462888 0.000770118416349893 0.000295599443129059 0.0018967101291251 0.00276955761074454 0.000399779233050256
"ZIZYGO" 0.000252588987987277 -0.000895690411221873 0.00141836526350968 -0.00132896716162766 -0.0010400267425656 -5.14621871394052e-05 -0.00152151087154123 -0.00162136494555256 -3.00691146675504e-05 0.00146394489410547 0.00111016619889565 0.000579404494688222 0.000932834245197498 4.72902432979068e-06 0.00152604826916413 0.000594222987144306 0.000115136204901929 -0.000134518499646636 0.00157063746497676 -0.00124244719083101 0.00125713472842322 0.000361107846059074 9.902267164181e-05 0.00134452073534889 0.00741946794024505 0.00100701459106245 0.00142723768991779 8.42869497253088e-05 -0.000245676267672728 0.00158912876086142 0.000637788662275059 -0.00423486484036572 0.000565910577819091 0.00144484527626429 -0.00326125188311392 0.00187269092661996 -0.000360637374867577 0.000628834543273841 -0.000437046555015726
"ZITSP" 0.00244693119657415 0.0021168811199544 0.00174715587549046 0.00219968209299959 0.000998388533826934 0.00111958472578189 0.00211363922901415 0.000682058007353904 0.000897051216781978 0.000529083887094064 0.000548898313447914 0.00133665891388387 -2.46334090761754e-05 0.000287545704005796 0.00219875606582162 0.00109771624871812 0.000949777424620869 0.000535491450259947 0.00168474820308817 0.00535712923962839 -0.00138971668039567 0.000399409345690883 0.00132033465839478 0.00108664633282848 0.00100701459106245 0.00596194747101716 0.00210984661196053 0.00186223314782817 0.000443991241854257 0.00219727777691577 0.00187100117919673 0.00278283552945159 0.00221494356653308 -0.000209810192008308 -0.000451814987864798 0.00161793534009005 0.00111663708487609 0.000643369379731276 0.00101920637884311
"MTPNS" 0.00187900364459169 0.00358320041975474 0.0029808216410808 0.00278502980776609 0.00235561593529039 0.000567908297404126 0.00117679799837958 9.36563454858194e-05 0.00156613507610723 0.000339806437423531 0.00114499212266837 0.00197376315931144 0.000178823915363369 2.2966606115269e-05 0.00249884617776047 5.69095173269767e-05 0.00023236749515967 1.73115892533788e-05 0.00102424510545155 -0.00106031650158765 0.000775018747885036 0.00207119199546282 0.00286366242315104 0.0003556432406899 0.00142723768991779 0.00210984661196053 0.00665137828895817 0.00180726616132251 0.000223107563838555 0.000615532570173613 0.00166503143167098 0.00189647818729833 0.00142982984951288 -0.000674078912612841 -5.51770798505577e-05 -0.000227757584371486 0.000553272555655846 0.00026227512954211 0.000892442883540672
"PNSAPET" 0.00332274415233209 0.00434719012586299 0.000176499895430786 0.00314910860504146 0.00268861723284467 0.00184066891974771 0.00442887656021187 -0.000250703120152614 0.00141639498467251 0.000880308718964781 0.000741644233502881 -0.0007231084903051 0.000698750947195741 0.000639373076626837 0.00255106722017539 0.00242388594622209 0.0016485026374832 0.00183228312005626 0.000232718873432618 0.00606441761212048 -0.000485730527246202 0.00213511412184794 0.00320076198595534 0.00365363423431836 8.42869497253088e-05 0.00186223314782817 0.00180726616132251 0.0100571111570536 -0.000421863447199533 -0.000689188267638323 0.00187528537192975 0.00181491127090185 0.000194002032742145 -0.000592559959279441 0.000894546083001455 0.000632146188383934 0.00248865533641584 0.00220383357129803 -7.25888799734975e-05
"APETBA" 0.00158619736023505 0.00212575301375764 0.000735860161526804 0.000792581689043466 0.00070850509605973 0.00084841320237605 0.0029743368764181 -0.00035655085405379 0.000678142060543239 0.00044975459274539 0.000672409475434223 0.000399260612736942 0.000455889287070271 0.000372535244903057 -0.000383693959484107 0.000310709482561512 0.00148741416676967 0.00183003081412657 0.000901875889162595 0.00495310539950963 0.00058458316318995 0.000211657709978345 0.00158364181787627 0.000484448227518209 -0.000245676267672728 0.000443991241854257 0.000223107563838555 -0.000421863447199533 0.00358753413540353 0.00244014727607391 0.000962372172643152 0.00105708253956344 6.49648221249081e-05 1.06920422277288e-06 -0.00017341543218342 -0.000160348390003299 0.00183790881525126 0.00118853315524702 -0.000574270350068665
"APETTS" 0.0038541712341348 0.00171012076894763 0.00175756498816146 -0.00182283629411941 0.00287543801500816 0.00206152174509262 0.0056226355264036 0.000213217239826017 0.0035892877695206 0.00225666309945821 0.00358205074291187 0.00184265552874804 0.00105911153619142 0.000189420060119771 0.00289263992674791 0.000293939106713033 0.000363164858604336 0.00082847786569208 0.00107890519894125 -0.011582083565742 0.0027119234051001 -2.38854698695617e-05 0.00483790734363728 0.00150113569732421 0.00158912876086142 0.00219727777691577 0.000615532570173613 -0.000689188267638323 0.00244014727607391 0.0167471477461526 0.00221722913263619 0.00209056360591361 0.00198598894913471 -0.00104701223840628 -0.00363040449291515 0.000663490655395957 0.00214998686132646 0.00147779574164851 -0.000133785119838764
"BAEAM" 0.00264850025150053 0.00194693913764413 0.00176804271909389 0.00107258095791763 0.00137766049207722 0.00143560187871043 0.00281893891944512 -0.000489639463633138 0.00108402997705851 0.000607633661416096 0.000856585110936215 0.000854855014464895 0.000433403363923416 0.00056213559899953 0.00238722385532535 0.000577277173240539 0.000715165497327037 -0.000312775354083324 0.000475033546603599 0.0010950894194742 0.000642692190259396 0.00117953238338282 0.00230783181908103 0.00165926322965975 0.000637788662275059 0.00187100117919673 0.00166503143167098 0.00187528537192975 0.000962372172643152 0.00221722913263619 0.00254279040164024 0.00121696913097719 0.000970715955005388 -0.000190199578832319 0.000890102981635719 0.00077563721695585 0.00111037768936434 0.00107447636509906 -0.000275191582260525
"EAMZYGO" 0.00199680053013466 0.00464224350723711 0.00301878557282221 0.00221641551108097 0.00254148876861011 0.00142368083679125 0.00306847636102287 0.000819700970526108 0.00111974630623359 -0.000765073173112388 0.00140924206811425 0.00306191604607443 -9.64880338042403e-05 0.000735799773267623 0.00400309560344143 0.000814910809529567 0.0010322925859242 0.00142837798661224 -0.00125378912515445 -0.00448569550612574 -0.00192306104375682 0.000856690953321732 0.00261014410967902 0.000573974098359586 -0.00423486484036572 0.00278283552945159 0.00189647818729833 0.00181491127090185 0.00105708253956344 0.00209056360591361 0.00121696913097719 0.0121078410352723 0.00142042058442144 -0.00102390092063633 3.71654083960819e-05 0.000866140924331098 0.00200069370199068 0.00121366844562124 0.00125361168133266
"ZYGOTSP" 0.00352582741536094 -0.000150357132358801 0.00136467654360379 -0.000193131847881223 0.000484777965787655 0.000903996024420973 0.00130943577265841 0.00175414378253708 0.00180121839286824 -0.000266808288871319 0.00100416282112889 0.00161410395409122 9.2422780011348e-05 0.000918043487489575 0.00167439499385165 0.001640960391328 0.00093020299856783 0.00056809028607514 0.00227731478487078 -0.0267758083284895 -0.000142785130801385 0.00110961798033049 0.00182236967101247 0.00114653533791968 0.000565910577819091 0.00221494356653308 0.00142982984951288 0.000194002032742145 6.49648221249081e-05 0.00198598894913471 0.000970715955005388 0.00142042058442144 0.00757661604527185 -0.000110657067838767 0.00411952876886955 -0.000227255372103777 0.000625391954595443 0.000172002874952227 0.00143041596732548
"LDAS" -0.000672298223759612 -0.000496965783024426 -0.000250630302148858 -0.00120506661184267 -0.00123070532197268 -0.000407551822202443 -0.00371737033790978 -0.00109069303346961 -0.00150976703859685 -0.00101208063659702 -0.00043341443801665 -0.0011955289935114 -0.000784279261263382 -8.53088889462991e-06 -0.00165001979409378 0.000101134779773559 4.45171775602506e-05 -0.000163288051812998 0.000502410135858856 -0.00158667134392038 0.000537879963819705 -0.000841345939845646 -0.00219654576707263 -0.000717821315462888 0.00144484527626429 -0.000209810192008308 -0.000674078912612841 -0.000592559959279441 1.06920422277288e-06 -0.00104701223840628 -0.000190199578832319 -0.00102390092063633 -0.000110657067838767 0.00514215949826949 -0.000562995678369564 0.00226855729208636 -0.00170747384159706 -0.00219603902724172 0.000847299136092209
"BRLD" 0.00381395078487546 -2.00847417311681e-05 0.00110036945436757 -0.00186781948774387 9.39832241845318e-05 0.000575513054881088 0.000380823019651503 -0.000174202241075119 -0.00135652998961984 -0.00721094219796651 -0.00247024395198597 -0.00226130027255594 -0.00396584204706199 0.00012668041421494 -0.00524946500628067 0.00367101829092041 0.0028459967971318 0.00274681473642862 0.00160811563116841 -0.0149210639063958 0.000710614725887842 -0.000234214289771783 -0.0024591209533026 0.000770118416349893 -0.00326125188311392 -0.000451814987864798 -5.51770798505577e-05 0.000894546083001455 -0.00017341543218342 -0.00363040449291515 0.000890102981635719 3.71654083960819e-05 0.00411952876886955 -0.000562995678369564 0.0457097018228656 -0.007665686996643 0.00407913302078577 -0.00166080960766258 0.00199210664204642
"OPILD" 0.000266206483046746 0.000980787586086914 0.000886313974020427 0.00028014118788494 0.000124295095318119 0.000409756896207097 0.00319799876796994 -0.000411255837375439 0.000404677471443261 -0.000546274936197004 0.000399781018719269 0.00131724171936324 -0.000310186508416462 0.000697714792011318 0.00232575276042361 -8.84386664039339e-05 -0.000307043241085755 -0.000963006359936501 -0.000951090302215631 -0.00255646410209406 -0.000137123209345824 0.000298747474611298 0.000422958339862963 0.000295599443129059 0.00187269092661996 0.00161793534009005 -0.000227757584371486 0.000632146188383934 -0.000160348390003299 0.000663490655395957 0.00077563721695585 0.000866140924331098 -0.000227255372103777 0.00226855729208636 -0.007665686996643 0.00767378018532828 -0.00032025397686162 0.000814897397352927 -0.000360552055311857
"PTAS" 0.00301263548133747 0.0026237969293582 0.00122055484469885 0.000948196565318344 0.00148885940017801 0.00144940817181202 0.00473804892227288 0.000413172951944604 0.0018854335903626 -2.97333846531587e-05 0.00086916617746083 0.00144975067655186 0.000750949391463467 0.000271021631503325 -0.000853441931338523 0.00198385574871457 0.00222021407597202 0.00444449949323151 0.00163558446348134 0.00478440475284346 -0.000705781721220148 0.00107134726272387 0.00339663476936529 0.0018967101291251 -0.000360637374867577 0.00111663708487609 0.000553272555655846 0.00248865533641584 0.00183790881525126 0.00214998686132646 0.00111037768936434 0.00200069370199068 0.000625391954595443 -0.00170747384159706 0.00407913302078577 -0.00032025397686162 0.00549398276839125 0.00224850899930139 0.00051599037704687
"JPAS" 0.00211963695281507 0.00180534983558387 0.000731944477166234 0.00090988467039303 0.00103800392362379 0.00140501125741662 0.00569762544931206 0.00107063077999691 0.00162415263818547 0.00107886651132816 0.00128711175335185 0.00118771823341701 0.00154769120527662 0.000622087720203672 0.00243187168889866 -0.000151243367527691 0.000295812190973117 0.000430453122939714 -0.00108924700606399 -0.00491005105601643 -7.86153623527091e-05 0.00113397703708518 0.00161821543568295 0.00276955761074454 0.000628834543273841 0.000643369379731276 0.00026227512954211 0.00220383357129803 0.00118853315524702 0.00147779574164851 0.00107447636509906 0.00121366844562124 0.000172002874952227 -0.00219603902724172 -0.00166080960766258 0.000814897397352927 0.00224850899930139 0.0071338943574001 -0.000954243672891264
"BAOPI" 0.000907329450896763 -7.37895280116445e-05 0.000132448640886211 0.000593419896608519 0.000242228731516221 0.000333535608543813 -0.0022106796695361 0.00109976867890699 0.000303687408342305 -0.000984976043917171 0.000153092118910365 0.000109385421152318 -0.000305815514552223 -0.000147170213987889 -0.00157620120584817 0.000524410979423014 0.000338159625146993 0.00122509188059386 0.00110220441806981 -0.00602680125925077 -0.000717133480354273 6.40567767079262e-05 -0.000331422018948432 0.000399779233050256 -0.000437046555015726 0.00101920637884311 0.000892442883540672 -7.25888799734975e-05 -0.000574270350068665 -0.000133785119838764 -0.000275191582260525 0.00125361168133266 0.00143041596732548 0.000847299136092209 0.00199210664204642 -0.000360552055311857 0.00051599037704687 -0.000954243672891264 0.00320136176690306
