"" "ISPM" "ISNSL" "ISPNS" "PMZS" "PMZI" "PMMT" "NSLNA" "NSLZS" "NSLZI" "NABR" "NAFM" "NAPNS" "BRPT" "BRAPET" "PTFM" "PTAPET" "PTBA" "PTEAM" "PTZYGO" "PTTSP" "FMZS" "FMMT" "ZSZI" "ZIMT" "ZIZYGO" "ZITSP" "MTPNS" "PNSAPET" "APETBA" "APETTS" "BAEAM" "EAMZYGO" "ZYGOTSP" "LDAS" "BRLD" "OPILD" "PTAS" "JPAS" "BAOPI"
"ISPM" 0.00652172307559465 0.00202459379958721 0.00259446164718434 0.00122019221566122 0.00198642327881024 0.00226395461009337 0.00542132306685845 0.00185204904932781 0.0029423997669004 0.000585609235848653 0.00162651656195468 0.00165994107170316 0.00108934554361261 0.0009654906040548 0.00275306713318349 0.000777020954970628 0.00117841265332669 0.000727439993090763 0.000808555689839673 -0.0136328684526026 0.000462736447590719 0.0018517384980839 0.00357130988944855 0.00233786568290543 0.000732428640616862 0.00194314616399748 0.0018354776554318 0.0019859022330449 0.00175818360207507 0.00289257434623581 0.00203899111530155 0.00111322098563575 0.00323540600891138 -0.000313802006683519 0.00285731003591161 0.000235324475021365 0.001932368357611 0.00114112228136442 0.000673005182638732
"ISNSL" 0.00202459379958721 0.00825895431359161 0.00233468880191246 0.00438512307933306 0.00212706021550456 0.00142860802699271 0.00121153756339385 0.00109834547213445 0.00109360819102951 5.5124182903786e-05 0.0014651295482512 0.000976756850755245 0.000113259856420122 -4.21143641558582e-05 0.00155765615329645 0.000519544755577345 0.00127208161851482 0.00155328063975603 0.00052643863737227 0.0121031565199525 -0.000686090757476159 0.0014632105034939 0.00114876145768246 0.00324077657612613 -0.000262410781022283 0.00198690123627802 0.00250086510434981 0.00317016366795316 0.0017851614964585 0.00182373231748798 0.00165861011981829 0.0038025426112674 -0.000149908143134461 -0.00017652708802917 -0.00114032669273099 0.000990518537889153 0.00166659127770094 0.00108334537450261 -0.000579600178217986
"ISPNS" 0.00259446164718434 0.00233468880191246 0.0043662522472731 -0.000193231615362737 0.00175103483894207 0.00145622670932106 -0.00090345363923009 -0.000808330203561817 0.00129468926969774 0.000451424370482762 0.000532320776196436 0.00264915233064908 0.000785545260475048 0.000601264146674262 0.00315128153900312 0.000131963580061243 0.000684785885043681 -7.31570663432853e-07 -2.99304811974774e-05 -0.00549656474984192 0.00068459717850872 0.00170581122569461 0.00354180579338467 0.000614708059690631 0.00133232766283155 0.000173555388715019 0.00241434721924926 -0.00159927700729227 0.00178467709729126 0.000341458753604897 0.00134956459427332 0.000676566355191711 0.00115740712623694 0.000145473221539789 -0.000712980102990164 0.00099359282835941 0.000701727663709839 5.05989635007271e-05 -0.000252320390188035
"PMZS" 0.00122019221566122 0.00438512307933306 -0.000193231615362737 0.00731286116087215 0.0010234901926463 0.000372814775094869 0.00438740237575981 0.00399439139620586 0.000592358652549717 2.45054030136262e-05 0.001123425894489 -0.000280213579117706 -0.000259099203815434 -0.000335397700515809 -0.000196229928484187 0.000233737679536759 0.000561422529212596 0.00100849327469599 0.00107693848371874 0.0163067448340397 -0.0018513429358042 0.000983374683337534 -0.00219879590746161 0.00195136508595646 -0.000162610485561253 0.00299110588326976 0.00195616114333759 0.00368548459424002 -6.84379799635031e-05 0.000213377443578606 0.00096138330173967 0.00244117746378938 0.000105582494379749 -0.00100970217930902 -0.000568502234584332 -7.71040951022859e-05 0.000733273913182984 0.000971093477310953 0.00054397001588826
"PMZI" 0.00198642327881024 0.00212706021550456 0.00175103483894207 0.0010234901926463 0.00295175257381711 0.00165446902424254 0.00171632049489676 -0.000249384291150735 0.00203828085686436 0.000802291082025016 0.000486976484999436 0.000855159618023385 0.000801650815511796 0.000620257066972631 0.00228563677291977 -4.84468643226683e-06 0.000432476517489493 0.000397816625611301 0.000166051643746113 -0.000853374855831517 0.000913808602820695 0.00169151024997421 0.00435393180989979 0.000700749148619368 -0.00093384116648576 0.000137163631090718 0.00178335398521555 0.000903867361199579 0.00132696046582222 0.00142158549437241 0.000857589152700006 0.000872667196743694 0.000586602365747164 -0.000849856187324004 -0.000453545342501058 -8.30475680995522e-05 0.00114020669431833 0.000760587085278843 0.000132758222765478
"PMMT" 0.00226395461009337 0.00142860802699271 0.00145622670932106 0.000372814775094869 0.00165446902424254 0.00219415969799071 0.00145908611663635 -0.000104074151996622 0.00133733105515551 0.000541426897015425 0.000493395884001091 0.000488205700592538 0.000897287245307612 0.000527303517452262 0.00162592454902893 -9.33234160683496e-05 0.000470201059045578 -5.51539156047197e-06 -0.000223191819223045 -0.00382393175934579 0.00035313071065972 0.000961414554148607 0.00247195442449634 0.0019806835929412 0.000213430667419704 0.000565746559929663 0.000389894596047005 0.00053333670936003 0.00142640496542161 0.00130219678711174 0.00115749377353455 9.13313562966613e-05 0.000846791547594313 -0.000405807489317448 0.000154957337230086 8.85552858047645e-05 0.00104285388759469 0.000893482800700102 2.70352266490242e-05
"NSLNA" 0.00542132306685845 0.00121153756339385 -0.00090345363923009 0.00438740237575981 0.00171632049489676 0.00145908611663635 0.0372900460896983 0.00172235179532946 0.00245461487602466 -0.00322395081811786 0.00103333510886471 0.00230939994062361 -0.00112008226040969 0.000568198443735079 0.00272453101278875 0.000609895015464566 0.000187635312232446 0.000407081746358084 -0.00219609639745828 -0.00482762006207772 0.00141852614474964 0.00136417114172947 0.00140415437396748 0.00271334586758887 3.58373306443725e-05 0.00344584306485641 0.000782826639685169 0.00627114008032324 -0.000604272264565231 0.00589511075314299 0.00133124813931926 0.00441542225342705 0.000618338193715181 -0.00268675629379022 0.00388312327337475 0.00200922486026748 0.00298659158657483 0.00450938898539825 0.000301786527370505
"NSLZS" 0.00185204904932781 0.00109834547213445 -0.000808330203561817 0.00399439139620586 -0.000249384291150735 -0.000104074151996622 0.00172235179532946 0.00754027097212903 0.0012876439475649 -0.000241897225668114 0.00197611361168177 0.000188095836553077 -0.000193400258563297 -0.00033224638918252 -0.00017461186251907 -0.000617494843897711 -0.0003659979099708 0.000108982389096943 0.000569526932481185 -0.00505277455209214 -0.0021420860756518 0.000155993515768882 -0.00452767331177896 0.000991661436202544 0.000141079890093459 0.00196831315585506 0.000427978705847944 0.00149110180643053 -0.000591111445435073 0.00166029245147887 0.000208953361722848 0.0013695924285952 0.00202754683521473 -0.000759643075739457 0.00237450781940132 -0.000880228601624632 -5.94123665595387e-05 0.000902610800099534 0.000993949878704292
"NSLZI" 0.0029423997669004 0.00109360819102951 0.00129468926969774 0.000592358652549717 0.00203828085686436 0.00133733105515551 0.00245461487602466 0.0012876439475649 0.00311520573283044 0.00128919174254815 0.0011153467402353 0.00143534331545595 0.00133760753927328 0.000701650855051111 0.00201623438303786 -0.000410367529697697 0.000170089721446042 0.000525377369166533 0.000601575986154956 -0.00804589748661905 0.000786261459018189 0.00172315117084203 0.00440961312336679 0.000856708868871341 -0.000171628934578736 0.00042296296628998 0.00141260692308107 0.000319354480235886 0.00123131905702672 0.00245201455868151 0.000802222260092484 0.000261164481543129 0.0017171418972839 -0.00100403712841617 -0.000944440035503225 5.13035008925221e-05 0.00129065806376792 0.00110883639248059 4.0278229579374e-05
"NABR" 0.000585609235848653 5.5124182903786e-05 0.000451424370482762 2.45054030136262e-05 0.000802291082025016 0.000541426897015425 -0.00322395081811786 -0.000241897225668114 0.00128919174254815 0.00425474009787379 0.000870342917088354 0.000268653710761755 0.0031029860781545 0.000957652841571062 0.00142521755156497 -0.000371878116735734 9.45213089531456e-05 -4.14417009445327e-05 0.000548068053630897 0.00034939338068537 0.00052666614582612 0.000656022622460505 0.00269970356663804 0.000425167220839269 0.000476514732774723 -7.62420680845396e-05 0.000292196513060851 -0.0006572992108231 0.0013487376616434 0.00152963665725279 0.000448435613893918 -0.000942432669882784 -0.00023746712359384 -0.00057398233993695 -0.00834027405068979 1.43524796231892e-05 0.000127341295008062 0.000841490127991871 -0.0013882132230978
"NAFM" 0.00162651656195468 0.0014651295482512 0.000532320776196436 0.001123425894489 0.000486976484999436 0.000493395884001091 0.00103333510886471 0.00197611361168177 0.0011153467402353 0.000870342917088354 0.00258742865803348 0.000731753556060719 0.000620858291362903 -2.32197579814658e-05 0.00165949207970347 -0.000609018183980802 -0.000258948288815754 0.000142703060278129 0.000241695554451322 -0.00465433977587512 0.000289359026535569 0.000330972094879031 -0.000343173244224082 0.00186953623047444 0.00176962952841996 0.00101438712465041 0.00101837648019685 0.00142567865956379 3.79936447749954e-05 0.00344193810225911 0.000918065087664632 0.00133714438842052 0.000917517046354438 -0.000130839056812775 -0.00136457769126149 0.000475020485238753 0.000508939020744235 0.000826048544494614 0.000151055265327022
"NAPNS" 0.00165994107170316 0.000976756850755245 0.00264915233064908 -0.000280213579117706 0.000855159618023385 0.000488205700592538 0.00230939994062361 0.000188095836553077 0.00143534331545595 0.000268653710761755 0.000731753556060719 0.00390118790324883 0.00071703534052791 0.000440303571232134 0.00281978715104982 5.39440818167745e-05 0.000138206778529922 0.000238173324440577 -0.000471461556298789 -0.0095431745215223 0.000179934673342192 0.00129951956737496 0.00297100905925701 -0.000614746210103831 0.000859027994778483 0.000410017590287481 0.00167312167673683 -0.00130388410693497 0.000443028041985132 0.00121600870759972 0.00077589390062791 0.001609709167577 0.00138844980732779 -0.000467571279628331 -0.00197761619156768 0.00146676048196503 0.000714445496769174 0.000340266778557085 -0.000141090317530561
"BRPT" 0.00108934554361261 0.000113259856420122 0.000785545260475048 -0.000259099203815434 0.000801650815511796 0.000897287245307612 -0.00112008226040969 -0.000193400258563297 0.00133760753927328 0.0031029860781545 0.000620858291362903 0.00071703534052791 0.00321252107125502 0.00120020767922242 0.000564129612994147 -0.000378899982931442 0.000239398166495017 0.000327134793272736 2.90659973966547e-05 -0.00534502969119837 0.000681710429749541 0.000810777333727769 0.00262801730285163 0.000538538114061841 0.000102678748084085 -0.000596589592569955 0.000109423251268239 -0.000873045767679403 0.00129439803683861 0.000533119575620856 0.000325271362169286 -0.000566607370291635 9.72931391615833e-06 -0.000399038898231981 -0.00596270697345585 0.00024796756254053 0.00068863946287675 0.0010214688342013 -0.000954594222045981
"BRAPET" 0.0009654906040548 -4.21143641558582e-05 0.000601264146674262 -0.000335397700515809 0.000620257066972631 0.000527303517452262 0.000568198443735079 -0.00033224638918252 0.000701650855051111 0.000957652841571062 -2.32197579814658e-05 0.000440303571232134 0.00120020767922242 0.00120066903069997 0.000695649789207351 0.000585048176535811 0.000532625005199643 0.000256392989322891 0.000368199174736162 -0.00456010072411434 0.000263528906062184 0.000597242351531764 0.00150289454413938 8.03801939632694e-05 -0.000417981226863165 -0.000100921474105262 0.000100317783944788 -0.000330693682293808 0.000898504733494631 -0.000262038637307822 0.000249014429149837 0.000339252956022289 0.000850999390416328 0.00021915932709792 -0.0010966032530534 0.00078240605019375 0.000291980898913064 0.000356046309418658 -0.000188934407361906
"PTFM" 0.00275306713318349 0.00155765615329645 0.00315128153900312 -0.000196229928484187 0.00228563677291977 0.00162592454902893 0.00272453101278875 -0.00017461186251907 0.00201623438303786 0.00142521755156497 0.00165949207970347 0.00281978715104982 0.000564129612994147 0.000695649789207351 0.0112299003204478 -0.00233357582876611 -0.00171819355163666 -0.00443759621257439 -0.0024628495570341 -0.0175848168567432 0.000504981025617539 0.00230887760684638 0.00428808251577653 0.00187837611425639 0.00244922716410608 0.00110644073734222 0.0026086745455061 0.00118844251539446 0.000202434222608639 0.00299612210191997 0.00221440979725157 0.000958068593788385 0.00157422076751034 -0.00130396283859665 -0.00100025502979049 0.00129995664670806 -0.000882458841680609 0.0010945476381619 -0.00104963163009802
"PTAPET" 0.000777020954970628 0.000519544755577345 0.000131963580061243 0.000233737679536759 -4.84468643226683e-06 -9.33234160683496e-05 0.000609895015464566 -0.000617494843897711 -0.000410367529697697 -0.000371878116735734 -0.000609018183980802 5.39440818167745e-05 -0.000378899982931442 0.000585048176535811 -0.00233357582876611 0.00517080407045427 0.00296575256323241 0.00390043605226596 0.00293231014091063 0.00851547166326132 -0.000670832558180518 0.000201330041617608 -0.000288709105174346 0.000414807953617339 8.56857207566268e-05 0.0013725588548122 -4.26856689142895e-05 0.00241148753695956 -0.000313005049190776 -0.000703540244164325 0.000224018736082676 0.00221629740384605 0.00180015653959478 0.000455899813770739 0.00215591817283365 0.000217328991488131 0.00170891614967612 4.33325582697868e-05 0.00115111287030258
"PTBA" 0.00117841265332669 0.00127208161851482 0.000684785885043681 0.000561422529212596 0.000432476517489493 0.000470201059045578 0.000187635312232446 -0.0003659979099708 0.000170089721446042 9.45213089531456e-05 -0.000258948288815754 0.000138206778529922 0.000239398166495017 0.000532625005199643 -0.00171819355163666 0.00296575256323241 0.00242188096435349 0.0032073711855678 0.00213532273138294 0.00743283990223005 -0.000341039716387024 0.00050760696183112 0.000789763484764471 0.0006585499853444 -1.13781850267823e-05 0.000834644713012534 0.000220089846019921 0.00110422818607506 0.00149201654126099 -0.000285807886112519 0.000443264242240856 0.00126439789722967 0.000983527175617607 0.00033193277577541 0.00120030673099197 -0.000113348308519258 0.00172855837884904 0.000348336502172149 0.000414857418769041
"PTEAM" 0.000727439993090763 0.00155328063975603 -7.31570663432853e-07 0.00100849327469599 0.000397816625611301 -5.51539156047197e-06 0.000407081746358084 0.000108982389096943 0.000525377369166533 -4.14417009445327e-05 0.000142703060278129 0.000238173324440577 0.000327134793272736 0.000256392989322891 -0.00443759621257439 0.00390043605226596 0.0032073711855678 0.00731094640832512 0.00417997947152906 0.0178020284478015 -0.000524311455462857 0.00040816376946601 0.00101540476017457 0.000472502815995248 -8.46812980694182e-05 0.00119569639486522 0.000346828348231346 0.00213297823755245 0.00111542349782639 0.000210844345372 -0.000536409682292206 0.00275006953417057 0.00084986498739135 0.00030157430968918 -4.27437488060462e-05 -0.000127300286029785 0.00382819138585569 0.000637389145872996 0.00126877875376271
"PTZYGO" 0.000808555689839673 0.00052643863737227 -2.99304811974774e-05 0.00107693848371874 0.000166051643746113 -0.000223191819223045 -0.00219609639745828 0.000569526932481185 0.000601575986154956 0.000548068053630897 0.000241695554451322 -0.000471461556298789 2.90659973966547e-05 0.000368199174736162 -0.0024628495570341 0.00293231014091063 0.00213532273138294 0.00417997947152906 0.00548000856179747 0.0132257687122167 -0.000249200932975974 0.000565548707365412 0.000432524762800563 0.000798097902331885 0.00137462876086787 0.0021110577270872 0.00122375469491331 0.000843117226377723 0.00079694953110152 0.00028632135523169 0.000204728786619739 0.000460332797414578 0.00275336869252397 0.00083786230114696 0.00062472590774229 -0.000584187589872086 0.00173984138954932 -0.000686433064470783 0.00144652110033679
"PTTSP" -0.0136328684526026 0.0121031565199525 -0.00549656474984192 0.0163067448340397 -0.000853374855831517 -0.00382393175934579 -0.00482762006207772 -0.00505277455209214 -0.00804589748661905 0.00034939338068537 -0.00465433977587512 -0.0095431745215223 -0.00534502969119837 -0.00456010072411434 -0.0175848168567432 0.00851547166326132 0.00743283990223005 0.0178020284478015 0.0132257687122167 0.289251174010262 -0.00920360537276207 -0.00337085298005021 -0.00994143355376431 0.00507172076072418 -0.00373018628733707 0.00573989657311517 -0.000290145249244775 0.0078814247432236 0.00321760170261281 -0.00728071193223391 -0.00198850679824586 0.00610958052432972 -0.0233742455441492 0.000284599988360887 -0.0245808510788787 0.000695292897947804 0.00527893743334812 0.000275583635291977 -0.00417782963729802
"FMZS" 0.000462736447590719 -0.000686090757476159 0.00068459717850872 -0.0018513429358042 0.000913808602820695 0.00035313071065972 0.00141852614474964 -0.0021420860756518 0.000786261459018189 0.00052666614582612 0.000289359026535569 0.000179934673342192 0.000681710429749541 0.000263528906062184 0.000504981025617539 -0.000670832558180518 -0.000341039716387024 -0.000524311455462857 -0.000249200932975974 -0.00920360537276207 0.00424037010133049 0.000995746042627249 0.0029329820567859 -0.00106517414775415 0.00100356985379104 -0.00152448733762893 0.000981530919047663 -0.000895194000823776 0.000623407294189155 0.00132916185906856 0.000441288606442224 -0.00175825130613793 6.48638233077148e-05 0.000414035883812538 -0.00025276744846728 0.000311742339402458 -0.000200031150493445 -0.000338072359112881 -0.000462067384942366
"FMMT" 0.0018517384980839 0.0014632105034939 0.00170581122569461 0.000983374683337534 0.00169151024997421 0.000961414554148607 0.00136417114172947 0.000155993515768882 0.00172315117084203 0.000656022622460505 0.000330972094879031 0.00129951956737496 0.000810777333727769 0.000597242351531764 0.00230887760684638 0.000201330041617608 0.00050760696183112 0.00040816376946601 0.000565548707365412 -0.00337085298005021 0.000995746042627249 0.0023003789627272 0.00333492500079413 0.000906227264554952 0.000689889411006009 -0.000133781478306911 0.00189468819288339 0.00075410252638606 0.00095764452838371 -0.000148000729014338 0.000943445571974752 -0.000307489339853825 0.00105153695140175 -0.000466205461744403 -0.000283378265822963 8.75167318670124e-05 0.000789922297802393 0.000759660042000022 -5.30659706395803e-06
"ZSZI" 0.00357130988944855 0.00114876145768246 0.00354180579338467 -0.00219879590746161 0.00435393180989979 0.00247195442449634 0.00140415437396748 -0.00452767331177896 0.00440961312336679 0.00269970356663804 -0.000343173244224082 0.00297100905925701 0.00262801730285163 0.00150289454413938 0.00428808251577653 -0.000288709105174346 0.000789763484764471 0.00101540476017457 0.000432524762800563 -0.00994143355376431 0.0029329820567859 0.00333492500079413 0.0135413528511472 -0.000990252095007798 -0.00140473534397052 -0.00133124282794207 0.00226162033072852 -0.00114132765654678 0.00315371397567403 0.001450756304325 0.00120805138816488 -0.000763342788824843 0.00149061052797003 -0.00153232040768326 -0.00378291488695473 0.00012457321664246 0.00262317336476613 0.000970331220359813 -0.000774960177645248
"ZIMT" 0.00233786568290543 0.00324077657612613 0.000614708059690631 0.00195136508595646 0.000700749148619368 0.0019806835929412 0.00271334586758887 0.000991661436202544 0.000856708868871341 0.000425167220839269 0.00186953623047444 -0.000614746210103831 0.000538538114061841 8.03801939632694e-05 0.00187837611425639 0.000414807953617339 0.0006585499853444 0.000472502815995248 0.000798097902331885 0.00507172076072418 -0.00106517414775415 0.000906227264554952 -0.000990252095007798 0.00817693191690246 0.00227056056890482 0.00162935772897633 9.14147982789247e-05 0.00350347401450449 0.000513706100966204 0.00219917263495424 0.0015970278914306 0.00109773567088545 0.000366597492085562 -0.000166037536176652 -0.000143308220873833 2.49273061005387e-05 0.00101231090022073 0.00236350099642883 0.000165564350610005
"ZIZYGO" 0.000732428640616862 -0.000262410781022283 0.00133232766283155 -0.000162610485561253 -0.00093384116648576 0.000213430667419704 3.58373306443725e-05 0.000141079890093459 -0.000171628934578736 0.000476514732774723 0.00176962952841996 0.000859027994778483 0.000102678748084085 -0.000417981226863165 0.00244922716410608 8.56857207566268e-05 -1.13781850267823e-05 -8.46812980694182e-05 0.00137462876086787 -0.00373018628733707 0.00100356985379104 0.000689889411006009 -0.00140473534397052 0.00227056056890482 0.00881513957026962 0.0015445684878879 0.00180919625757924 0.00108076672301034 -0.000565000578585365 0.00238896414113593 0.00112235642716077 -0.00427974265619336 0.00132565603187314 0.0012212675425439 0.000630913183384008 0.00110761226312727 -0.000132372798024052 -4.46491837799413e-05 0.000715428048243756
"ZITSP" 0.00194314616399748 0.00198690123627802 0.000173555388715019 0.00299110588326976 0.000137163631090718 0.000565746559929663 0.00344584306485641 0.00196831315585506 0.00042296296628998 -7.62420680845396e-05 0.00101438712465041 0.000410017590287481 -0.000596589592569955 -0.000100921474105262 0.00110644073734222 0.0013725588548122 0.000834644713012534 0.00119569639486522 0.0021110577270872 0.00573989657311517 -0.00152448733762893 -0.000133781478306911 -0.00133124282794207 0.00162935772897633 0.0015445684878879 0.00635163921055587 0.00168984179853914 0.00342202816358296 -0.000737872275184906 0.00270733483177851 0.00152733842581411 0.00381842406650178 0.00273031706448783 -0.000304101531438423 0.00171006765796146 0.000975264746017672 0.00120126420312414 0.000323650720242003 0.00128156661979784
"MTPNS" 0.0018354776554318 0.00250086510434981 0.00241434721924926 0.00195616114333759 0.00178335398521555 0.000389894596047005 0.000782826639685169 0.000427978705847944 0.00141260692308107 0.000292196513060851 0.00101837648019685 0.00167312167673683 0.000109423251268239 0.000100317783944788 0.0026086745455061 -4.26856689142895e-05 0.000220089846019921 0.000346828348231346 0.00122375469491331 -0.000290145249244775 0.000981530919047663 0.00189468819288339 0.00226162033072852 9.14147982789247e-05 0.00180919625757924 0.00168984179853914 0.00548029130606161 0.00125800538004321 0.000507622268003907 0.000832737230148691 0.00133205668903159 0.00118966215898097 0.00142258024818256 -0.000448811141497996 0.000281101734173177 0.000122111170748652 0.000646318217189663 -0.000137367866236003 0.000775489216674652
"PNSAPET" 0.0019859022330449 0.00317016366795316 -0.00159927700729227 0.00368548459424002 0.000903867361199579 0.00053333670936003 0.00627114008032324 0.00149110180643053 0.000319354480235886 -0.0006572992108231 0.00142567865956379 -0.00130388410693497 -0.000873045767679403 -0.000330693682293808 0.00118844251539446 0.00241148753695956 0.00110422818607506 0.00213297823755245 0.000843117226377723 0.0078814247432236 -0.000895194000823776 0.00075410252638606 -0.00114132765654678 0.00350347401450449 0.00108076672301034 0.00342202816358296 0.00125800538004321 0.0111393993413056 -0.00281961724568085 0.000460309618360692 0.00144480351829174 0.00400325830641013 0.000735140403681941 -0.000438230926965869 0.00443712565872359 -8.74112350131344e-05 0.00216997557812164 0.00212736676585077 0.0012430051087102
"APETBA" 0.00175818360207507 0.0017851614964585 0.00178467709729126 -6.84379799635031e-05 0.00132696046582222 0.00142640496542161 -0.000604272264565231 -0.000591111445435073 0.00123131905702672 0.0013487376616434 3.79936447749954e-05 0.000443028041985132 0.00129439803683861 0.000898504733494631 0.000202434222608639 -0.000313005049190776 0.00149201654126099 0.00111542349782639 0.00079694953110152 0.00321760170261281 0.000623407294189155 0.00095764452838371 0.00315371397567403 0.000513706100966204 -0.000565000578585365 -0.000737872275184906 0.000507622268003907 -0.00281961724568085 0.00571566204266976 0.00120062066284587 0.000745629248307558 -0.000895303111961565 8.38986274480134e-08 0.000330840031236381 -0.00230989694864979 -0.000113789142745226 0.000900380909380249 0.000762642862113096 -0.00134633400650852
"APETTS" 0.00289257434623581 0.00182373231748798 0.000341458753604897 0.000213377443578606 0.00142158549437241 0.00130219678711174 0.00589511075314299 0.00166029245147887 0.00245201455868151 0.00152963665725279 0.00344193810225911 0.00121600870759972 0.000533119575620856 -0.000262038637307822 0.00299612210191997 -0.000703540244164325 -0.000285807886112519 0.000210844345372 0.00028632135523169 -0.00728071193223391 0.00132916185906856 -0.000148000729014338 0.001450756304325 0.00219917263495424 0.00238896414113593 0.00270733483177851 0.000832737230148691 0.000460309618360692 0.00120062066284587 0.0145653611665997 0.00195219268945929 0.00157076717094123 0.000996882666989616 -0.00122592309243517 -0.00175431524562041 0.000533760357358719 0.00145037200113954 0.000911815279483612 -0.000374379421695443
"BAEAM" 0.00203899111530155 0.00165861011981829 0.00134956459427332 0.00096138330173967 0.000857589152700006 0.00115749377353455 0.00133124813931926 0.000208953361722848 0.000802222260092484 0.000448435613893918 0.000918065087664632 0.00077589390062791 0.000325271362169286 0.000249014429149837 0.00221440979725157 0.000224018736082676 0.000443264242240856 -0.000536409682292206 0.000204728786619739 -0.00198850679824586 0.000441288606442224 0.000943445571974752 0.00120805138816488 0.0015970278914306 0.00112235642716077 0.00152733842581411 0.00133205668903159 0.00144480351829174 0.000745629248307558 0.00195219268945929 0.00230518747466394 0.000563064558015669 0.00108200802085089 -0.000160881761938851 0.00107369313298487 0.000453812581681201 0.000824660128100547 0.000499795467719838 -0.000306711552856791
"EAMZYGO" 0.00111322098563575 0.0038025426112674 0.000676566355191711 0.00244117746378938 0.000872667196743694 9.13313562966613e-05 0.00441542225342705 0.0013695924285952 0.000261164481543129 -0.000942432669882784 0.00133714438842052 0.001609709167577 -0.000566607370291635 0.000339252956022289 0.000958068593788385 0.00221629740384605 0.00126439789722967 0.00275006953417057 0.000460332797414578 0.00610958052432972 -0.00175825130613793 -0.000307489339853825 -0.000763342788824843 0.00109773567088545 -0.00427974265619336 0.00381842406650178 0.00118966215898097 0.00400325830641013 -0.000895303111961565 0.00157076717094123 0.000563064558015669 0.0134002782729826 0.00121956843539772 -0.000357933489668547 -0.00101563636149841 0.00122039594536515 0.00176047005112147 0.00129992527274076 0.000917480348964508
"ZYGOTSP" 0.00323540600891138 -0.000149908143134461 0.00115740712623694 0.000105582494379749 0.000586602365747164 0.000846791547594313 0.000618338193715181 0.00202754683521473 0.0017171418972839 -0.00023746712359384 0.000917517046354438 0.00138844980732779 9.72931391615833e-06 0.000850999390416328 0.00157422076751034 0.00180015653959478 0.000983527175617607 0.00084986498739135 0.00275336869252397 -0.0233742455441492 6.48638233077148e-05 0.00105153695140175 0.00149061052797003 0.000366597492085562 0.00132565603187314 0.00273031706448783 0.00142258024818256 0.000735140403681941 8.38986274480134e-08 0.000996882666989616 0.00108200802085089 0.00121956843539772 0.00770322089556109 0.000141229767392729 0.0055440393471342 -0.000415867389068568 0.000910229373623941 -0.000682751999977612 0.0017797888740831
"LDAS" -0.000313802006683519 -0.00017652708802917 0.000145473221539789 -0.00100970217930902 -0.000849856187324004 -0.000405807489317448 -0.00268675629379022 -0.000759643075739457 -0.00100403712841617 -0.00057398233993695 -0.000130839056812775 -0.000467571279628331 -0.000399038898231981 0.00021915932709792 -0.00130396283859665 0.000455899813770739 0.00033193277577541 0.00030157430968918 0.00083786230114696 0.000284599988360887 0.000414035883812538 -0.000466205461744403 -0.00153232040768326 -0.000166037536176652 0.0012212675425439 -0.000304101531438423 -0.000448811141497996 -0.000438230926965869 0.000330840031236381 -0.00122592309243517 -0.000160881761938851 -0.000357933489668547 0.000141229767392729 0.00437974986983765 -0.000882248701117483 0.00182969399742312 -0.00149353087876608 -0.00163545537157281 0.000740622526566401
"BRLD" 0.00285731003591161 -0.00114032669273099 -0.000712980102990164 -0.000568502234584332 -0.000453545342501058 0.000154957337230086 0.00388312327337475 0.00237450781940132 -0.000944440035503225 -0.00834027405068979 -0.00136457769126149 -0.00197761619156768 -0.00596270697345585 -0.0010966032530534 -0.00100025502979049 0.00215591817283365 0.00120030673099197 -4.27437488060462e-05 0.00062472590774229 -0.0245808510788787 -0.00025276744846728 -0.000283378265822963 -0.00378291488695473 -0.000143308220873833 0.000630913183384008 0.00171006765796146 0.000281101734173177 0.00443712565872359 -0.00230989694864979 -0.00175431524562041 0.00107369313298487 -0.00101563636149841 0.0055440393471342 -0.000882248701117483 0.0500724145780864 -0.00842175045415447 0.00243248597398372 -0.00168066127934551 0.00446612793176553
"OPILD" 0.000235324475021365 0.000990518537889153 0.00099359282835941 -7.71040951022859e-05 -8.30475680995522e-05 8.85552858047645e-05 0.00200922486026748 -0.000880228601624632 5.13035008925221e-05 1.43524796231892e-05 0.000475020485238753 0.00146676048196503 0.00024796756254053 0.00078240605019375 0.00129995664670806 0.000217328991488131 -0.000113348308519258 -0.000127300286029785 -0.000584187589872086 0.000695292897947804 0.000311742339402458 8.75167318670124e-05 0.00012457321664246 2.49273061005387e-05 0.00110761226312727 0.000975264746017672 0.000122111170748652 -8.74112350131344e-05 -0.000113789142745226 0.000533760357358719 0.000453812581681201 0.00122039594536515 -0.000415867389068568 0.00182969399742312 -0.00842175045415447 0.00681280053631942 9.61462462168557e-06 9.97338121283758e-05 -0.000762760975225355
"PTAS" 0.001932368357611 0.00166659127770094 0.000701727663709839 0.000733273913182984 0.00114020669431833 0.00104285388759469 0.00298659158657483 -5.94123665595387e-05 0.00129065806376792 0.000127341295008062 0.000508939020744235 0.000714445496769174 0.00068863946287675 0.000291980898913064 -0.000882458841680609 0.00170891614967612 0.00172855837884904 0.00382819138585569 0.00173984138954932 0.00527893743334812 -0.000200031150493445 0.000789922297802393 0.00262317336476613 0.00101231090022073 -0.000132372798024052 0.00120126420312414 0.000646318217189663 0.00216997557812164 0.000900380909380249 0.00145037200113954 0.000824660128100547 0.00176047005112147 0.000910229373623941 -0.00149353087876608 0.00243248597398372 9.61462462168557e-06 0.0047488606970412 0.0015052052705229 0.000498330649704151
"JPAS" 0.00114112228136442 0.00108334537450261 5.05989635007271e-05 0.000971093477310953 0.000760587085278843 0.000893482800700102 0.00450938898539825 0.000902610800099534 0.00110883639248059 0.000841490127991871 0.000826048544494614 0.000340266778557085 0.0010214688342013 0.000356046309418658 0.0010945476381619 4.33325582697868e-05 0.000348336502172149 0.000637389145872996 -0.000686433064470783 0.000275583635291977 -0.000338072359112881 0.000759660042000022 0.000970331220359813 0.00236350099642883 -4.46491837799413e-05 0.000323650720242003 -0.000137367866236003 0.00212736676585077 0.000762642862113096 0.000911815279483612 0.000499795467719838 0.00129992527274076 -0.000682751999977612 -0.00163545537157281 -0.00168066127934551 9.97338121283758e-05 0.0015052052705229 0.0060826770995092 -0.000591179702352133
"BAOPI" 0.000673005182638732 -0.000579600178217986 -0.000252320390188035 0.00054397001588826 0.000132758222765478 2.70352266490242e-05 0.000301786527370505 0.000993949878704292 4.0278229579374e-05 -0.0013882132230978 0.000151055265327022 -0.000141090317530561 -0.000954594222045981 -0.000188934407361906 -0.00104963163009802 0.00115111287030258 0.000414857418769041 0.00126877875376271 0.00144652110033679 -0.00417782963729802 -0.000462067384942366 -5.30659706395803e-06 -0.000774960177645248 0.000165564350610005 0.000715428048243756 0.00128156661979784 0.000775489216674652 0.0012430051087102 -0.00134633400650852 -0.000374379421695443 -0.000306711552856791 0.000917480348964508 0.0017797888740831 0.000740622526566401 0.00446612793176553 -0.000762760975225355 0.000498330649704151 -0.000591179702352133 0.00375494312923201
