"" "ISPM" "ISNSL" "ISPNS" "PMZS" "PMZI" "PMMT" "NSLNA" "NSLZS" "NSLZI" "NABR" "NAFM" "NAPNS" "BRPT" "BRAPET" "PTFM" "PTAPET" "PTBA" "PTEAM" "PTZYGO" "PTTSP" "FMZS" "FMMT" "ZSZI" "ZIMT" "ZIZYGO" "ZITSP" "MTPNS" "PNSAPET" "APETBA" "APETTS" "BAEAM" "EAMZYGO" "ZYGOTSP" "LDAS" "BRLD" "OPILD" "PTAS" "JPAS" "BAOPI"
"ISPM" 0.00789071766250791 0.00241478697724589 0.00248558078896858 0.000692870389162208 0.00221637848797038 0.00296734851920408 0.0073367415205761 0.0011146335784323 0.00298432578536985 0.000236459291524178 0.00211583722692877 0.000860877105107982 0.000934198618359056 0.00102577986547729 0.00134705254723994 0.00170783219136479 0.00211556396267585 0.00177387399771686 0.00176757480212707 -0.014586831009395 0.000869401339536715 0.00127041665699724 0.00420676080833615 0.00332150276522834 0.000115511768000074 0.0025247505799477 0.0015397900212217 0.00270534994866881 0.00235634533563768 0.005637148982743 0.00300237080038081 0.00150334082100526 0.00417306972437426 0.000226816913703721 0.00524590550782504 -0.000230817779773132 0.00319978104192024 0.00132036293499574 0.00108911974359783
"ISNSL" 0.00241478697724589 0.0108780162326092 0.0034518839107365 0.00433313788949242 0.00325088556801055 0.00183827391248416 0.00143009966104596 0.000374095259159069 0.00185543767006045 1.26575892467842e-05 0.00130600066587706 0.0016935833041955 -8.98152325608119e-05 0.000221846592891345 0.00212285026577254 0.00150365135560624 0.0024094063172133 0.00320335004431857 0.00109021876150548 0.0195100591697205 -0.000877756340200304 0.00194920719364597 0.00392292804958927 0.00231222065235801 -0.00165497185300958 0.00214921297025394 0.00316356803233563 0.00369009714746271 0.00316014970396094 0.00270550440759686 0.00232646465808812 0.00574032791416959 -0.000286159935883485 -0.000650207227867719 9.46207916479502e-05 0.000673113507096707 0.00333255094449523 0.00204995141685114 -0.000513981967194552
"ISPNS" 0.00248558078896858 0.0034518839107365 0.00425527873152209 0.000596531141431846 0.00153635365765926 0.00121685546036212 0.00101312476587488 -0.000609761790283809 0.000968499149682896 -5.26082259539127e-05 0.00112052978589231 0.00255853256621208 9.8961875348735e-05 0.000203312611221889 0.00292769067408862 0.000728487978078654 0.00106773101066752 0.000583099949708525 0.000766080318050553 0.000250468064844153 0.000347784769060903 0.00116407088996305 0.00250731271789589 0.000850532578723008 0.00165249712007243 0.00154924504083201 0.00309091639625242 -0.00101327585032116 0.00140015311371165 0.00298586315128249 0.0019156479723311 0.00253427205158876 0.00117492338513651 6.4400841751663e-05 0.00179875020826131 0.000336885808995637 0.00133570436560183 3.38381874079993e-05 -7.45366073829243e-05
"PMZS" 0.000692870389162208 0.00433313788949242 0.000596531141431846 0.00699677987456897 0.00107570495857793 0.000431679551776342 0.00447977136181231 0.00334592794971946 0.000345346139228274 -0.000288105999459232 -0.000182354507594181 2.79481537476964e-05 -0.00039876999967104 -0.00010545122889501 -0.00133036646701426 0.000721525315018281 0.00110907537925743 0.0012874940987033 0.00109759851267685 0.0231710452432069 -0.00203448671046843 0.000799006479922545 -0.00129008142025608 -0.000139461752032302 -0.00221706642929419 0.00237559417944264 0.00191881790563939 0.0019467418988555 0.00124829353191017 -0.00157262072787019 0.00119225865844992 0.00291700313782345 -0.000247545588775026 -0.00105460574168839 -0.00187718612744494 7.86220564081157e-05 0.000942870631085449 0.000617242248833631 0.000239082992876618
"PMZI" 0.00221637848797038 0.00325088556801055 0.00153635365765926 0.00107570495857793 0.00283988526497934 0.00174476358080609 0.00454534113042819 0.00029442140993742 0.00205686995931856 0.000259092410077241 0.000855708766478189 0.0010434454844529 0.000385686316738319 0.00039798540975634 0.00205646870655443 0.000244044742792036 0.000622816520679375 0.000859108605392289 -0.0002122429402443 -0.000780714251478132 0.000674895253360572 0.00118209384165613 0.00370559201368909 0.000990354344330324 -0.00165269413125483 0.000683453028619067 0.00172637483883456 0.00173635592880281 0.0012064612176828 0.00359619254274704 0.00129790111571962 0.00251047736206488 0.000765317123969989 -0.00124791874209182 0.00108310018880772 -0.000267900531745902 0.00180539982092035 0.00105826369964999 -0.000209146487683573
"PMMT" 0.00296734851920408 0.00183827391248416 0.00121685546036212 0.000431679551776342 0.00174476358080609 0.00233086126886647 0.00324265778604615 0.000218037680616898 0.00160791453319167 0.000396143153647057 0.000984385825875122 0.000317455370838399 0.000775293889897506 0.000557958416544907 0.00124638506261651 0.000331411969849046 0.00083808775536646 0.000824229154092243 0.000365466735565427 -0.000589158528906769 0.000382340619801035 0.000670376513916877 0.00239269128894274 0.00238905939566249 -0.000198571381439182 0.000925739190384608 0.00020158755348338 0.00137055955008493 0.00135953171503463 0.00263902352327282 0.00141683057400217 0.000909780653167784 0.00103817810610457 -0.000113444132459683 0.00134537946321905 -0.000157923310988583 0.00155745875087145 0.00111064264388745 0.000172853037247639
"NSLNA" 0.0073367415205761 0.00143009966104596 0.00101312476587488 0.00447977136181231 0.00454534113042819 0.00324265778604615 0.0414024086769504 0.0013056127168428 0.00392911787338927 -0.00327307795666738 0.000528365245929917 0.00262667479419983 -0.000395514305459842 0.000923861283515976 0.00155746484269726 0.000117211755468492 0.00170022348563547 0.00245469348673497 -0.00310146647575537 -0.0102878180414637 0.00368503823618057 0.00266214751649491 0.00619449342229335 0.00159357788367246 -0.00324985575583603 0.000958876375704894 0.000452509600447352 0.00415408866698145 0.00431823502756757 0.00599483753522727 0.00217301098169948 0.00242806938483521 0.000255609150739605 -0.00309011486960111 -0.00166270134240511 0.00217679980924993 0.00469436164643542 0.00483362012360993 -0.00142891379379598
"NSLZS" 0.0011146335784323 0.000374095259159069 -0.000609761790283809 0.00334592794971946 0.00029442140993742 0.000218037680616898 0.0013056127168428 0.00704357760221975 0.00128294151144744 -0.000430933745200424 0.00140108257727255 -0.000232926429720676 3.60399796048009e-06 0.000204710012345198 -0.00158863764190295 -0.000174268558370591 -0.000341567205088991 0.000259301029474877 0.000924638497917647 -0.00400649120788798 -0.00197095453337496 6.92219080094346e-06 -0.00411365256525221 2.09319800520687e-05 -0.00188865710859534 0.00146439370475994 0.000354274570790588 5.95848491279741e-05 -0.000815338709777437 0.000686581073026081 -0.000160879273035978 0.00202666458135789 0.00243844931173313 -0.000600134219108194 -6.38617113553188e-05 -0.000219611666238968 6.90466371958383e-05 0.000466598514476457 0.0015879739134134
"NSLZI" 0.00298432578536985 0.00185543767006045 0.000968499149682896 0.000345346139228274 0.00205686995931856 0.00160791453319167 0.00392911787338927 0.00128294151144744 0.00305229090052805 0.000784892754073313 0.00161818421147816 0.00100308464490012 0.000948663873953208 0.000354777020903098 0.000540564567459876 1.79140959411562e-05 0.000441993960412299 0.00134787047293038 0.000996747496197236 -0.00843382156160631 0.00122867839778387 0.00115629160589131 0.00394959205502749 0.00141680359625197 -0.000213076238151102 0.000645549765326354 0.00142828598319776 0.000941097465113682 0.000993871647642588 0.00434007727706046 0.000920039073807541 0.00048825088738308 0.00216216145589788 -0.00101763490224 -0.00115241904898084 7.56492549057643e-05 0.00194625603345736 0.00105215039561274 0.000474800873896951
"NABR" 0.000236459291524178 1.26575892467842e-05 -5.26082259539127e-05 -0.000288105999459232 0.000259092410077241 0.000396143153647057 -0.00327307795666738 -0.000430933745200424 0.000784892754073313 0.00482581094198595 0.00141127441384684 -0.00043398383458247 0.00305868247291086 0.000491907024423405 0.00218211853290249 -0.000559221428861466 -0.000316369221208546 -0.000966893059190346 0.000385035101081966 -0.00160859925847632 0.000890873867797064 7.52341678346706e-05 0.00176124194155954 0.000469924091605396 0.00186891764397146 0.0007261162796721 0.000356936260325469 0.000933173184784396 0.000373076665631319 0.00259469833412934 0.000641678312153852 -0.000995655458969772 -5.03981015929669e-05 -0.000679701634663641 -0.00859949055893075 -0.000498818896466103 -0.000361596758828135 0.000947454383592935 -0.00118277188756068
"NAFM" 0.00211583722692877 0.00130600066587706 0.00112052978589231 -0.000182354507594181 0.000855708766478189 0.000984385825875122 0.000528365245929917 0.00140108257727255 0.00161818421147816 0.00141127441384684 0.00247921628127195 0.000635169163605668 0.00120744234320879 0.000389906282031806 0.00147731400329142 -0.000205498591097626 0.000110618653659232 0.000462685038482521 0.000391755419501309 -0.00773362246025309 0.000480493826976868 0.000288088144625944 0.00116639831032833 0.00137414546609764 0.0012050618664431 0.000404452693300723 0.000897359067000318 0.00059932782320334 0.000812426316078032 0.00384009197389313 0.000724913782764979 0.00145267658778842 0.00124607379758294 -0.000169377766389189 -0.00254646385748999 0.000230045952619371 0.0010173885376697 0.00130214062662379 0.000128392336804181
"NAPNS" 0.000860877105107982 0.0016935833041955 0.00255853256621208 2.79481537476964e-05 0.0010434454844529 0.000317455370838399 0.00262667479419983 -0.000232926429720676 0.00100308464490012 -0.00043398383458247 0.000635169163605668 0.00303262594478133 3.85173119800372e-05 -3.02295540563148e-05 0.00124810738796652 0.000470807533276592 0.00059863869452322 0.00138365992749618 0.000612390856777226 -0.00344854140045122 3.83377783377018e-05 0.000797320018604846 0.00257532368249511 -0.000738946881161293 0.000565468957577555 0.00102023367206357 0.00223291010538185 -0.0015126919498163 0.00059595705956503 0.00246959529775508 0.00051322326021659 0.00247881450443226 0.00112146423649219 -0.000575840288341026 -0.00229817161766697 0.000639364578938152 0.00118849105287562 -0.000268445376888301 0.000247921960340735
"BRPT" 0.000934198618359056 -8.98152325608119e-05 9.8961875348735e-05 -0.00039876999967104 0.000385686316738319 0.000775293889897506 -0.000395514305459842 3.60399796048009e-06 0.000948663873953208 0.00305868247291086 0.00120744234320879 3.85173119800372e-05 0.00306086515635833 0.000769123593658177 0.000334963730392931 -0.000250181182674493 0.000226864988227082 0.000279954349845711 0.000159368386474634 -0.00813361731653166 0.00117548154796359 0.000403779669714532 0.0015205543588422 0.000613721500337152 0.00115409433195438 -8.85215559490409e-05 0.000302788968149128 0.000643952076668252 0.000571613552953269 0.00134330503175801 0.000401596903214348 -0.000264956842692164 0.000212961711003683 -0.000294422131396412 -0.00501378543303534 -0.000578261633473632 0.000417774406195907 0.00118940258828634 -0.000182840664481775
"BRAPET" 0.00102577986547729 0.000221846592891345 0.000203312611221889 -0.00010545122889501 0.00039798540975634 0.000557958416544907 0.000923861283515976 0.000204710012345198 0.000354777020903098 0.000491907024423405 0.000389906282031806 -3.02295540563148e-05 0.000769123593658177 0.00087650758096016 0.00069046887658315 0.000416210402434015 0.000463788004479342 -0.000176696262084762 0.000101673244682858 -0.00787493303762678 0.000355329034068689 0.000297388291167923 0.000219890224852724 0.000355383962050495 -2.17933551977299e-05 0.000136772078672842 0.000109094095356004 0.000508477402202391 0.00066503397778258 0.000679345700748488 0.000537845925176295 0.000493336688296114 0.000917771665297276 0.000290719376738011 -0.000216054991190379 0.000560869483842974 -6.92026340963438e-06 0.000323466426834561 -0.000101469208348549
"PTFM" 0.00134705254723994 0.00212285026577254 0.00292769067408862 -0.00133036646701426 0.00205646870655443 0.00124638506261651 0.00155746484269726 -0.00158863764190295 0.000540564567459876 0.00218211853290249 0.00147731400329142 0.00124810738796652 0.000334963730392931 0.00069046887658315 0.0111977211103009 -0.00190715431865353 -0.00171146415104118 -0.0049294957216053 -0.00236830758808506 -0.0117594193529595 -0.000102460805590458 0.000775707978631285 0.00287982829265942 0.00214458022497793 0.00128356790812893 0.00111675129417838 0.00162290172906312 0.000888983938974078 0.000118094152637402 0.00380019689717834 0.00166501476116934 0.0023435575453239 0.000857598332323389 -0.00075100094045455 -0.00576290745624716 0.00114956482393739 -0.00193602777332568 0.000906018338209919 -0.00221154578877815
"PTAPET" 0.00170783219136479 0.00150365135560624 0.000728487978078654 0.000721525315018281 0.000244044742792036 0.000331411969849046 0.000117211755468492 -0.000174268558370591 1.79140959411562e-05 -0.000559221428861466 -0.000205498591097626 0.000470807533276592 -0.000250181182674493 0.000416210402434015 -0.00190715431865353 0.00460974936083041 0.00305320663414295 0.00399111066511281 0.0025754200567852 0.00483572928032999 -0.000631934693172744 0.000569805958531957 0.000416968792368277 0.000209524500689107 0.000882514320703647 0.00136597519961888 0.000106630337989066 0.00232105622453117 0.000538851822360255 0.00152564709928745 0.000705137707448963 0.000732829820564708 0.00218663927711245 0.00032528765698582 0.0046053583296185 0.000147550118706492 0.00217367767578465 -0.000219049794714104 0.000409841205682315
"PTBA" 0.00211556396267585 0.0024094063172133 0.00106773101066752 0.00110907537925743 0.000622816520679375 0.00083808775536646 0.00170022348563547 -0.000341567205088991 0.000441993960412299 -0.000316369221208546 0.000110618653659232 0.00059863869452322 0.000226864988227082 0.000463788004479342 -0.00171146415104118 0.00305320663414295 0.00274621646736606 0.00368471141309244 0.00200501768651351 0.00581490938619964 -0.000190204078656699 0.00060078387149947 0.00130585383381045 0.000646114089573911 0.00026578090329023 0.00134914231022467 0.000366031934383703 0.00169226572060892 0.00183918105873465 0.00135955119494017 0.000981950974470695 0.00140124242036247 0.00130642180540234 0.000262386034491286 0.00357126203815816 3.20734305440423e-05 0.00253419379684855 0.00038040157099911 0.000262856776812353
"PTEAM" 0.00177387399771686 0.00320335004431857 0.000583099949708525 0.0012874940987033 0.000859108605392289 0.000824229154092243 0.00245469348673497 0.000259301029474877 0.00134787047293038 -0.000966893059190346 0.000462685038482521 0.00138365992749618 0.000279954349845711 -0.000176696262084762 -0.0049294957216053 0.00399111066511281 0.00368471141309244 0.00821530692402476 0.00366459173664349 0.0137016518201438 -0.000753435293228816 0.000622065254053666 0.0026138024684162 0.000482654472093684 5.22731145673826e-05 0.00106944060901241 0.000299727703779635 0.00211888137291127 0.00214688846523939 0.00206863883380384 -0.000164179803168299 0.00228800816231545 0.00103548153620544 -0.000245221256131231 0.00349436812405767 -0.000515818523513469 0.00542421784980227 0.000906180202119361 0.00125572878489721
"PTZYGO" 0.00176757480212707 0.00109021876150548 0.000766080318050553 0.00109759851267685 -0.0002122429402443 0.000365466735565427 -0.00310146647575537 0.000924638497917647 0.000996747496197236 0.000385035101081966 0.000391755419501309 0.000612390856777226 0.000159368386474634 0.000101673244682858 -0.00236830758808506 0.0025754200567852 0.00200501768651351 0.00366459173664349 0.00480471141764135 0.00600727775529991 -0.000991104161232165 0.000543081498534057 0.000821301434161135 0.00101510962130713 0.00181682626644452 0.00233475483378109 0.00123739947037039 -3.1395211441755e-05 0.00104630372723631 0.00171815722325445 0.000625700174353387 -0.000656263748647727 0.00332360595217466 0.00028864493055419 0.00114039036432552 -0.000401769178155241 0.00200685642599105 -0.000293434654388662 0.00129594365909059
"PTTSP" -0.014586831009395 0.0195100591697205 0.000250468064844153 0.0231710452432069 -0.000780714251478132 -0.000589158528906769 -0.0102878180414637 -0.00400649120788798 -0.00843382156160631 -0.00160859925847632 -0.00773362246025309 -0.00344854140045122 -0.00813361731653166 -0.00787493303762678 -0.0117594193529595 0.00483572928032999 0.00581490938619964 0.0137016518201438 0.00600727775529991 0.357997974676008 -0.0156873273367431 -0.00294092886210809 -0.00648654826405777 -0.000203139036414334 -0.00203974277453396 0.00905642864023812 -0.00197130648586119 0.00606108367691614 0.0052229272483604 -0.0164584308813799 0.00207738397492067 0.000867496798481883 -0.0280782482264369 -0.00269270256788347 -0.0193464944397318 0.000975808994578371 0.00573364984960143 -0.00120886710657358 -0.00847214948503155
"FMZS" 0.000869401339536715 -0.000877756340200304 0.000347784769060903 -0.00203448671046843 0.000674895253360572 0.000382340619801035 0.00368503823618057 -0.00197095453337496 0.00122867839778387 0.000890873867797064 0.000480493826976868 3.83377783377018e-05 0.00117548154796359 0.000355329034068689 -0.000102460805590458 -0.000631934693172744 -0.000190204078656699 -0.000753435293228816 -0.000991104161232165 -0.0156873273367431 0.00514285377801594 0.00124435416028249 0.00300106202418182 -0.00047636522388596 0.00126161087478599 -0.00208661312605308 0.000350618881600084 -0.000807331420294404 0.000793548002896966 0.00251281387741257 0.000565384240536225 -0.00251253929245891 -0.000230506136441512 -4.17307980114105e-05 0.00100349503764692 -0.000206862210447655 -0.00028119374795794 0.000823496912214496 -0.00107444609314202
"FMMT" 0.00127041665699724 0.00194920719364597 0.00116407088996305 0.000799006479922545 0.00118209384165613 0.000670376513916877 0.00266214751649491 6.92219080094346e-06 0.00115629160589131 7.52341678346706e-05 0.000288088144625944 0.000797320018604846 0.000403779669714532 0.000297388291167923 0.000775707978631285 0.000569805958531957 0.00060078387149947 0.000622065254053666 0.000543081498534057 -0.00294092886210809 0.00124435416028249 0.00161154415609155 0.0021181361676794 0.000784039881821245 8.57817390868008e-05 -0.000203709794322616 0.00164331280417123 0.000846915783337205 0.000622241790326341 0.0007658362082654 0.000928495034559251 0.000144378213769311 0.00110539296693168 -0.000381465190072299 -3.65498981255175e-05 -0.000152533844882262 0.000755076172633511 0.000601407482485401 -0.000243273165943446
"ZSZI" 0.00420676080833615 0.00392292804958927 0.00250731271789589 -0.00129008142025608 0.00370559201368909 0.00239269128894274 0.00619449342229335 -0.00411365256525221 0.00394959205502749 0.00176124194155954 0.00116639831032833 0.00257532368249511 0.0015205543588422 0.000219890224852724 0.00287982829265942 0.000416968792368277 0.00130585383381045 0.0026138024684162 0.000821301434161135 -0.00648654826405777 0.00300106202418182 0.0021181361676794 0.0114834641894646 0.00153014354405956 -0.000191539180834642 0.000544514254373385 0.00268621190915023 0.00243314374101043 0.00238435251764518 0.0064662011393808 0.0019354925818388 0.00121246090668464 0.00150756062310362 -0.00197929045148856 -0.00248060382713388 -0.000289651440144743 0.00377916170537733 0.00099837615035468 -0.000665587478009375
"ZIMT" 0.00332150276522834 0.00231222065235801 0.000850532578723008 -0.000139461752032302 0.000990354344330324 0.00238905939566249 0.00159357788367246 2.09319800520687e-05 0.00141680359625197 0.000469924091605396 0.00137414546609764 -0.000738946881161293 0.000613721500337152 0.000355383962050495 0.00214458022497793 0.000209524500689107 0.000646114089573911 0.000482654472093684 0.00101510962130713 -0.000203139036414334 -0.00047636522388596 0.000784039881821245 0.00153014354405956 0.00615477773771838 0.00120369210787156 0.000357137491162986 -0.000570167008823671 0.00231410248779328 0.00127078413411441 0.00140175800309306 0.00109495001506767 -0.000664164749134384 0.00196804422292197 0.000290560935978412 0.00139196303973088 -0.000712896908039632 0.00143141856337259 0.00238089044213711 0.000419506068859425
"ZIZYGO" 0.000115511768000074 -0.00165497185300958 0.00165249712007243 -0.00221706642929419 -0.00165269413125483 -0.000198571381439182 -0.00324985575583603 -0.00188865710859534 -0.000213076238151102 0.00186891764397146 0.0012050618664431 0.000565468957577555 0.00115409433195438 -2.17933551977299e-05 0.00128356790812893 0.000882514320703647 0.00026578090329023 5.22731145673826e-05 0.00181682626644452 -0.00203974277453396 0.00126161087478599 8.57817390868008e-05 -0.000191539180834642 0.00120369210787156 0.00892400277220625 0.000871472239375287 0.00113559248274094 -0.000737426386462463 -0.000216029629967451 0.00192124471587903 0.0005111361006812 -0.00540367938310513 0.000525373657224605 0.00182028494028797 -0.00450107541835682 0.00227803707917368 -0.000531170104926877 0.000841687691750041 -0.000514237756705671
"ZITSP" 0.0025247505799477 0.00214921297025394 0.00154924504083201 0.00237559417944264 0.000683453028619067 0.000925739190384608 0.000958876375704894 0.00146439370475994 0.000645549765326354 0.0007261162796721 0.000404452693300723 0.00102023367206357 -8.85215559490409e-05 0.000136772078672842 0.00111675129417838 0.00136597519961888 0.00134914231022467 0.00106944060901241 0.00233475483378109 0.00905642864023812 -0.00208661312605308 -0.000203709794322616 0.000544514254373385 0.000357137491162986 0.000871472239375287 0.00663441022418445 0.00183249042440551 0.00117403758889982 0.000992748835756173 0.00279318459249617 0.00174969131532518 0.00219312844634187 0.00215806031156556 -0.000191624243365556 -0.000496876869961382 0.00126341453389846 0.00137096623655851 0.000411451344464895 0.00116744312035001
"MTPNS" 0.0015397900212217 0.00316356803233563 0.00309091639625242 0.00191881790563939 0.00172637483883456 0.00020158755348338 0.000452509600447352 0.000354274570790588 0.00142828598319776 0.000356936260325469 0.000897359067000318 0.00223291010538185 0.000302788968149128 0.000109094095356004 0.00162290172906312 0.000106630337989066 0.000366031934383703 0.000299727703779635 0.00123739947037039 -0.00197130648586119 0.000350618881600084 0.00164331280417123 0.00268621190915023 -0.000570167008823671 0.00113559248274094 0.00183249042440551 0.00650160516847639 0.000239697679039209 0.000580759992133269 0.000705082948096281 0.00167159055827746 0.00165259499963846 0.00154544352653582 -0.00101643309247949 0.000762364102153727 -0.000487829290265979 0.00111519927783971 0.000501611993252979 0.000656495375184462
"PNSAPET" 0.00270534994866881 0.00369009714746271 -0.00101327585032116 0.0019467418988555 0.00173635592880281 0.00137055955008493 0.00415408866698145 5.95848491279741e-05 0.000941097465113682 0.000933173184784396 0.00059932782320334 -0.0015126919498163 0.000643952076668252 0.000508477402202391 0.000888983938974078 0.00232105622453117 0.00169226572060892 0.00211888137291127 -3.1395211441755e-05 0.00606108367691614 -0.000807331420294404 0.000846915783337205 0.00243314374101043 0.00231410248779328 -0.000737426386462463 0.00117403758889982 0.000239697679039209 0.00901436948342123 0.000210606500326239 0.00044332571307873 0.00161347679451775 0.00119160969066192 0.000209146030487769 -0.000427422119452385 0.00120065552381113 0.00044517162077267 0.00266936865694227 0.00259907884082156 -0.000736388982023772
"APETBA" 0.00235634533563768 0.00316014970396094 0.00140015311371165 0.00124829353191017 0.0012064612176828 0.00135953171503463 0.00431823502756757 -0.000815338709777437 0.000993871647642588 0.000373076665631319 0.000812426316078032 0.00059595705956503 0.000571613552953269 0.00066503397778258 0.000118094152637402 0.000538851822360255 0.00183918105873465 0.00214688846523939 0.00104630372723631 0.0052229272483604 0.000793548002896966 0.000622241790326341 0.00238435251764518 0.00127078413411441 -0.000216029629967451 0.000992748835756173 0.000580759992133269 0.000210606500326239 0.00402620070240521 0.00261409371112883 0.00135383551832351 0.00204685157399557 0.000271385486777217 0.000277612618475814 2.99914697013383e-05 0.000311666987188545 0.00222139136276826 0.00143811386136567 -0.000547197120955415
"APETTS" 0.005637148982743 0.00270550440759686 0.00298586315128249 -0.00157262072787019 0.00359619254274704 0.00263902352327282 0.00599483753522727 0.000686581073026081 0.00434007727706046 0.00259469833412934 0.00384009197389313 0.00246959529775508 0.00134330503175801 0.000679345700748488 0.00380019689717834 0.00152564709928745 0.00135955119494017 0.00206863883380384 0.00171815722325445 -0.0164584308813799 0.00251281387741257 0.0007658362082654 0.0064662011393808 0.00140175800309306 0.00192124471587903 0.00279318459249617 0.000705082948096281 0.00044332571307873 0.00261409371112883 0.0169062554142976 0.00242060814315063 0.00259451562950772 0.00351939934985439 -0.00113161287248001 -0.00252230759151394 0.000267253470125816 0.0032547870126343 0.00172648655979466 0.000249879755603224
"BAEAM" 0.00300237080038081 0.00232646465808812 0.0019156479723311 0.00119225865844992 0.00129790111571962 0.00141683057400217 0.00217301098169948 -0.000160879273035978 0.000920039073807541 0.000641678312153852 0.000724913782764979 0.00051322326021659 0.000401596903214348 0.000537845925176295 0.00166501476116934 0.000705137707448963 0.000981950974470695 -0.000164179803168299 0.000625700174353387 0.00207738397492067 0.000565384240536225 0.000928495034559251 0.0019354925818388 0.00109495001506767 0.0005111361006812 0.00174969131532518 0.00167159055827746 0.00161347679451775 0.00135383551832351 0.00242060814315063 0.00254265139275359 0.000657535899415885 0.000953136238616016 0.00031495184504471 0.0013090583952098 0.000376935432309887 0.000940957716340727 0.000698409446112773 -0.0003488266689153
"EAMZYGO" 0.00150334082100526 0.00574032791416959 0.00253427205158876 0.00291700313782345 0.00251047736206488 0.000909780653167784 0.00242806938483521 0.00202666458135789 0.00048825088738308 -0.000995655458969772 0.00145267658778842 0.00247881450443226 -0.000264956842692164 0.000493336688296114 0.0023435575453239 0.000732829820564708 0.00140124242036247 0.00228800816231545 -0.000656263748647727 0.000867496798481883 -0.00251253929245891 0.000144378213769311 0.00121246090668464 -0.000664164749134384 -0.00540367938310513 0.00219312844634187 0.00165259499963846 0.00119160969066192 0.00204685157399557 0.00259451562950772 0.000657535899415885 0.0122329632641336 0.000711178532623184 -0.00098282320242509 0.0013069548311655 -0.000440014173292096 0.00262396517938119 0.000406806495248566 0.0012772992173347
"ZYGOTSP" 0.00417306972437426 -0.000286159935883485 0.00117492338513651 -0.000247545588775026 0.000765317123969989 0.00103817810610457 0.000255609150739605 0.00243844931173313 0.00216216145589788 -5.03981015929669e-05 0.00124607379758294 0.00112146423649219 0.000212961711003683 0.000917771665297276 0.000857598332323389 0.00218663927711245 0.00130642180540234 0.00103548153620544 0.00332360595217466 -0.0280782482264369 -0.000230506136441512 0.00110539296693168 0.00150756062310362 0.00196804422292197 0.000525373657224605 0.00215806031156556 0.00154544352653582 0.000209146030487769 0.000271385486777217 0.00351939934985439 0.000953136238616016 0.000711178532623184 0.0078769589441816 -0.000289838892803302 0.00458999517319541 -0.000966254135534249 0.000866678735053618 -0.000398166569301979 0.00181965799851398
"LDAS" 0.000226816913703721 -0.000650207227867719 6.4400841751663e-05 -0.00105460574168839 -0.00124791874209182 -0.000113444132459683 -0.00309011486960111 -0.000600134219108194 -0.00101763490224 -0.000679701634663641 -0.000169377766389189 -0.000575840288341026 -0.000294422131396412 0.000290719376738011 -0.00075100094045455 0.00032528765698582 0.000262386034491286 -0.000245221256131231 0.00028864493055419 -0.00269270256788347 -4.17307980114105e-05 -0.000381465190072299 -0.00197929045148856 0.000290560935978412 0.00182028494028797 -0.000191624243365556 -0.00101643309247949 -0.000427422119452385 0.000277612618475814 -0.00113161287248001 0.00031495184504471 -0.00098282320242509 -0.000289838892803302 0.0045512318409252 -0.00122829144307556 0.00328096579529334 -0.000711297702889673 -0.000801023482364679 0.000809209505562609
"BRLD" 0.00524590550782504 9.46207916479502e-05 0.00179875020826131 -0.00187718612744494 0.00108310018880772 0.00134537946321905 -0.00166270134240511 -6.38617113553188e-05 -0.00115241904898084 -0.00859949055893075 -0.00254646385748999 -0.00229817161766697 -0.00501378543303534 -0.000216054991190379 -0.00576290745624716 0.0046053583296185 0.00357126203815816 0.00349436812405767 0.00114039036432552 -0.0193464944397318 0.00100349503764692 -3.65498981255175e-05 -0.00248060382713388 0.00139196303973088 -0.00450107541835682 -0.000496876869961382 0.000762364102153727 0.00120065552381113 2.99914697013383e-05 -0.00252230759151394 0.0013090583952098 0.0013069548311655 0.00458999517319541 -0.00122829144307556 0.0535185461102565 -0.00891333003973322 0.00459370813068501 -0.00109999302297728 0.00330154971729289
"OPILD" -0.000230817779773132 0.000673113507096707 0.000336885808995637 7.86220564081157e-05 -0.000267900531745902 -0.000157923310988583 0.00217679980924993 -0.000219611666238968 7.56492549057643e-05 -0.000498818896466103 0.000230045952619371 0.000639364578938152 -0.000578261633473632 0.000560869483842974 0.00114956482393739 0.000147550118706492 3.20734305440423e-05 -0.000515818523513469 -0.000401769178155241 0.000975808994578371 -0.000206862210447655 -0.000152533844882262 -0.000289651440144743 -0.000712896908039632 0.00227803707917368 0.00126341453389846 -0.000487829290265979 0.00044517162077267 0.000311666987188545 0.000267253470125816 0.000376935432309887 -0.000440014173292096 -0.000966254135534249 0.00328096579529334 -0.00891333003973322 0.00766720530767026 -0.000750821231822016 -0.000523891879148989 -0.000678471118929381
"PTAS" 0.00319978104192024 0.00333255094449523 0.00133570436560183 0.000942870631085449 0.00180539982092035 0.00155745875087145 0.00469436164643542 6.90466371958383e-05 0.00194625603345736 -0.000361596758828135 0.0010173885376697 0.00118849105287562 0.000417774406195907 -6.92026340963438e-06 -0.00193602777332568 0.00217367767578465 0.00253419379684855 0.00542421784980227 0.00200685642599105 0.00573364984960143 -0.00028119374795794 0.000755076172633511 0.00377916170537733 0.00143141856337259 -0.000531170104926877 0.00137096623655851 0.00111519927783971 0.00266936865694227 0.00222139136276826 0.0032547870126343 0.000940957716340727 0.00262396517938119 0.000866678735053618 -0.000711297702889673 0.00459370813068501 -0.000750821231822016 0.00543839899450788 0.00139715208954259 0.000865508743616248
"JPAS" 0.00132036293499574 0.00204995141685114 3.38381874079993e-05 0.000617242248833631 0.00105826369964999 0.00111064264388745 0.00483362012360993 0.000466598514476457 0.00105215039561274 0.000947454383592935 0.00130214062662379 -0.000268445376888301 0.00118940258828634 0.000323466426834561 0.000906018338209919 -0.000219049794714104 0.00038040157099911 0.000906180202119361 -0.000293434654388662 -0.00120886710657358 0.000823496912214496 0.000601407482485401 0.00099837615035468 0.00238089044213711 0.000841687691750041 0.000411451344464895 0.000501611993252979 0.00259907884082156 0.00143811386136567 0.00172648655979466 0.000698409446112773 0.000406806495248566 -0.000398166569301979 -0.000801023482364679 -0.00109999302297728 -0.000523891879148989 0.00139715208954259 0.00605660798598797 -0.00107780872832346
"BAOPI" 0.00108911974359783 -0.000513981967194552 -7.45366073829243e-05 0.000239082992876618 -0.000209146487683573 0.000172853037247639 -0.00142891379379598 0.0015879739134134 0.000474800873896951 -0.00118277188756068 0.000128392336804181 0.000247921960340735 -0.000182840664481775 -0.000101469208348549 -0.00221154578877815 0.000409841205682315 0.000262856776812353 0.00125572878489721 0.00129594365909059 -0.00847214948503155 -0.00107444609314202 -0.000243273165943446 -0.000665587478009375 0.000419506068859425 -0.000514237756705671 0.00116744312035001 0.000656495375184462 -0.000736388982023772 -0.000547197120955415 0.000249879755603224 -0.0003488266689153 0.0012772992173347 0.00181965799851398 0.000809209505562609 0.00330154971729289 -0.000678471118929381 0.000865508743616248 -0.00107780872832346 0.00346258890805382
