"" "ISPM" "ISNSL" "ISPNS" "PMZS" "PMZI" "PMMT" "NSLNA" "NSLZS" "NSLZI" "NABR" "NAFM" "NAPNS" "BRPT" "BRAPET" "PTFM" "PTAPET" "PTBA" "PTEAM" "PTZYGO" "PTTSP" "FMZS" "FMMT" "ZSZI" "ZIMT" "ZIZYGO" "ZITSP" "MTPNS" "PNSAPET" "APETBA" "APETTS" "BAEAM" "EAMZYGO" "ZYGOTSP" "LDAS" "BRLD" "OPILD" "PTAS" "JPAS" "BAOPI"
"ISPM" 0.0120488723493485 0.0107952326088477 0.0107173492046556 0.0117594593930404 0.0102503504341028 0.00843417365634566 0.0120411696170725 0.00758716263554264 0.00914680715529474 0.00518294919305898 0.00628362837326132 0.0071434528327187 0.00200316729385841 0.00319536692608555 0.0090547014518027 0.0043925839995455 0.00463826958773342 0.00692095944616421 0.00815449404225908 0.00449218679015759 0.00621641578066143 0.00720717439076527 0.0109880788228975 0.00637838135121852 0.00665925550291569 0.00764071333679071 0.00869079466837432 0.006241297094039 0.00568391435650457 0.00742858767813538 0.00840665501445225 0.00753672280737464 0.00849265710135295 0.00364990786702289 0.00126728312499446 0.00517621815730748 0.00518091966664441 0.00695931933781473 0.004011301825589
"ISNSL" 0.0107952326088477 0.0148773161766907 0.0127111442815204 0.0157945751024471 0.0126663684232923 0.00948191303943717 0.0123336340881739 0.00775473104808718 0.00941081012265382 0.00571764221542449 0.00650980795694247 0.00709796607871746 0.00160415889765387 0.00361069122281523 0.00952886204819062 0.00509542789377638 0.00491259488313615 0.00778406994597412 0.0104499061880199 0.00705770791412831 0.0074459621890416 0.00792788711012067 0.0111163159642392 0.00588397829112514 0.0082843420410053 0.00875708145684921 0.0109464533535693 0.00699451922656917 0.00522823355878434 0.00839144385278599 0.00934034689742459 0.00834863205852921 0.0104202550991114 0.00385349142071659 0.000811877550201296 0.00560355587311997 0.00518558247288663 0.00722247432306156 0.00442153762659949
"ISPNS" 0.0107173492046556 0.0127111442815204 0.014059758832834 0.0155923627312382 0.0128440042604993 0.010160600515562 0.0151475996444174 0.00780724608768951 0.00938115818672084 0.00616303559885949 0.0063142779675281 0.00850976409147085 0.00230998418213179 0.00403810471942245 0.009211377941849 0.00652482935532785 0.00616016146271389 0.00879154199181164 0.0100396722247026 0.00901756132170119 0.0074011441315848 0.00828736134374372 0.0111964989695837 0.00669448271009444 0.00875770602800117 0.00926358298158404 0.0111789573962415 0.00568279073355769 0.00602673458674167 0.00798666222336144 0.00925645915876575 0.00868989426889991 0.0100595163650964 0.00414524318321273 -0.000499138924603818 0.00581190515702298 0.00595579105156638 0.00797715138958766 0.00482620156109835
"PMZS" 0.0117594593930404 0.0157945751024471 0.0155923627312382 0.0208327054363807 0.0161868097848567 0.0121131361489337 0.0193259319897667 0.0100695125739524 0.0114150628611576 0.00728554335251618 0.0075994109440428 0.00896097053877809 0.00179884274638975 0.00474532386487577 0.0117573555231297 0.0078203107949543 0.00723182206153526 0.0109399682051517 0.0131981283659255 0.0096801836118669 0.00772769407740221 0.00970790409661166 0.0135460811135723 0.00677092682614042 0.0106523144020799 0.011163997326133 0.0145985838693962 0.00895086700968243 0.00727455797696125 0.0103287896396305 0.0113094222803946 0.00973734395132327 0.0126411403702144 0.00458597657734909 0.00123582215312206 0.00660504111575187 0.00715509136908195 0.0100088386025539 0.0054266531079233
"PMZI" 0.0102503504341028 0.0126663684232923 0.0128440042604993 0.0161868097848567 0.0147042706630893 0.0105168381198577 0.0148927911329833 0.00810141469601846 0.0106958965119445 0.00637989163767411 0.00671570052156422 0.0074429967974569 0.00162193044261176 0.00433858683490882 0.00951431477615892 0.00736633257063289 0.00639977406850441 0.00947617961050038 0.0106446546351634 0.0122693549186278 0.00808460698643186 0.00805618601794336 0.0133094191745769 0.00636480796392352 0.00766886565363614 0.00901799185457234 0.0115173923150379 0.00775229279077735 0.00602379140134099 0.00833548172214875 0.00935845246552188 0.00758074440843018 0.00995037507349312 0.00340672248474479 0.00111639246818248 0.00565776500954514 0.00626329318038108 0.00846647758580061 0.00453268405073043
"PMMT" 0.00843417365634566 0.00948191303943717 0.010160600515562 0.0121131361489337 0.0105168381198577 0.00922942184007839 0.0114264808886269 0.00653365023656641 0.00814891785369134 0.00511546384289561 0.0053057002809682 0.00660748256928751 0.00187653147607457 0.00346943499718706 0.00789572555692897 0.00568640239229444 0.00529557223449427 0.00714724820534321 0.00749011841522527 0.0080111900716985 0.00613909558707646 0.00675540591463938 0.0099050560532916 0.00579169135103415 0.00602218305988546 0.00740965348837114 0.00876000434658336 0.00611532482582341 0.00522874680977575 0.007407881364539 0.00775277147199301 0.00701214308952148 0.00748721577863386 0.00281813160704636 0.00020020346563843 0.00448670474337746 0.00498153718779454 0.00696951651099964 0.00315602149760892
"NSLNA" 0.0120411696170725 0.0123336340881739 0.0151475996444174 0.0193259319897667 0.0148927911329833 0.0114264808886269 0.0311053099916935 0.00873892043813238 0.0104297167434096 0.00617528637273337 0.00671513877911141 0.00944979582089168 0.00188778691049238 0.00525240990623514 0.010319363129393 0.00847056458418628 0.00802849910085603 0.0114650388348435 0.0127477416854436 0.00941842951803664 0.00614055419596587 0.00900238041822323 0.0139413133559586 0.00884244512927643 0.0109913142854157 0.0113107298014578 0.0130883910013368 0.00839164546910186 0.00861840263893448 0.00780016405911621 0.00989194118426169 0.00748310633362306 0.0126673186755019 0.00538934729325944 2.82212135764819e-06 0.00712616965037683 0.00761813940181668 0.0110004751024484 0.00422891419692129
"NSLZS" 0.00758716263554264 0.00775473104808718 0.00780724608768951 0.0100695125739524 0.00810141469601846 0.00653365023656641 0.00873892043813238 0.0105703582168025 0.00820732298597504 0.00414041267771249 0.00573969323732826 0.00592158394774494 0.00176248079349593 0.00254178196993052 0.00813639571758183 0.0030410619201702 0.00336451056642233 0.0045567457652706 0.00592348531564224 7.90532952028648e-05 0.00266385227438534 0.00523569557219613 0.00540718946072421 0.0034796441697091 0.00467644074671086 0.00574120431932646 0.00772124087350295 0.00532214659497642 0.00409375663330602 0.00621664651846505 0.0069615727442867 0.00634139333243737 0.00652592252215299 0.0026156544504967 0.00289563491577422 0.00307528219703999 0.00353752314687122 0.00501652068789576 0.00278941532043088
"NSLZI" 0.00914680715529474 0.00941081012265382 0.00938115818672084 0.0114150628611576 0.0106958965119445 0.00814891785369134 0.0104297167434096 0.00820732298597504 0.00999503381948409 0.00548323657993359 0.00618862093346785 0.00671434018119059 0.00193192274257878 0.00340705454625145 0.00987150160635803 0.0051543106769055 0.00476104012426619 0.00646432180838413 0.00763864103343738 0.00360677645243193 0.00624241757815943 0.00688068228562784 0.0118109787102442 0.00538089547180576 0.00574023560736004 0.00788889607645509 0.00934555658792439 0.00680251846780337 0.00500742289979434 0.00747249170441808 0.00836867126168734 0.00680734033162295 0.00804818317502053 0.0029905164543559 0.00240688630242552 0.00442932437598084 0.00466290587176183 0.00686115436490709 0.00357060580853058
"NABR" 0.00518294919305898 0.00571764221542449 0.00616303559885949 0.00728554335251618 0.00637989163767411 0.00511546384289561 0.00617528637273337 0.00414041267771249 0.00548323657993359 0.00581392966847471 0.0038330629954687 0.00433887644534108 0.00224523060434729 0.00274668483352172 0.00629388374331207 0.00435036663867128 0.00380383954750175 0.00475025640953462 0.0058780942308758 0.00625777098496307 0.00449958360540919 0.00457806618604755 0.00690771789472516 0.00475119716862581 0.00346553411249583 0.00607870715241614 0.00577188309649359 0.00383376965011862 0.0030800198680847 0.00543502773541279 0.00526857811044691 0.0053752130665302 0.00607742978158076 0.00237005911451792 -0.00156751553379463 0.0029170748070987 0.00297075740627601 0.00456597760329798 0.00332051933087634
"NAFM" 0.00628362837326132 0.00650980795694247 0.0063142779675281 0.0075994109440428 0.00671570052156422 0.0053057002809682 0.00671513877911141 0.00573969323732826 0.00618862093346785 0.0038330629954687 0.0052467789052859 0.00461808826752169 0.00147006575648016 0.00238910856585742 0.00693122853496298 0.002895361822248 0.00277932817092236 0.00403045063679053 0.0049967509540803 0.00170786244012926 0.00469007520885704 0.00444336216010384 0.00656803121005235 0.0033188242597666 0.00436866994169334 0.00552875912837262 0.00611930509638557 0.00510192914193455 0.00319068123791511 0.00526964942058046 0.00548701828413435 0.00493278474305436 0.00549716014242 0.00257995709776081 0.00137170540793747 0.00335163344988701 0.00286091179999419 0.00446427029686785 0.00253027899669396
"NAPNS" 0.0071434528327187 0.00709796607871746 0.00850976409147085 0.00896097053877809 0.0074429967974569 0.00660748256928751 0.00944979582089168 0.00592158394774494 0.00671434018119059 0.00433887644534108 0.00461808826752169 0.00741470219866658 0.00186068628620955 0.0026661898376596 0.00711412647275779 0.0042766355745537 0.00424446150783284 0.00598753487491042 0.00587147931336631 0.00311068847421387 0.0044588326044942 0.00578914811399036 0.00773761594374789 0.00455345247118892 0.00535354622664107 0.00655191566781253 0.00647766434755006 0.00377678061003747 0.0039487120502883 0.0054995549585629 0.00627574987130829 0.00668814657697636 0.0065051095225089 0.00273385944399348 0.00032519329280623 0.00338710642762127 0.00414101884952516 0.00547783450576556 0.00296160201293378
"BRPT" 0.00200316729385841 0.00160415889765387 0.00230998418213179 0.00179884274638975 0.00162193044261176 0.00187653147607457 0.00188778691049238 0.00176248079349593 0.00193192274257878 0.00224523060434729 0.00147006575648016 0.00186068628620955 0.00234813843909006 0.00137146703963022 0.0016401209489967 0.000679268537949641 0.00109466050435722 0.000546378458900297 0.000233099475659213 -0.00213893202882245 0.00188597751210728 0.00165771141238325 0.00182433701284796 0.00205356240561981 0.000988981195663752 0.00177267043397752 0.00178247421777398 0.000743447269140402 0.00136995726633044 0.00137788301431059 0.0017539826927691 0.00216139111131114 0.00102367086104161 0.0014476652814282 -0.0012646476257007 0.00152041849988492 0.000660421262491919 0.00099842882817565 0.00120791399777731
"BRAPET" 0.00319536692608555 0.00361069122281523 0.00403810471942245 0.00474532386487577 0.00433858683490882 0.00346943499718706 0.00525240990623514 0.00254178196993052 0.00340705454625145 0.00274668483352172 0.00238910856585742 0.0026661898376596 0.00137146703963022 0.00244539017121551 0.00326044875642201 0.00334731243104551 0.00258870747106803 0.00269436683536601 0.00315555377317966 0.00446740805334712 0.00317859570968211 0.00274130411223403 0.00392754437545964 0.00319400360268365 0.00248776411435766 0.0034319665037369 0.00349845488613996 0.00231048043019117 0.00180865504006523 0.00272102631156525 0.00301769474073244 0.00260106027635396 0.00331819234739816 0.00212675541719194 -0.000802951880874408 0.00300085997054649 0.00154347476728558 0.00279365781515956 0.00138085240142318
"PTFM" 0.0090547014518027 0.00952886204819062 0.009211377941849 0.0117573555231297 0.00951431477615892 0.00789572555692897 0.010319363129393 0.00813639571758183 0.00987150160635803 0.00629388374331207 0.00693122853496298 0.00711412647275779 0.0016401209489967 0.00326044875642201 0.0171065923497385 0.00430898778302148 0.00379853977212151 0.00468703026441286 0.00792437755360085 -0.00603130395368515 0.00549505737166531 0.00799839061653025 0.0131028214150648 0.00565321969760055 0.00857093163541362 0.00975608809623006 0.0104396759936436 0.00928941702299119 0.00475800917739607 0.00956835413053856 0.00981427320841025 0.0078953037423856 0.00958349221479086 0.00400265467750241 0.00337749386106425 0.00409460637711898 0.00332597204286869 0.00890169410821145 0.00590476077705724
"PTAPET" 0.0043925839995455 0.00509542789377638 0.00652482935532785 0.0078203107949543 0.00736633257063289 0.00568640239229444 0.00847056458418628 0.0030410619201702 0.0051543106769055 0.00435036663867128 0.002895361822248 0.0042766355745537 0.000679268537949641 0.00334731243104551 0.00430898778302148 0.00838810355860657 0.00575816532097536 0.00668554713174205 0.00730489382851726 0.0177648387306208 0.00476176747651036 0.00455517079175091 0.00717884168686603 0.00521020138000368 0.00394768207674505 0.00651727766150628 0.00567690740967518 0.00335082022665374 0.00248122051904839 0.00459278526581979 0.00456616473982496 0.0035943438549785 0.00643674040074584 0.00199482942516288 -0.00130320353878583 0.00342571310118191 0.00373905413007586 0.00512297751727226 0.00173460257495541
"PTBA" 0.00463826958773342 0.00491259488313615 0.00616016146271389 0.00723182206153526 0.00639977406850441 0.00529557223449427 0.00802849910085603 0.00336451056642233 0.00476104012426619 0.00380383954750175 0.00277932817092236 0.00424446150783284 0.00109466050435722 0.00258870747106803 0.00379853977212151 0.00575816532097536 0.0050217773643421 0.00622433596397416 0.00579240066448328 0.0125067215616185 0.00416248848325254 0.0045906039268879 0.00639366854368816 0.00435392068464209 0.00423520555696525 0.00595220507308615 0.00580326260278426 0.00378240967621856 0.00388300861795135 0.00430210555279906 0.00466698149211607 0.00383896334654155 0.00524469748754373 0.00221757852776136 -0.000861607379741978 0.00314960842621294 0.00415215234975656 0.00481001078685333 0.0017796512030888
"PTEAM" 0.00692095944616421 0.00778406994597412 0.00879154199181164 0.0109399682051517 0.00947617961050038 0.00714724820534321 0.0114650388348435 0.0045567457652706 0.00646432180838413 0.00475025640953462 0.00403045063679053 0.00598753487491042 0.000546378458900297 0.00269436683536601 0.00468703026441286 0.00668554713174205 0.00622433596397416 0.0103426137957943 0.0093531461249424 0.0178756969832681 0.00534331148472038 0.00624842376363509 0.00900956296166031 0.00468568500109617 0.0061288874432152 0.00766220601834422 0.00831082786694185 0.005882417482587 0.00518369496808802 0.00576633087110219 0.00654124000998055 0.00602201845414986 0.00820558527893635 0.00277429044303875 -0.000338024623210249 0.00372082634330517 0.00690886885461435 0.00711309767420672 0.00360044681650431
"PTZYGO" 0.00815449404225908 0.0104499061880199 0.0100396722247026 0.0131981283659255 0.0106446546351634 0.00749011841522527 0.0127477416854436 0.00592348531564224 0.00763864103343738 0.0058780942308758 0.0049967509540803 0.00587147931336631 0.000233099475659213 0.00315555377317966 0.00792437755360085 0.00730489382851726 0.00579240066448328 0.0093531461249424 0.0134787768009181 0.0149606930039379 0.00595487336103105 0.00689274397563517 0.00962859637254365 0.00578909234976465 0.00794458317021288 0.00879760070118563 0.0101015662176687 0.00643385801539792 0.00384896264818503 0.0070845216886285 0.00816743321581641 0.00632252779585738 0.012827171341234 0.00340002191742281 -0.000133565015875488 0.0043912840936718 0.00537712238506716 0.00734964349816342 0.00429970780651199
"PTTSP" 0.00449218679015759 0.00705770791412831 0.00901756132170119 0.0096801836118669 0.0122693549186278 0.0080111900716985 0.00941842951803664 7.90532952028648e-05 0.00360677645243193 0.00625777098496307 0.00170786244012926 0.00311068847421387 -0.00213893202882245 0.00446740805334712 -0.00603130395368515 0.0177648387306208 0.0125067215616185 0.0178756969832681 0.0149606930039379 0.16033658244508 0.00910429358490278 0.00760971631030045 0.00613166875679833 0.00963813932137156 0.000411359126992728 0.00829846536060326 0.00407104441284361 0.00427622326420237 0.00399405307157848 0.00560551979818811 0.00223058001267448 0.00431842877216766 0.00120732358782675 0.00626454699666203 -0.00959153883780891 0.00851941336213112 0.011689137489204 0.00557985028140743 0.00305752537960978
"FMZS" 0.00621641578066143 0.0074459621890416 0.0074011441315848 0.00772769407740221 0.00808460698643186 0.00613909558707646 0.00614055419596587 0.00266385227438534 0.00624241757815943 0.00449958360540919 0.00469007520885704 0.0044588326044942 0.00188597751210728 0.00317859570968211 0.00549505737166531 0.00476176747651036 0.00416248848325254 0.00534331148472038 0.00595487336103105 0.00910429358490278 0.00919420620188863 0.00591119482209535 0.00933309398151039 0.00455343390122512 0.00507578677863145 0.00635271042523118 0.0071240580875138 0.00494628829185985 0.00380473529946328 0.00543591875525278 0.00592132043526441 0.00423820175792262 0.00598330806566336 0.00286942365361536 -0.000560125992234477 0.00473283003232419 0.00346127762113062 0.00505265422983281 0.00241539963663956
"FMMT" 0.00720717439076527 0.00792788711012067 0.00828736134374372 0.00970790409661166 0.00805618601794336 0.00675540591463938 0.00900238041822323 0.00523569557219613 0.00688068228562784 0.00457806618604755 0.00444336216010384 0.00578914811399036 0.00165771141238325 0.00274130411223403 0.00799839061653025 0.00455517079175091 0.0045906039268879 0.00624842376363509 0.00689274397563517 0.00760971631030045 0.00591119482209535 0.00731449464299097 0.00920865968960525 0.00519844911907145 0.00708061826166493 0.00724382927812651 0.00872706890745844 0.00596899400311175 0.00490898855970762 0.00670521205290637 0.0071709715100149 0.00543950144009407 0.0069975569936354 0.00335607504887647 0.000368119758366872 0.00418784041819097 0.00450936465548934 0.00639146670403991 0.00332862585083869
"ZSZI" 0.0109880788228975 0.0111163159642392 0.0111964989695837 0.0135460811135723 0.0133094191745769 0.0099050560532916 0.0139413133559586 0.00540718946072421 0.0118109787102442 0.00690771789472516 0.00656803121005235 0.00773761594374789 0.00182433701284796 0.00392754437545964 0.0131028214150648 0.00717884168686603 0.00639366854368816 0.00900956296166031 0.00962859637254365 0.00613166875679833 0.00933309398151039 0.00920865968960525 0.0199333444258798 0.00721172884949495 0.00810449266589102 0.0111545744338321 0.0121099607431505 0.00952534111581445 0.0068870422654777 0.0093218571293863 0.0102722939720966 0.00748715969739625 0.00983742376433493 0.00330822704218584 0.00257048466042398 0.00518650273241809 0.00645888307971052 0.00980503848312391 0.00503824951612346
"ZIMT" 0.00637838135121852 0.00588397829112514 0.00669448271009444 0.00677092682614042 0.00636480796392352 0.00579169135103415 0.00884244512927643 0.0034796441697091 0.00538089547180576 0.00475119716862581 0.0033188242597666 0.00455345247118892 0.00205356240561981 0.00319400360268365 0.00565321969760055 0.00521020138000368 0.00435392068464209 0.00468568500109617 0.00578909234976465 0.00963813932137156 0.00455343390122512 0.00519844911907145 0.00721172884949495 0.0082224965705463 0.00421733483294438 0.00525166428388435 0.0046648075139973 0.00382253739674267 0.00327853524332065 0.00453779600247234 0.00517101926326446 0.00417027947637421 0.00569422445691807 0.00317634930230549 -0.0019868806755476 0.00411634678086821 0.00305911940899732 0.00428405099879539 0.00255002613674951
"ZIZYGO" 0.00665925550291569 0.0082843420410053 0.00875770602800117 0.0106523144020799 0.00766886565363614 0.00602218305988546 0.0109913142854157 0.00467644074671086 0.00574023560736004 0.00346553411249583 0.00436866994169334 0.00535354622664107 0.000988981195663752 0.00248776411435766 0.00857093163541362 0.00394768207674505 0.00423520555696525 0.0061288874432152 0.00794458317021288 0.000411359126992728 0.00507578677863145 0.00708061826166493 0.00810449266589102 0.00421733483294438 0.0141392120588686 0.00795602687098609 0.0102033415301436 0.0079317831100778 0.00452829371561619 0.00415419936905784 0.00713386186838123 0.00171606957966678 0.00808944115743238 0.00488277370438237 6.69449858079252e-05 0.00584205553281315 0.00465227625742702 0.00693260145896542 0.00416434273452703
"ZITSP" 0.00764071333679071 0.00875708145684921 0.00926358298158404 0.011163997326133 0.00901799185457234 0.00740965348837114 0.0113107298014578 0.00574120431932646 0.00788889607645509 0.00607870715241614 0.00552875912837262 0.00655191566781253 0.00177267043397752 0.0034319665037369 0.00975608809623006 0.00651727766150628 0.00595220507308615 0.00766220601834422 0.00879760070118563 0.00829846536060326 0.00635271042523118 0.00724382927812651 0.0111545744338321 0.00525166428388435 0.00795602687098609 0.0112161790921885 0.0105620829389767 0.00672091668415887 0.00565825799682087 0.00830317689164404 0.00823338797654996 0.00670227621312248 0.0093967734985275 0.00345202904608532 0.000313469932973785 0.00421322893333049 0.00527466924147213 0.0080802974344448 0.00361151842869029
"MTPNS" 0.00869079466837432 0.0109464533535693 0.0111789573962415 0.0145985838693962 0.0115173923150379 0.00876000434658336 0.0130883910013368 0.00772124087350295 0.00934555658792439 0.00577188309649359 0.00611930509638557 0.00647766434755006 0.00178247421777398 0.00349845488613996 0.0104396759936436 0.00567690740967518 0.00580326260278426 0.00831082786694185 0.0101015662176687 0.00407104441284361 0.0071240580875138 0.00872706890745844 0.0121099607431505 0.0046648075139973 0.0102033415301436 0.0105620829389767 0.0151296694941939 0.00870250897417243 0.00691723375353421 0.00890939868561342 0.00967056598913322 0.00678573980121151 0.0104360215541771 0.00440928599498147 0.00104701989018256 0.00581038937636174 0.0058078200390403 0.00894208621350948 0.00383169048278334
"PNSAPET" 0.006241297094039 0.00699451922656917 0.00568279073355769 0.00895086700968243 0.00775229279077735 0.00611532482582341 0.00839164546910186 0.00532214659497642 0.00680251846780337 0.00383376965011862 0.00510192914193455 0.00377678061003747 0.000743447269140402 0.00231048043019117 0.00928941702299119 0.00335082022665374 0.00378240967621856 0.005882417482587 0.00643385801539792 0.00427622326420237 0.00494628829185985 0.00596899400311175 0.00952534111581445 0.00382253739674267 0.0079317831100778 0.00672091668415887 0.00870250897417243 0.0122766721719963 0.00464864045055345 0.00490543653575449 0.00678625532888739 0.00413733989536347 0.00662778082445158 0.00410212670434044 0.00213765500437457 0.00399094426569647 0.00475918292642869 0.00678496857203348 0.00470248937831204
"APETBA" 0.00568391435650457 0.00522823355878434 0.00602673458674167 0.00727455797696125 0.00602379140134099 0.00522874680977575 0.00861840263893448 0.00409375663330602 0.00500742289979434 0.0030800198680847 0.00319068123791511 0.0039487120502883 0.00136995726633044 0.00180865504006523 0.00475800917739607 0.00248122051904839 0.00388300861795135 0.00518369496808802 0.00384896264818503 0.00399405307157848 0.00380473529946328 0.00490898855970762 0.0068870422654777 0.00327853524332065 0.00452829371561619 0.00565825799682087 0.00691723375353421 0.00464864045055345 0.006382706006033 0.00508270243702374 0.00525474187524122 0.00424637445026356 0.00369186145264439 0.00218482588535119 0.000608164123237956 0.00297671693439273 0.00435909478033242 0.00515647733998024 0.00143687614971485
"APETTS" 0.00742858767813538 0.00839144385278599 0.00798666222336144 0.0103287896396305 0.00833548172214875 0.007407881364539 0.00780016405911621 0.00621664651846505 0.00747249170441808 0.00543502773541279 0.00526964942058046 0.0054995549585629 0.00137788301431059 0.00272102631156525 0.00956835413053856 0.00459278526581979 0.00430210555279906 0.00576633087110219 0.0070845216886285 0.00560551979818811 0.00543591875525278 0.00670521205290637 0.0093218571293863 0.00453779600247234 0.00415419936905784 0.00830317689164404 0.00890939868561342 0.00490543653575449 0.00508270243702374 0.0112609830562545 0.00783170413704127 0.00764237475852191 0.00742288082015901 0.00153830450979506 0.000658867230382566 0.00293530104477318 0.00361098116793463 0.00643517247945433 0.00172809319469887
"BAEAM" 0.00840665501445225 0.00934034689742459 0.00925645915876575 0.0113094222803946 0.00935845246552188 0.00775277147199301 0.00989194118426169 0.0069615727442867 0.00836867126168734 0.00526857811044691 0.00548701828413435 0.00627574987130829 0.0017539826927691 0.00301769474073244 0.00981427320841025 0.00456616473982496 0.00466698149211607 0.00654124000998055 0.00816743321581641 0.00223058001267448 0.00592132043526441 0.0071709715100149 0.0102722939720966 0.00517101926326446 0.00713386186838123 0.00823338797654996 0.00967056598913322 0.00678625532888739 0.00525474187524122 0.00783170413704127 0.00876472413135717 0.00690648397413232 0.00877997782884069 0.00339882151961981 0.00138605678778246 0.00446647412285142 0.00470229905052484 0.00728256085509816 0.00401961838882822
"EAMZYGO" 0.00753672280737464 0.00834863205852921 0.00868989426889991 0.00973734395132327 0.00758074440843018 0.00701214308952148 0.00748310633362306 0.00634139333243737 0.00680734033162295 0.0053752130665302 0.00493278474305436 0.00668814657697636 0.00216139111131114 0.00260106027635396 0.0078953037423856 0.0035943438549785 0.00383896334654155 0.00602201845414986 0.00632252779585738 0.00431842877216766 0.00423820175792262 0.00543950144009407 0.00748715969739625 0.00417027947637421 0.00171606957966678 0.00670227621312248 0.00678573980121151 0.00413733989536347 0.00424637445026356 0.00764237475852191 0.00690648397413232 0.0114387565894417 0.00742344148135759 0.00259625904741794 -3.56218041439954e-06 0.0025627365353515 0.0039791141666286 0.00525663502998758 0.00428796500466298
"ZYGOTSP" 0.00849265710135295 0.0104202550991114 0.0100595163650964 0.0126411403702144 0.00995037507349312 0.00748721577863386 0.0126673186755019 0.00652592252215299 0.00804818317502053 0.00607742978158076 0.00549716014242 0.0065051095225089 0.00102367086104161 0.00331819234739816 0.00958349221479086 0.00643674040074584 0.00524469748754373 0.00820558527893635 0.012827171341234 0.00120732358782675 0.00598330806566336 0.0069975569936354 0.00983742376433493 0.00569422445691807 0.00808944115743238 0.0093967734985275 0.0104360215541771 0.00662778082445158 0.00369186145264439 0.00742288082015901 0.00877997782884069 0.00742344148135759 0.0143203488321538 0.00336521269974293 0.000456552880960943 0.00384320585265324 0.00461374737342266 0.00772641249923073 0.00479485277602174
"LDAS" 0.00364990786702289 0.00385349142071659 0.00414524318321273 0.00458597657734909 0.00340672248474479 0.00281813160704636 0.00538934729325944 0.0026156544504967 0.0029905164543559 0.00237005911451792 0.00257995709776081 0.00273385944399348 0.0014476652814282 0.00212675541719194 0.00400265467750241 0.00199482942516288 0.00221757852776136 0.00277429044303875 0.00340002191742281 0.00626454699666203 0.00286942365361536 0.00335607504887647 0.00330822704218584 0.00317634930230549 0.00488277370438237 0.00345202904608532 0.00440928599498147 0.00410212670434044 0.00218482588535119 0.00153830450979506 0.00339882151961981 0.00259625904741794 0.00336521269974293 0.00576427840498299 -0.0012153055277499 0.00598275988021205 0.00217046418150008 0.00308818933860838 0.00235874841747736
"BRLD" 0.00126728312499446 0.000811877550201296 -0.000499138924603818 0.00123582215312206 0.00111639246818248 0.00020020346563843 2.82212135764819e-06 0.00289563491577422 0.00240688630242552 -0.00156751553379463 0.00137170540793747 0.00032519329280623 -0.0012646476257007 -0.000802951880874408 0.00337749386106425 -0.00130320353878583 -0.000861607379741978 -0.000338024623210249 -0.000133565015875488 -0.00959153883780891 -0.000560125992234477 0.000368119758366872 0.00257048466042398 -0.0019868806755476 6.69449858079252e-05 0.000313469932973785 0.00104701989018256 0.00213765500437457 0.000608164123237956 0.000658867230382566 0.00138605678778246 -3.56218041439954e-06 0.000456552880960943 -0.0012153055277499 0.00870904683696797 -0.00210026423514741 0.000434033396266962 0.000873309643516867 0.000448949477139027
"OPILD" 0.00517621815730748 0.00560355587311997 0.00581190515702298 0.00660504111575187 0.00565776500954514 0.00448670474337746 0.00712616965037683 0.00307528219703999 0.00442932437598084 0.0029170748070987 0.00335163344988701 0.00338710642762127 0.00152041849988492 0.00300085997054649 0.00409460637711898 0.00342571310118191 0.00314960842621294 0.00372082634330517 0.0043912840936718 0.00851941336213112 0.00473283003232419 0.00418784041819097 0.00518650273241809 0.00411634678086821 0.00584205553281315 0.00421322893333049 0.00581038937636174 0.00399094426569647 0.00297671693439273 0.00293530104477318 0.00446647412285142 0.0025627365353515 0.00384320585265324 0.00598275988021205 -0.00210026423514741 0.008981723703931 0.00281978182131533 0.00425159628446093 0.00123609781322724
"PTAS" 0.00518091966664441 0.00518558247288663 0.00595579105156638 0.00715509136908195 0.00626329318038108 0.00498153718779454 0.00761813940181668 0.00353752314687122 0.00466290587176183 0.00297075740627601 0.00286091179999419 0.00414101884952516 0.000660421262491919 0.00154347476728558 0.00332597204286869 0.00373905413007586 0.00415215234975656 0.00690886885461435 0.00537712238506716 0.011689137489204 0.00346127762113062 0.00450936465548934 0.00645888307971052 0.00305911940899732 0.00465227625742702 0.00527466924147213 0.0058078200390403 0.00475918292642869 0.00435909478033242 0.00361098116793463 0.00470229905052484 0.0039791141666286 0.00461374737342266 0.00217046418150008 0.000434033396266962 0.00281978182131533 0.00547564413770887 0.00520945498983594 0.00281319972543075
"JPAS" 0.00695931933781473 0.00722247432306156 0.00797715138958766 0.0100088386025539 0.00846647758580061 0.00696951651099964 0.0110004751024484 0.00501652068789576 0.00686115436490709 0.00456597760329798 0.00446427029686785 0.00547783450576556 0.00099842882817565 0.00279365781515956 0.00890169410821145 0.00512297751727226 0.00481001078685333 0.00711309767420672 0.00734964349816342 0.00557985028140743 0.00505265422983281 0.00639146670403991 0.00980503848312391 0.00428405099879539 0.00693260145896542 0.0080802974344448 0.00894208621350948 0.00678496857203348 0.00515647733998024 0.00643517247945433 0.00728256085509816 0.00525663502998758 0.00772641249923073 0.00308818933860838 0.000873309643516867 0.00425159628446093 0.00520945498983594 0.00896418929350546 0.00405003957012518
"BAOPI" 0.004011301825589 0.00442153762659949 0.00482620156109835 0.0054266531079233 0.00453268405073043 0.00315602149760892 0.00422891419692129 0.00278941532043088 0.00357060580853058 0.00332051933087634 0.00253027899669396 0.00296160201293378 0.00120791399777731 0.00138085240142318 0.00590476077705724 0.00173460257495541 0.0017796512030888 0.00360044681650431 0.00429970780651199 0.00305752537960978 0.00241539963663956 0.00332862585083869 0.00503824951612346 0.00255002613674951 0.00416434273452703 0.00361151842869029 0.00383169048278334 0.00470248937831204 0.00143687614971485 0.00172809319469887 0.00401961838882822 0.00428796500466298 0.00479485277602174 0.00235874841747736 0.000448949477139027 0.00123609781322724 0.00281319972543075 0.00405003957012518 0.00704569885886883
