"" "ISPM" "ISNSL" "ISPNS" "PMZS" "PMZI" "PMMT" "NSLNA" "NSLZS" "NSLZI" "NABR" "NAFM" "NAPNS" "BRPT" "BRAPET" "PTFM" "PTAPET" "PTBA" "PTEAM" "PTZYGO" "PTTSP" "FMZS" "FMMT" "ZSZI" "ZIMT" "ZIZYGO" "ZITSP" "MTPNS" "PNSAPET" "APETBA" "APETTS" "BAEAM" "EAMZYGO" "ZYGOTSP" "LDAS" "BRLD" "OPILD" "PTAS" "JPAS" "BAOPI"
"ISPM" 0.00748593662349728 0.00322081262356193 0.00292969797573464 -0.000974516958343376 0.00025810307422258 0.000526119716301094 0.00130843261662318 0.00301690424454249 0.00144598648452829 0.000590913692538473 0.00145556822124785 0.0012471179279459 -0.000413231096561936 0.000229527592238456 0.00201542498126263 0.00121328424302365 0.000877165271061969 0.00149013446185539 0.00214113949805732 0.00331406696171189 -0.00285042764031213 0.0007770429032628 0.000363962307116878 0.00157342038825343 0.00288951863260421 0.00115565318806246 0.00238447497718786 0.00126644130746444 0.000657463624228562 0.00145271293420126 0.00121340526975959 0.00138923384602253 0.00145106223163935 -0.00039809089501738 0.000520365835133939 -0.000483555696973651 0.00085282940028253 0.000713830932850122 0.00127503870668279
"ISNSL" 0.00322081262356193 0.00529939550020293 0.00306373278572448 0.00317957336372673 0.00187789451131704 0.000679736451285966 0.00123172689038381 0.00122988788506892 0.000722593884712085 0.000652769224931553 0.00110384938520801 0.00143503677462727 7.56170939544421e-05 0.000374511711064781 0.0017409853662207 0.000613643173804206 0.000567303532181124 0.00127321002475613 0.00163634429328504 0.000364544596042644 -4.72963638664356e-05 0.00162333087560008 0.000800767809397192 0.000734851265638558 0.00274364235515497 0.00200319776165755 0.00326093820346047 0.00110394547921855 0.000520323423788954 0.00053579159996361 0.000693337629581235 0.00147253990110932 0.00142674606045937 -4.75821678415381e-05 0.000944249775974634 -0.000317660787458028 0.000456408778595671 2.87435856253259e-05 0.00092416859311351
"ISPNS" 0.00292969797573464 0.00306373278572448 0.00338249998102455 0.00280818524431674 0.00200687182613579 0.00122913219284465 0.00156388474753362 0.00227121932022679 0.00125281443740524 0.000509781344970959 0.0012623194859513 0.00159143908080225 3.23622391980532e-05 0.000390341068823018 0.00182863590692485 0.000740185800408634 0.000855957941664405 0.00111296720515144 0.00164077691919127 0.00161117524210065 -0.000713926926923548 0.00138290267112099 0.000981655849128035 0.00115522434335239 0.0029647348979478 0.00185219893665138 0.00340591987794279 0.000189519487356773 0.00127798738980288 0.00070058771125643 0.00108590343518579 0.0014200722381379 0.00133338928214834 0.000405766749486797 0.00111111716217093 0.000167179215910226 0.000606049886681796 0.000702313001124687 0.00067280979067551
"PMZS" -0.000974516958343376 0.00317957336372673 0.00280818524431674 0.00738290174906785 0.00362175202195363 0.00132494556846057 0.0029573891664335 0.00197372089479372 0.000966692529236922 0.000636364804998241 0.000816813612214092 0.00126509711094163 0.000319958338553325 0.000571435811728098 0.0014785986898823 0.000369193199797495 0.000677124058062547 0.000617507983128757 0.00116863747796207 0.000862817860795053 0.000908108583719638 0.00175655287547035 0.00177594868155031 0.000705289331603508 0.00264726571494151 0.00251814792913273 0.0034947761490204 0.00138565676314235 0.00157124479910879 0.000292016230225746 0.00111379227863868 0.00121473005423556 0.00140350847590862 0.00117576489622024 0.000853246470380716 0.000463665285620131 0.000183640766114317 0.00030256499651446 0.000655535314307471
"PMZI" 0.00025810307422258 0.00187789451131704 0.00200687182613579 0.00362175202195363 0.00361620547869802 0.00120565262062502 0.00122556150730687 0.00163127350422537 0.00163518408951702 0.000538579033462868 0.00110102516345607 0.00116182194655515 0.000514165171661021 0.000677844445144152 -1.09784522892201e-05 0.00051719030827456 0.000880514006660837 0.00128425831829992 0.000684862272918514 -0.00130590372361081 0.000526056033959107 0.00109949180541358 0.00143819363831773 0.000101449174731814 0.000912907123595543 0.00093884437885134 0.00229895808635814 0.00110868753529424 0.0012713907603621 0.000480590140242537 0.00106304392709222 0.000242897798002817 0.000777264978050445 0.000776844953199833 0.000515263882484458 0.000942899881371278 0.000897462999092729 0.000765793047262641 0.000447042245324162
"PMMT" 0.000526119716301094 0.000679736451285966 0.00122913219284465 0.00132494556846057 0.00120565262062502 0.0016059335927762 0.000310156176672865 0.000783325510343735 0.000765263224242651 0.00045336169281412 0.000658797832308258 0.000698476273588395 0.000378530914880904 0.000359616206580166 0.000322279724619742 0.000549812944558432 0.000618597619501492 0.000700601298312015 0.000499799687313045 0.000349265902695906 -1.79415619829155e-05 0.00043121801119241 0.000943858041212079 0.000659020817923196 0.00130634479237478 0.000745008841829806 0.000732022645315752 0.000556537461284632 0.000782558415064411 0.000315223262129242 0.000528059034357975 0.000343657263940487 0.000249484238930428 0.00060372498382463 0.000669983596476168 0.000359330862290315 0.000713614503030053 0.000496786157630109 0.000456672017539548
"NSLNA" 0.00130843261662318 0.00123172689038381 0.00156388474753362 0.0029573891664335 0.00122556150730687 0.000310156176672865 0.0084487542284401 0.00331742002448731 0.00138576923898947 -0.000764329238423314 0.000787191385816812 0.00138307882539169 -0.000772344279987958 -0.000385334472015917 0.000772385790767997 0.000574177971932431 0.000319259739304673 0.000925632511978206 0.00168370164971379 0.00524965904370514 0.00154634415911944 0.00100330593199268 0.00144677180317027 0.000368851663037832 0.00183325683230901 0.00143789683002045 0.00160667305502062 0.00108289799819123 0.000360218731575549 0.000337679156706784 0.00091537683895105 0.00102772365269202 0.00124083000723541 0.000219785227019757 -0.000251704715079957 -0.000716253403393271 0.000333578560403193 0.000612400987006475 0.000762049438834124
"NSLZS" 0.00301690424454249 0.00122988788506892 0.00227121932022679 0.00197372089479372 0.00163127350422537 0.000783325510343735 0.00331742002448731 0.00541213622451272 0.00212041751671205 0.000547804502943295 0.00139582722624994 0.000971032586202017 -0.000429438980754352 0.000240572404584555 0.00131363169495544 0.000584517464826254 0.000631339722539413 0.000927742902487116 0.00172448962297785 0.00348849282192705 -0.00266501478096108 0.000753585651092373 -0.00028722946301678 0.00111062501586014 0.00273601391536245 0.00122521029772964 0.00230099812198997 0.00137858838311245 0.00112941714707888 0.000693125284208157 0.00142404911219777 0.00079844291861476 0.00117118682619886 0.000275051249011881 -0.000185659918594201 0.00027543157991626 0.000567286367383481 0.000568237458335188 0.000485890064920676
"NSLZI" 0.00144598648452829 0.000722593884712085 0.00125281443740524 0.000966692529236922 0.00163518408951702 0.000765263224242651 0.00138576923898947 0.00212041751671205 0.00191906179329747 0.000517162530417583 0.0011765956767674 0.000866134044880002 0.000248333334281364 0.000452331985298993 9.60803962120057e-05 0.000782871041828954 0.000864493627185317 0.00155093579151673 0.00135337909084925 0.000794746628365939 -7.40495386406422e-05 0.00058384019959398 0.00155909453011745 0.000453437764076419 0.00114571878256245 0.000999096563247056 0.00137325145942133 0.001267669494355 0.000763706645617946 0.000528243054894807 0.00103136288438073 0.000635444893875003 0.0010046301679759 0.000462709302176063 0.000426899419764691 0.000623667090070509 0.00112257478206431 0.000749143071946459 0.000489585502474345
"NABR" 0.000590913692538473 0.000652769224931553 0.000509781344970959 0.000636364804998241 0.000538579033462868 0.00045336169281412 -0.000764329238423314 0.000547804502943295 0.000517162530417583 0.00228168345152325 0.000345578425498207 0.000165845143958209 0.00130858557356816 0.000820769481424764 0.000260599432509824 0.000242575613941764 0.000368761843091118 0.000788188311242955 0.000935709034626218 0.000490201556430002 0.000199952548971627 0.000476421133942249 0.000626483534682542 0.00031515361986748 0.000622578753508459 0.000773565224276286 0.000710740679565189 0.00120061730505473 0.000410226451375695 0.000430272098454504 0.000432402766785644 0.000882337556126898 0.00103181768093605 0.000692305451123257 -0.000691533873202481 0.000714921838566133 0.000811562447834668 0.00034787420048022 0.000633295536391839
"NAFM" 0.00145556822124785 0.00110384938520801 0.0012623194859513 0.000816813612214092 0.00110102516345607 0.000658797832308258 0.000787191385816812 0.00139582722624994 0.0011765956767674 0.000345578425498207 0.0017293333949416 0.00111319417652615 7.18248205989349e-05 0.00031225677643427 0.000265708181637077 0.000760165031045256 0.000716193572032741 0.00132707301093425 0.00172387628480848 0.0011237086589529 4.67037422522144e-05 0.000419491307410807 0.000960963786882004 0.00048372446279514 0.00127303319119579 0.0011010866243385 0.00139813290850362 0.000672510549525041 0.000426987449199467 0.00058054470377894 0.000769765943872301 0.000803199130436341 0.00132127549439101 9.69903431315273e-05 0.000877491950907644 0.000143398283327483 0.000813868836002994 0.000598360317973094 0.000161149966298398
"NAPNS" 0.0012471179279459 0.00143503677462727 0.00159143908080225 0.00126509711094163 0.00116182194655515 0.000698476273588395 0.00138307882539169 0.000971032586202017 0.000866134044880002 0.000165845143958209 0.00111319417652615 0.00212847578222534 0.000140894453397856 0.000355648735983017 0.000655777131855597 0.000864132862703372 0.000798514797968223 0.00143222365274113 0.00145996812783406 0.00138336131665277 0.000112179071013933 0.000948754506001483 0.000975399550705656 0.000516942099816412 0.00176583778912739 0.000838558420601484 0.00143814358200962 -0.000149583895564227 0.000593414088660172 0.000658186303178594 0.000801966450564788 0.000748373215851176 0.00117720049208404 0.000139743569553532 0.000799009751669125 8.63722343167839e-05 0.000813898369018308 0.000669265129987897 0.000511208727565127
"BRPT" -0.000413231096561936 7.56170939544421e-05 3.23622391980532e-05 0.000319958338553325 0.000514165171661021 0.000378530914880904 -0.000772344279987958 -0.000429438980754352 0.000248333334281364 0.00130858557356816 7.18248205989349e-05 0.000140894453397856 0.00211166817493402 0.00101392045810303 -0.000848322925938563 -0.000182636763493305 0.000213964931521172 0.000289098998577159 -0.00077145805587328 -0.00456991939048629 0.000580296261352787 0.000183294599049378 0.000615707780739305 -0.000241715759440336 7.92263095729455e-05 0.000280988417278721 0.000171427786613242 0.00113849068593908 0.000156182554960899 0.000139847691033423 0.000233826723129608 0.00010020532848832 3.93660432913655e-05 0.000793141302421379 -0.000170579158968797 0.00104205742717941 0.000701421144711223 -1.60485018797827e-05 -9.2046608918338e-05
"BRAPET" 0.000229527592238456 0.000374511711064781 0.000390341068823018 0.000571435811728098 0.000677844445144152 0.000359616206580166 -0.000385334472015917 0.000240572404584555 0.000452331985298993 0.000820769481424764 0.00031225677643427 0.000355648735983017 0.00101392045810303 0.00121493448872832 0.000121162527261233 0.000645805754390405 0.000595192822801765 0.000644764002598861 0.000490526702738386 -0.00179065343961612 -0.000112831668792215 0.00019919529277126 0.000453719713153765 0.000294990995338047 0.0005650346894831 0.000872929532350482 0.000537961996918157 0.000793288319419985 0.0003900486485572 0.000183830613111452 0.000578796588498272 0.000211303031207258 0.00055426445388184 0.000512406009514999 0.000594634431919349 0.000758022279016808 0.000450945330039945 0.000308322665425566 0.000113794131539793
"PTFM" 0.00201542498126263 0.0017409853662207 0.00182863590692485 0.0014785986898823 -1.09784522892201e-05 0.000322279724619742 0.000772385790767997 0.00131363169495544 9.60803962120057e-05 0.000260599432509824 0.000265708181637077 0.000655777131855597 -0.000848322925938563 0.000121162527261233 0.00768216214527979 0.000764760603853423 -0.00041761140063176 -0.00297180719770026 0.00213184964164112 0.0134741667962521 -0.00255498015568896 0.000965003148557441 0.0004074613858278 0.00220141632027671 0.00189108150117199 0.00154015416157369 0.00206742282675928 -0.000411746896667803 0.0004069433391334 -0.00015195209103525 0.000229248419017999 0.00219984520984061 0.00102413358280647 -0.000248177154322724 0.000863791478569046 -0.000609132166853501 -0.00249536490841291 0.000462891836222811 0.000931801411536042
"PTAPET" 0.00121328424302365 0.000613643173804206 0.000740185800408634 0.000369193199797495 0.00051719030827456 0.000549812944558432 0.000574177971932431 0.000584517464826254 0.000782871041828954 0.000242575613941764 0.000760165031045256 0.000864132862703372 -0.000182636763493305 0.000645805754390405 0.000764760603853423 0.00228756104263459 0.00153862840254098 0.00205960076063384 0.00253108778358661 0.00374169826355834 5.75031045461158e-05 0.000532137024225062 0.00112727855828492 0.0008635036340746 0.00078569183942609 0.00123328096845367 0.000838474097087581 0.000647966498769831 0.00035582362059371 0.000721372688401853 0.000964755128403836 0.00105657543212956 0.00122014649294875 9.02030747957809e-05 0.00135507370206867 5.6477564111826e-05 0.00110720127236639 0.000970029004265869 0.000543293999435219
"PTBA" 0.000877165271061969 0.000567303532181124 0.000855957941664405 0.000677124058062547 0.000880514006660837 0.000618597619501492 0.000319259739304673 0.000631339722539413 0.000864493627185317 0.000368761843091118 0.000716193572032741 0.000798514797968223 0.000213964931521172 0.000595192822801765 -0.00041761140063176 0.00153862840254098 0.00181357315963288 0.00248531976683745 0.00163301664467022 -9.8652318160793e-06 0.000167446194332037 0.000506755911447597 0.00112319364477987 0.000485113691840898 0.000754678801032742 0.000958828264030374 0.000926286631491161 0.0011197576626675 0.00153105544751271 0.000710778477178178 0.00123733752449597 0.000968160525726804 0.00086986227775558 0.00027753534949225 0.00145175829474967 0.000283986116525806 0.00172044022375157 0.000812766965042455 0.00015403035450185
"PTEAM" 0.00149013446185539 0.00127321002475613 0.00111296720515144 0.000617507983128757 0.00128425831829992 0.000700601298312015 0.000925632511978206 0.000927742902487116 0.00155093579151673 0.000788188311242955 0.00132707301093425 0.00143222365274113 0.000289098998577159 0.000644764002598861 -0.00297180719770026 0.00205960076063384 0.00248531976683745 0.00680051823967295 0.00310135587682454 -0.00325558999007402 0.00113531286617866 0.000885700858609812 0.00210787924465189 -0.000167818500207245 0.00205157161528251 0.00140861963293097 0.00148759040466925 0.00197962001247123 0.00108590941092944 0.00186105830829494 0.0017003504739127 0.00156069114046855 0.0023066143385009 0.000310756487000687 0.00221369457332694 0.000637515092009994 0.00421252287235359 0.00151319783295776 0.000846213723260173
"PTZYGO" 0.00214113949805732 0.00163634429328504 0.00164077691919127 0.00116863747796207 0.000684862272918514 0.000499799687313045 0.00168370164971379 0.00172448962297785 0.00135337909084925 0.000935709034626218 0.00172387628480848 0.00145996812783406 -0.00077145805587328 0.000490526702738386 0.00213184964164112 0.00253108778358661 0.00163301664467022 0.00310135587682454 0.00616307826378287 0.00967331321395184 0.000115621952155957 0.000998872479277716 0.00185045935881996 0.00127592182219701 0.000969521337105504 0.00258486329083453 0.00237120874676526 0.000533342267253629 0.000538845128242767 0.000776505599654041 0.00115970297236804 0.00327970617286009 0.00401491783021183 2.49236085705877e-05 0.00136230144050202 -0.000167272632092924 0.00115739869398764 0.0014224500993632 0.000994615674707795
"PTTSP" 0.00331406696171189 0.000364544596042644 0.00161117524210065 0.000862817860795053 -0.00130590372361081 0.000349265902695906 0.00524965904370514 0.00348849282192705 0.000794746628365939 0.000490201556430002 0.0011237086589529 0.00138336131665277 -0.00456991939048629 -0.00179065343961612 0.0134741667962521 0.00374169826355834 -9.8652318160793e-06 -0.00325558999007402 0.00967331321395184 0.0797284332196944 -0.00101000874042579 0.00152357809329984 0.00194467702198715 0.00430568842030408 0.000533762157019149 -0.00355805156988403 0.000766240866828652 -0.00387901478358654 -0.000208148866230565 -0.000878132036410967 0.000924909973870169 0.00458027071809144 0.00668369786093902 -0.000402324163981334 4.23924683177378e-06 -0.00210817032547162 -0.00391557315257983 0.0022218008870955 0.00114508998220764
"FMZS" -0.00285042764031213 -4.72963638664356e-05 -0.000713926926923548 0.000908108583719638 0.000526056033959107 -1.79415619829155e-05 0.00154634415911944 -0.00266501478096108 -7.40495386406422e-05 0.000199952548971627 4.67037422522144e-05 0.000112179071013933 0.000580296261352787 -0.000112831668792215 -0.00255498015568896 5.75031045461158e-05 0.000167446194332037 0.00113531286617866 0.000115621952155957 -0.00101000874042579 0.0104329400009895 0.00223773654351485 0.00137743976731329 -1.73029201545296e-05 -0.00108257768286261 0.000139574996449837 -0.000121380305253113 0.00019307238122628 -0.000225316574082007 -0.000336056732116828 -0.000276177796077007 0.000298112873805248 7.2002307573851e-05 0.000124546834416316 0.000921456127536864 -0.00025964684996587 0.000965760091616954 0.000346073114109198 -0.000218502396750942
"FMMT" 0.0007770429032628 0.00162333087560008 0.00138290267112099 0.00175655287547035 0.00109949180541358 0.00043121801119241 0.00100330593199268 0.000753585651092373 0.00058384019959398 0.000476421133942249 0.000419491307410807 0.000948754506001483 0.000183294599049378 0.00019919529277126 0.000965003148557441 0.000532137024225062 0.000506755911447597 0.000885700858609812 0.000998872479277716 0.00152357809329984 0.00223773654351485 0.00262403358606176 0.000840159557383439 0.00153594297163539 0.00139272409816819 0.000944414073011318 0.00248373349481013 0.00027583686138026 0.000516108072570069 0.000423239483454565 0.000662018665943618 0.00103717907994468 0.000826207507543063 0.000137035610200896 5.00187653338012e-05 0.000254019720145411 0.000512604426635924 0.000304015117135501 0.00021469986976374
"ZSZI" 0.000363962307116878 0.000800767809397192 0.000981655849128035 0.00177594868155031 0.00143819363831773 0.000943858041212079 0.00144677180317027 -0.00028722946301678 0.00155909453011745 0.000626483534682542 0.000960963786882004 0.000975399550705656 0.000615707780739305 0.000453719713153765 0.0004074613858278 0.00112727855828492 0.00112319364477987 0.00210787924465189 0.00185045935881996 0.00194467702198715 0.00137743976731329 0.000840159557383439 0.00458906829648917 0.000283398291105833 0.00110301327559602 0.00193197080700708 0.00144800881447156 0.00168447560336289 0.000731772216226779 0.000754916461526508 0.000988444918016238 0.00149330398248761 0.00175745295910796 0.000873363647516416 0.000998664913902438 0.000623207736949717 0.00145359094292145 0.0010436186564611 0.000834896517750293
"ZIMT" 0.00157342038825343 0.000734851265638558 0.00115522434335239 0.000705289331603508 0.000101449174731814 0.000659020817923196 0.000368851663037832 0.00111062501586014 0.000453437764076419 0.00031515361986748 0.00048372446279514 0.000516942099816412 -0.000241715759440336 0.000294990995338047 0.00220141632027671 0.0008635036340746 0.000485113691840898 -0.000167818500207245 0.00127592182219701 0.00430568842030408 -1.73029201545296e-05 0.00153594297163539 0.000283398291105833 0.00454290017363317 0.00168026240406349 0.00103699752312837 0.00118038064009124 -0.000325224486015671 0.000357514822476536 0.000332027218078321 0.000900962462460655 0.00112778329842954 0.000834971195946297 0.00067218096780813 -0.000253913992960527 0.000889037102789684 -0.000290169451776345 0.000347739417022352 0.000410707426415822
"ZIZYGO" 0.00288951863260421 0.00274364235515497 0.0029647348979478 0.00264726571494151 0.000912907123595543 0.00130634479237478 0.00183325683230901 0.00273601391536245 0.00114571878256245 0.000622578753508459 0.00127303319119579 0.00176583778912739 7.92263095729455e-05 0.0005650346894831 0.00189108150117199 0.00078569183942609 0.000754678801032742 0.00205157161528251 0.000969521337105504 0.000533762157019149 -0.00108257768286261 0.00139272409816819 0.00110301327559602 0.00168026240406349 0.00955579489736981 0.00265519900772969 0.00284166343534552 0.00217403041334117 0.000764413619370364 0.00138212723344327 0.00160043985479031 -0.000822844072906531 0.00119913341767575 0.000536144837803341 0.0012514200500305 0.00056176759249511 0.00114071607320032 0.000829652255483774 0.00136984297513592
"ZITSP" 0.00115565318806246 0.00200319776165755 0.00185219893665138 0.00251814792913273 0.00093884437885134 0.000745008841829806 0.00143789683002045 0.00122521029772964 0.000999096563247056 0.000773565224276286 0.0011010866243385 0.000838558420601484 0.000280988417278721 0.000872929532350482 0.00154015416157369 0.00123328096845367 0.000958828264030374 0.00140861963293097 0.00258486329083453 -0.00355805156988403 0.000139574996449837 0.000944414073011318 0.00193197080700708 0.00103699752312837 0.00265519900772969 0.00458683882751133 0.00286145150123604 0.00130876089153021 0.000666455783510237 0.000741627580407132 0.000870045744296797 0.00203013545404292 0.00198112140591314 0.000446950644876814 0.00120004197684903 0.000468848495216148 0.000547902783166422 0.000809032462993325 0.000783574478448459
"MTPNS" 0.00238447497718786 0.00326093820346047 0.00340591987794279 0.0034947761490204 0.00229895808635814 0.000732022645315752 0.00160667305502062 0.00230099812198997 0.00137325145942133 0.000710740679565189 0.00139813290850362 0.00143814358200962 0.000171427786613242 0.000537961996918157 0.00206742282675928 0.000838474097087581 0.000926286631491161 0.00148759040466925 0.00237120874676526 0.000766240866828652 -0.000121380305253113 0.00248373349481013 0.00144800881447156 0.00118038064009124 0.00284166343534552 0.00286145150123604 0.00603537832434378 0.00060460055577584 0.00118214819958904 0.000483119466447298 0.00125608109882739 0.00258249077777466 0.00219319520611056 7.26400596798891e-05 0.000914898585947217 0.000138742142914796 0.000738629888868058 0.000788774679337362 0.000418643304879691
"PNSAPET" 0.00126644130746444 0.00110394547921855 0.000189519487356773 0.00138565676314235 0.00110868753529424 0.000556537461284632 0.00108289799819123 0.00137858838311245 0.001267669494355 0.00120061730505473 0.000672510549525041 -0.000149583895564227 0.00113849068593908 0.000793288319419985 -0.000411746896667803 0.000647966498769831 0.0011197576626675 0.00197962001247123 0.000533342267253629 -0.00387901478358654 0.00019307238122628 0.00027583686138026 0.00168447560336289 -0.000325224486015671 0.00217403041334117 0.00130876089153021 0.00060460055577584 0.0085467108291128 0.000468393178453128 -0.000823859760323791 0.0012928088933838 0.00141440001263909 -5.24944214110911e-05 0.00077177387042394 0.000753925446197239 0.00101059698420873 0.00192913799859397 0.000550318101681797 0.000526585330490848
"APETBA" 0.000657463624228562 0.000520323423788954 0.00127798738980288 0.00157124479910879 0.0012713907603621 0.000782558415064411 0.000360218731575549 0.00112941714707888 0.000763706645617946 0.000410226451375695 0.000426987449199467 0.000593414088660172 0.000156182554960899 0.0003900486485572 0.0004069433391334 0.00035582362059371 0.00153105544751271 0.00108590941092944 0.000538845128242767 -0.000208148866230565 -0.000225316574082007 0.000516108072570069 0.000731772216226779 0.000357514822476536 0.000764413619370364 0.000666455783510237 0.00118214819958904 0.000468393178453128 0.00386655398002571 0.00111150276581562 0.00133847605987339 0.0011676638102624 0.000260939683577874 0.000206034225422086 0.00149198720901551 -0.000227852171074513 0.00113524509894741 0.000648496781204729 0.000111447426846022
"APETTS" 0.00145271293420126 0.00053579159996361 0.00070058771125643 0.000292016230225746 0.000480590140242537 0.000315223262129242 0.000337679156706784 0.000693125284208157 0.000528243054894807 0.000430272098454504 0.00058054470377894 0.000658186303178594 0.000139847691033423 0.000183830613111452 -0.00015195209103525 0.000721372688401853 0.000710778477178178 0.00186105830829494 0.000776505599654041 -0.000878132036410967 -0.000336056732116828 0.000423239483454565 0.000754916461526508 0.000332027218078321 0.00138212723344327 0.000741627580407132 0.000483119466447298 -0.000823859760323791 0.00111150276581562 0.00524578319795438 0.00108266645754338 0.000259019494075655 0.000639143489972339 0.000382180834167372 0.00082209333706211 0.000475373781685223 0.00144003104316139 0.00125540334453689 0.00112754673368355
"BAEAM" 0.00121340526975959 0.000693337629581235 0.00108590343518579 0.00111379227863868 0.00106304392709222 0.000528059034357975 0.00091537683895105 0.00142404911219777 0.00103136288438073 0.000432402766785644 0.000769765943872301 0.000801966450564788 0.000233826723129608 0.000578796588498272 0.000229248419017999 0.000964755128403836 0.00123733752449597 0.0017003504739127 0.00115970297236804 0.000924909973870169 -0.000276177796077007 0.000662018665943618 0.000988444918016238 0.000900962462460655 0.00160043985479031 0.000870045744296797 0.00125608109882739 0.0012928088933838 0.00133847605987339 0.00108266645754338 0.0018623026563663 0.00080075511963884 0.000907235998137607 0.000526292514349074 0.0010942439724398 0.000588526257838133 0.00120582179623379 0.000865024966262521 0.000364115546871081
"EAMZYGO" 0.00138923384602253 0.00147253990110932 0.0014200722381379 0.00121473005423556 0.000242897798002817 0.000343657263940487 0.00102772365269202 0.00079844291861476 0.000635444893875003 0.000882337556126898 0.000803199130436341 0.000748373215851176 0.00010020532848832 0.000211303031207258 0.00219984520984061 0.00105657543212956 0.000968160525726804 0.00156069114046855 0.00327970617286009 0.00458027071809144 0.000298112873805248 0.00103717907994468 0.00149330398248761 0.00112778329842954 -0.000822844072906531 0.00203013545404292 0.00258249077777466 0.00141440001263909 0.0011676638102624 0.000259019494075655 0.00080075511963884 0.00586118566805117 0.00200268499482989 -0.000129500141477799 0.0016295315161205 -0.000304488413679578 0.000722209770626849 0.000909217020715612 0.000782455920746984
"ZYGOTSP" 0.00145106223163935 0.00142674606045937 0.00133338928214834 0.00140350847590862 0.000777264978050445 0.000249484238930428 0.00124083000723541 0.00117118682619886 0.0010046301679759 0.00103181768093605 0.00132127549439101 0.00117720049208404 3.93660432913655e-05 0.00055426445388184 0.00102413358280647 0.00122014649294875 0.00086986227775558 0.0023066143385009 0.00401491783021183 0.00668369786093902 7.2002307573851e-05 0.000826207507543063 0.00175745295910796 0.000834971195946297 0.00119913341767575 0.00198112140591314 0.00219319520611056 -5.24944214110911e-05 0.000260939683577874 0.000639143489972339 0.000907235998137607 0.00200268499482989 0.00469700159629782 0.000215740318814756 0.000159563461734442 0.000436122373964441 0.000924496861200693 0.00124859581770452 0.000692456287962449
"LDAS" -0.00039809089501738 -4.75821678415381e-05 0.000405766749486797 0.00117576489622024 0.000776844953199833 0.00060372498382463 0.000219785227019757 0.000275051249011881 0.000462709302176063 0.000692305451123257 9.69903431315273e-05 0.000139743569553532 0.000793141302421379 0.000512406009514999 -0.000248177154322724 9.02030747957809e-05 0.00027753534949225 0.000310756487000687 2.49236085705877e-05 -0.000402324163981334 0.000124546834416316 0.000137035610200896 0.000873363647516416 0.00067218096780813 0.000536144837803341 0.000446950644876814 7.26400596798891e-05 0.00077177387042394 0.000206034225422086 0.000382180834167372 0.000526292514349074 -0.000129500141477799 0.000215740318814756 0.0029840008276742 -0.00136201452077742 0.00288661566737569 0.000226722962338846 -0.000149621939268241 0.00033407894845043
"BRLD" 0.000520365835133939 0.000944249775974634 0.00111111716217093 0.000853246470380716 0.000515263882484458 0.000669983596476168 -0.000251704715079957 -0.000185659918594201 0.000426899419764691 -0.000691533873202481 0.000877491950907644 0.000799009751669125 -0.000170579158968797 0.000594634431919349 0.000863791478569046 0.00135507370206867 0.00145175829474967 0.00221369457332694 0.00136230144050202 4.23924683177378e-06 0.000921456127536864 5.00187653338012e-05 0.000998664913902438 -0.000253913992960527 0.0012514200500305 0.00120004197684903 0.000914898585947217 0.000753925446197239 0.00149198720901551 0.00082209333706211 0.0010942439724398 0.0016295315161205 0.000159563461734442 -0.00136201452077742 0.00899236645801728 -0.00255184596387801 0.00152289815959505 0.00143848324880855 0.000689960682051749
"OPILD" -0.000483555696973651 -0.000317660787458028 0.000167179215910226 0.000463665285620131 0.000942899881371278 0.000359330862290315 -0.000716253403393271 0.00027543157991626 0.000623667090070509 0.000714921838566133 0.000143398283327483 8.63722343167839e-05 0.00104205742717941 0.000758022279016808 -0.000609132166853501 5.6477564111826e-05 0.000283986116525806 0.000637515092009994 -0.000167272632092924 -0.00210817032547162 -0.00025964684996587 0.000254019720145411 0.000623207736949717 0.000889037102789684 0.00056176759249511 0.000468848495216148 0.000138742142914796 0.00101059698420873 -0.000227852171074513 0.000475373781685223 0.000588526257838133 -0.000304488413679578 0.000436122373964441 0.00288661566737569 -0.00255184596387801 0.00512043750176427 0.000363991168404552 0.000457760816546164 -0.000752194875644857
"PTAS" 0.00085282940028253 0.000456408778595671 0.000606049886681796 0.000183640766114317 0.000897462999092729 0.000713614503030053 0.000333578560403193 0.000567286367383481 0.00112257478206431 0.000811562447834668 0.000813868836002994 0.000813898369018308 0.000701421144711223 0.000450945330039945 -0.00249536490841291 0.00110720127236639 0.00172044022375157 0.00421252287235359 0.00115739869398764 -0.00391557315257983 0.000965760091616954 0.000512604426635924 0.00145359094292145 -0.000290169451776345 0.00114071607320032 0.000547902783166422 0.000738629888868058 0.00192913799859397 0.00113524509894741 0.00144003104316139 0.00120582179623379 0.000722209770626849 0.000924496861200693 0.000226722962338846 0.00152289815959505 0.000363991168404552 0.0037470166339044 0.00136718351618208 0.000834487035025143
"JPAS" 0.000713830932850122 2.87435856253259e-05 0.000702313001124687 0.00030256499651446 0.000765793047262641 0.000496786157630109 0.000612400987006475 0.000568237458335188 0.000749143071946459 0.00034787420048022 0.000598360317973094 0.000669265129987897 -1.60485018797827e-05 0.000308322665425566 0.000462891836222811 0.000970029004265869 0.000812766965042455 0.00151319783295776 0.0014224500993632 0.0022218008870955 0.000346073114109198 0.000304015117135501 0.0010436186564611 0.000347739417022352 0.000829652255483774 0.000809032462993325 0.000788774679337362 0.000550318101681797 0.000648496781204729 0.00125540334453689 0.000865024966262521 0.000909217020715612 0.00124859581770452 -0.000149621939268241 0.00143848324880855 0.000457760816546164 0.00136718351618208 0.00300705756003469 0.00114166974132625
"BAOPI" 0.00127503870668279 0.00092416859311351 0.00067280979067551 0.000655535314307471 0.000447042245324162 0.000456672017539548 0.000762049438834124 0.000485890064920676 0.000489585502474345 0.000633295536391839 0.000161149966298398 0.000511208727565127 -9.2046608918338e-05 0.000113794131539793 0.000931801411536042 0.000543293999435219 0.00015403035450185 0.000846213723260173 0.000994615674707795 0.00114508998220764 -0.000218502396750942 0.00021469986976374 0.000834896517750293 0.000410707426415822 0.00136984297513592 0.000783574478448459 0.000418643304879691 0.000526585330490848 0.000111447426846022 0.00112754673368355 0.000364115546871081 0.000782455920746984 0.000692456287962449 0.00033407894845043 0.000689960682051749 -0.000752194875644857 0.000834487035025143 0.00114166974132625 0.00446311972189202
