"" "ISPM" "ISNSL" "ISPNS" "PMZS" "PMZI" "PMMT" "NSLNA" "NSLZS" "NSLZI" "NABR" "NAFM" "NAPNS" "BRPT" "BRAPET" "PTFM" "PTAPET" "PTBA" "PTEAM" "PTZYGO" "PTTSP" "FMZS" "FMMT" "ZSZI" "ZIMT" "ZIZYGO" "ZITSP" "MTPNS" "PNSAPET" "APETBA" "APETTS" "BAEAM" "EAMZYGO" "ZYGOTSP" "LDAS" "BRLD" "OPILD" "PTAS" "JPAS" "BAOPI"
"ISPM" 0.00684206368513647 0.00298539094838655 0.00309020522415844 0.00346550707375524 0.00193436170899236 0.00112589375335849 0.00580045677841939 0.00423707316002738 0.00179275368466445 0.00155410253653828 0.000482893870673553 0.00223576497890529 -0.000196328024701814 -0.000144779881658866 0.00156526905591464 0.00033951393367306 0.000491297484789485 0.00138786210099362 0.00278711794006693 0.000398713374893786 0.00147946285726953 0.00345266652300706 0.00155077607471353 0.00353339583894995 0.00212655817391529 0.00269290469863202 0.0028090165723962 0.00154364649143744 0.00128406093512172 0.00144697002949075 0.00136126689808233 3.84273452293181e-05 0.0027265116121842 0.000262092166034996 -0.000943889402818448 -0.000526959072194238 0.000516553770185692 0.000607672652532013 -0.000199261066374461
"ISNSL" 0.00298539094838655 0.00594466207368447 0.00255628797902625 0.00284666925981223 0.00159085775827999 0.000884908295350998 0.00240110388203624 0.000399246301234741 0.000340255040705285 2.41918306706601e-05 0.000618162343901427 0.00192195728877388 -0.000508145095984753 -0.000355234473012211 0.00129376761540287 0.00041476058251557 0.000656143656233674 0.0017490109467646 0.00166205469009587 -0.00196861042909463 0.0021999391126207 0.00295317452898537 0.000576971288599022 0.00366189469593582 0.00274062298783858 0.00224808505239505 0.00300439225824316 0.00265848183008978 0.000139811429872266 0.000764860646061484 0.00104410600149299 0.00108226050639451 0.00158765138593532 2.64637219784915e-05 0.0010241609265119 -0.000196161417252542 0.00106213416066314 -0.00049644466906928 0.000590323937499387
"ISPNS" 0.00309020522415844 0.00255628797902625 0.00351332091612411 0.00381605960110097 0.00276220727893942 0.00155828127087905 0.00557944000567808 0.00377472661091391 0.0020283605581682 0.00105429102461742 0.0014165130641448 0.00294291622829506 0.000851184037008072 0.000747437271985091 0.0010402448924275 0.000393230961546372 0.000907565415724218 0.00187044410200575 0.00165215570446103 -0.00313696966912098 0.00282176864137806 0.00354822318503091 0.00228320596841417 0.0036770399465376 0.00278852465476864 0.00260734109506884 0.00409676973446912 0.00138783482295674 0.00157783706528997 0.00142095321467464 0.00167114959397378 0.00181829896393786 0.00179095154154893 0.00112675883773424 0.00139349174587513 0.000644866433525394 0.00152972252198818 0.000732614692073671 0.000517657859414744
"PMZS" 0.00346550707375524 0.00284666925981223 0.00381605960110097 0.00834624685189657 0.00475639736199109 0.00200558365645207 0.0118087861923397 0.00824784690176282 0.00320713177268175 0.00221519685816045 0.0015011739899813 0.00320077823689938 0.00110070989614946 0.00102597441538553 0.00131053967750611 0.000257702359317195 0.000943026220484629 0.00244053698928869 0.00365016535099032 0.000158717477733223 0.00444962287684698 0.00555514107212626 0.00421797652614253 0.00475469692892865 0.00355971486387972 0.00421732563074421 0.00498800723085731 0.00243809729178328 0.00257180154641855 0.00332842636331838 0.00247027056273889 0.00163771513273477 0.00374131625987134 0.00234949180231463 0.00116926573968991 0.000532977424322095 0.00140653991945081 0.000814950216817727 0.00139367211758789
"PMZI" 0.00193436170899236 0.00159085775827999 0.00276220727893942 0.00475639736199109 0.00426520441649002 0.00155089817822165 0.00653125682872838 0.00538287307575127 0.00317954502871911 0.00151832985147646 0.00128794142526623 0.00203674531784754 0.000789008748146881 0.000795248004651388 0.00126351007201314 0.000411999864597555 0.000899521578315888 0.00201709578234031 0.00217084057283048 -0.000503502465047542 0.0021605872584515 0.00332549350585228 0.00292587442095488 0.0038518344872243 0.00179741945290757 0.00227039319407614 0.00393059439163319 0.00262933649263748 0.00179489921239198 0.00210404986620532 0.00168229038677504 0.00132231097494958 0.00247377003451239 0.00109713646656471 0.00220630723037732 -0.000103325477230749 0.00163168406339011 0.000892085048226339 0.00143844982123253
"PMMT" 0.00112589375335849 0.000884908295350998 0.00155828127087905 0.00200558365645207 0.00155089817822165 0.00160836810091402 0.00264738485375993 0.00223815744419823 0.00127401608085791 0.000553644317400552 0.00136869704193253 0.00205415387025199 0.000654027422480372 0.000883801084894339 0.00105751234783324 0.000527343450959855 0.000708848306088353 0.00119049217167279 0.00106280386289672 -0.00141773301523751 0.00129028531059634 0.00197301389127633 0.00136447023853125 0.00184619504990161 0.00220153882591855 0.00183545346090993 0.00143325204736742 0.00169259972239307 0.00101782251541029 0.00122662036050272 0.00109769214110852 0.00118093600587949 0.00129924368075034 0.000880304010946027 0.00183875671057375 0.000775206603340602 0.00127909925161118 0.00124077242418892 0.000887535966087808
"NSLNA" 0.00580045677841939 0.00240110388203624 0.00557944000567808 0.0118087861923397 0.00653125682872838 0.00264738485375993 0.0234531205956083 0.0142707249948526 0.00568684217736112 0.00249799632410771 0.00214725989440631 0.00587109760492814 0.000452695654316417 0.00159072678182876 0.00111650429084462 0.000548718750978908 0.00129133888241695 0.00457597937361192 0.0064439300355076 -0.00370321032501758 0.00744986623652428 0.00769901201520379 0.00724854606680049 0.00629989191077782 0.00337842653911361 0.00764550026412745 0.00640050813939098 0.00210944218249787 0.00408129708523315 0.0043631957353672 0.00340854142311988 0.0025873752523499 0.00547243987820655 0.00461015283296614 -0.000930043333976277 0.00296565453972883 0.00171771414511765 0.0018719405333575 0.00135650774041236
"NSLZS" 0.00423707316002738 0.000399246301234741 0.00377472661091391 0.00824784690176282 0.00538287307575127 0.00223815744419823 0.0142707249948526 0.0123375257321155 0.00526485174588026 0.00277599551302312 0.00207300448380801 0.00364738848600842 0.00156064726265511 0.00176811458489776 0.0013799205274826 9.26099702781195e-05 0.000739837564793353 0.00225181979890173 0.00367948480551102 0.000376169691161941 0.00197019233516989 0.00554325905349396 0.00449281389509967 0.00468768499036797 0.00241291818488268 0.00414353416336596 0.00462324400783929 0.00234635568348902 0.00303362070138782 0.00399014760067999 0.00258220436037321 0.001679945321548 0.00366344087592648 0.00243642763275058 0.001676809651327 0.000822998059976902 0.00168812402746167 0.00148118874334804 0.00200410346692823
"NSLZI" 0.00179275368466445 0.000340255040705285 0.0020283605581682 0.00320713177268175 0.00317954502871911 0.00127401608085791 0.00568684217736112 0.00526485174588026 0.00378766870753838 0.00131004350980101 0.00141607563667604 0.00170562462831923 0.00100266835485678 0.000824660238871874 0.00073738664075391 -0.000211182648413219 0.000288944623413293 0.00100293209884055 0.00131016013391079 -0.000771425005230459 0.000917153367949588 0.00231941383923704 0.00359277973465781 0.00262924759266445 0.000726650244567882 0.00212360872952997 0.00276972250594287 0.00122859290671476 0.00148264903510456 0.00179956496389895 0.0014660898014599 0.000769090913951161 0.0021580928540302 0.00137461114891243 0.00182249516282903 0.000259691273293913 0.00121722733468753 0.00151398562420128 0.000917182840688524
"NABR" 0.00155410253653828 2.41918306706601e-05 0.00105429102461742 0.00221519685816045 0.00151832985147646 0.000553644317400552 0.00249799632410771 0.00277599551302312 0.00131004350980101 0.00330606725397335 0.000743543387233436 0.000979290762848637 0.00190573242700513 0.00113625505064093 0.000928911440966585 0.000445921620720445 0.000408895474692892 0.000276867735301359 0.00124468305284339 0.00351075458018582 0.00166648039792754 0.00230926338645282 0.00122351146901389 0.00197737700860004 0.00106602049366298 0.00108141371090853 0.00200223683230719 0.000558922055135048 0.000907803592135735 0.00132692346131179 0.00103637491851009 0.000264215227649369 0.00159116983652642 0.000494638996920694 -0.000527278298619147 -0.000240786276109123 0.000565888337274819 0.00106416666379709 0.000150708737821142
"NAFM" 0.000482893870673553 0.000618162343901427 0.0014165130641448 0.0015011739899813 0.00128794142526623 0.00136869704193253 0.00214725989440631 0.00207300448380801 0.00141607563667604 0.000743543387233436 0.00272403050768915 0.0024622753444153 0.000617227000512058 0.00126882816879501 0.000909132028286783 0.000897566177760537 0.000890211910986388 0.00125635014305054 0.00156155522977547 0.00268215992869488 0.00235450592430506 0.00220030622501019 0.00134808693787374 0.00175782306014123 0.00254995215696389 0.00182692978466882 0.00210355418284068 0.00154622930744952 0.00118514044470813 0.0013954133272529 0.00133164784475051 0.00137684317155659 0.00167554997220225 0.0016538379783768 0.00209100627530566 0.00209042530716255 0.00138042666081641 0.00201167339092343 0.000703038543395339
"NAPNS" 0.00223576497890529 0.00192195728877388 0.00294291622829506 0.00320077823689938 0.00203674531784754 0.00205415387025199 0.00587109760492814 0.00364738848600842 0.00170562462831923 0.000979290762848637 0.0024622753444153 0.00480268952896117 0.000697748612876115 0.00154305406476639 0.0019760270573863 0.00127893740485666 0.00121140885627091 0.00236452493027764 0.0024429083510286 -0.0014549979648593 0.00265100350243175 0.00414132449749076 0.00222469656184343 0.00338092825121414 0.00318573762278417 0.00308928672462112 0.00291995576779832 0.00173506589278047 0.00160211726182587 0.000941509808447892 0.00196049400038842 0.00240556401983233 0.00150991842426885 0.00249688170782567 0.00133274886937067 0.00261676901264465 0.0018575536508231 0.00218983120073803 0.001390466902634
"BRPT" -0.000196328024701814 -0.000508145095984753 0.000851184037008072 0.00110070989614946 0.000789008748146881 0.000654027422480372 0.000452695654316417 0.00156064726265511 0.00100266835485678 0.00190573242700513 0.000617227000512058 0.000697748612876115 0.00446631588955057 0.00160531310672312 -0.00152025716948658 -0.00160572811468174 -0.00038925134204674 -0.00105366399557221 -0.00254906554163089 -0.00868644779670178 -2.66396998016865e-05 0.00153986042250024 0.00114615013053183 0.00134133551265481 0.00108630183478053 -0.000100383708965842 0.00169760531507365 -0.000891607768718591 0.000234891299022663 0.00101142760635551 0.00115273564124878 -9.32636014522683e-06 -0.000700008802108141 0.00102967425777158 0.00163100412353676 0.000763198168382568 0.000670960653170057 -0.000581530673559842 -0.000677907628275175
"BRAPET" -0.000144779881658866 -0.000355234473012211 0.000747437271985091 0.00102597441538553 0.000795248004651388 0.000883801084894339 0.00159072678182876 0.00176811458489776 0.000824660238871874 0.00113625505064093 0.00126882816879501 0.00154305406476639 0.00160531310672312 0.00189534703115797 -9.67368484736536e-05 0.000655406700079431 0.000672594468574169 0.00058020552524626 0.000305386231614131 0.0004099909650093 0.00121232673664187 0.00155680282902152 0.000856367982694618 0.000961001773058504 0.00138870177032482 0.000455652611345525 0.00103577551479484 -9.32915565944993e-05 0.00122076419186819 0.00121699107201205 0.000914756955583239 0.000841601716195838 -8.3021156378297e-05 0.00126999448997004 0.00108888254696862 0.00213898553070739 0.000750582662569064 0.00144783352360151 0.000684334367325904
"PTFM" 0.00156526905591464 0.00129376761540287 0.0010402448924275 0.00131053967750611 0.00126351007201314 0.00105751234783324 0.00111650429084462 0.0013799205274826 0.00073738664075391 0.000928911440966585 0.000909132028286783 0.0019760270573863 -0.00152025716948658 -9.67368484736536e-05 0.00647683944905816 0.00167934990942879 0.000404967530253833 7.00100828016331e-05 0.00288932655842722 0.0107836884047773 3.01866664025069e-06 0.00197395555168257 0.000307028002298072 0.00225814685049548 0.00172957681328509 0.00180868232501055 0.000631595020997175 0.00357461872184729 0.000123046385984185 0.000524852388765341 0.000506000692448199 0.0029290424228922 0.00177625834324308 0.000138938206031717 0.000984781200534696 -0.000659507850546191 0.000303763786154799 0.00217228188030743 0.00217776646229984
"PTAPET" 0.00033951393367306 0.00041476058251557 0.000393230961546372 0.000257702359317195 0.000411999864597555 0.000527343450959855 0.000548718750978908 9.26099702781195e-05 -0.000211182648413219 0.000445921620720445 0.000897566177760537 0.00127893740485666 -0.00160572811468174 0.000655406700079431 0.00167934990942879 0.00347254168258358 0.00186155457569011 0.00293107877461329 0.00365287916683733 0.0107521361063872 0.00179914788010758 0.000967823617675639 -0.000298567986532848 0.000579132106385709 0.000717880896387185 0.00118115907821463 -9.13901480208801e-05 0.00181955755610152 0.00060934030512081 0.000498494066125063 -9.97493069492954e-06 0.00171708250450673 0.00107650955124304 -0.000309522532024387 0.000194477364295069 -0.000151212059093631 0.00115866611008274 0.00210876584184354 0.00195871064690014
"PTBA" 0.000491297484789485 0.000656143656233674 0.000907565415724218 0.000943026220484629 0.000899521578315888 0.000708848306088353 0.00129133888241695 0.000739837564793353 0.000288944623413293 0.000408895474692892 0.000890211910986388 0.00121140885627091 -0.00038925134204674 0.000672594468574169 0.000404967530253833 0.00186155457569011 0.00191615338585354 0.00251694971557627 0.0024381060536224 0.00398405463750175 0.0022103224284327 0.00136863367648077 0.00018294928757876 0.00111176083144197 0.00213946770472507 0.00135453548015604 0.00114337907231181 0.00256405476981883 0.00190087050956012 0.000967379502698479 0.000783740505117142 0.00121264047686999 0.00142195255686344 -0.000269146733330494 0.00142753523840875 -2.7165705493661e-05 0.00159286344816804 0.000854271691732548 0.000778711121525818
"PTEAM" 0.00138786210099362 0.0017490109467646 0.00187044410200575 0.00244053698928869 0.00201709578234031 0.00119049217167279 0.00457597937361192 0.00225181979890173 0.00100293209884055 0.000276867735301359 0.00125635014305054 0.00236452493027764 -0.00105366399557221 0.00058020552524626 7.00100828016331e-05 0.00293107877461329 0.00251694971557627 0.00585149848677479 0.00460066353408247 -0.000378414265723839 0.00341192258386133 0.00293952459635954 0.000804163679980384 0.00302455635819408 0.00230810896669785 0.00348163416474503 0.00236733028134339 0.00393575936006505 0.00121104513615846 0.000890462913338399 0.00126831739857065 0.0021391004380237 0.00272649319854043 0.000286147432652073 0.00121763286558146 -0.000397772318705114 0.00293780805550827 0.000950721198848955 0.00197999946925839
"PTZYGO" 0.00278711794006693 0.00166205469009587 0.00165215570446103 0.00365016535099032 0.00217084057283048 0.00106280386289672 0.0064439300355076 0.00367948480551102 0.00131016013391079 0.00124468305284339 0.00156155522977547 0.0024429083510286 -0.00254906554163089 0.000305386231614131 0.00288932655842722 0.00365287916683733 0.0024381060536224 0.00460066353408247 0.00793947041978434 0.0141955281909911 0.00393895656880653 0.00336980333108436 0.00136833813711177 0.00264845102660792 0.0029872708024449 0.00446079506336164 0.00251359762616965 0.0040279673769023 0.00215364576252474 0.00245973569356004 0.00158373198859608 0.00233032272883158 0.00576443299622835 0.000734122748543656 -0.000172339719311744 2.47919580024358e-05 0.001746235604764 0.00259733951423374 0.00144205018530364
"PTTSP" 0.000398713374893786 -0.00196861042909463 -0.00313696966912098 0.000158717477733223 -0.000503502465047542 -0.00141773301523751 -0.00370321032501758 0.000376169691161941 -0.000771425005230459 0.00351075458018582 0.00268215992869488 -0.0014549979648593 -0.00868644779670178 0.0004099909650093 0.0107836884047773 0.0107521361063872 0.00398405463750175 -0.000378414265723839 0.0141955281909911 0.120330840153017 0.00274928808637048 -0.00130256671729151 -0.00131963808979049 -0.00517800082034369 0.00256856973368814 -0.00359041009684957 -0.00151946517672855 0.00572354689190215 0.00503134226212634 0.0088627911496466 -0.00173321238947915 0.0031305457378194 0.0070830500557368 -0.00357367357487128 0.00137694204652836 -0.00332255140601001 -0.00239318897863341 0.00980061103543483 0.00329953548704246
"FMZS" 0.00147946285726953 0.0021999391126207 0.00282176864137806 0.00444962287684698 0.0021605872584515 0.00129028531059634 0.00744986623652428 0.00197019233516989 0.000917153367949588 0.00166648039792754 0.00235450592430506 0.00265100350243175 -2.66396998016865e-05 0.00121232673664187 3.01866664025069e-06 0.00179914788010758 0.0022103224284327 0.00341192258386133 0.00393895656880653 0.00274928808637048 0.0116724388682422 0.00477435768517517 0.00364001791222562 0.00350018415096743 0.00446929573542401 0.00410096519037214 0.00409158820203801 0.00218487556021648 0.00323791927642404 0.00140249693550559 0.00168448803931176 0.00210803654559475 0.00355355104046026 0.00240503308331998 -0.000649039801608335 0.00250599889646379 0.00135798217932083 0.00224392359392108 -0.000577261067374938
"FMMT" 0.00345266652300706 0.00295317452898537 0.00354822318503091 0.00555514107212626 0.00332549350585228 0.00197301389127633 0.00769901201520379 0.00554325905349396 0.00231941383923704 0.00230926338645282 0.00220030622501019 0.00414132449749076 0.00153986042250024 0.00155680282902152 0.00197395555168257 0.000967823617675639 0.00136863367648077 0.00293952459635954 0.00336980333108436 -0.00130256671729151 0.00477435768517517 0.00690591162528793 0.00284462768835479 0.00574868023826308 0.00401863132636776 0.00376386960397354 0.0051653391416333 0.00282339679708686 0.00212493132317958 0.00143102481667591 0.00272921313605544 0.00239246242750018 0.00283913228099006 0.00290159996387931 0.0010744591471043 0.00238292328333264 0.0021833467062768 0.00217203248722798 0.00118365582230537
"ZSZI" 0.00155077607471353 0.000576971288599022 0.00228320596841417 0.00421797652614253 0.00292587442095488 0.00136447023853125 0.00724854606680049 0.00449281389509967 0.00359277973465781 0.00122351146901389 0.00134808693787374 0.00222469656184343 0.00114615013053183 0.000856367982694618 0.000307028002298072 -0.000298567986532848 0.00018294928757876 0.000804163679980384 0.00136833813711177 -0.00131963808979049 0.00364001791222562 0.00284462768835479 0.00620742506390349 0.00195369397697759 0.000717150944502977 0.00270605068731372 0.00243195925740903 -0.000848441568907079 0.00185281398780575 0.00106129335936075 0.00150402295473926 0.000334679570586377 0.00193580390259546 0.00323431851546447 0.000462874560764129 0.00126036577777501 0.000603025019542486 0.00233042212248397 0.00092975457755599
"ZIMT" 0.00353339583894995 0.00366189469593582 0.0036770399465376 0.00475469692892865 0.0038518344872243 0.00184619504990161 0.00629989191077782 0.00468768499036797 0.00262924759266445 0.00197737700860004 0.00175782306014123 0.00338092825121414 0.00134133551265481 0.000961001773058504 0.00225814685049548 0.000579132106385709 0.00111176083144197 0.00302455635819408 0.00264845102660792 -0.00517800082034369 0.00350018415096743 0.00574868023826308 0.00195369397697759 0.00718646891728504 0.0036703007330884 0.00365836489216554 0.00548157585667402 0.00413800253471512 0.00114856571232741 0.0017406029080054 0.00255668765058496 0.00275502716477853 0.00298381209230113 0.001251582493926 0.00226570543769309 0.000536109194667413 0.00246105973040539 0.000817924420851918 0.00104811071160608
"ZIZYGO" 0.00212655817391529 0.00274062298783858 0.00278852465476864 0.00355971486387972 0.00179741945290757 0.00220153882591855 0.00337842653911361 0.00241291818488268 0.000726650244567882 0.00106602049366298 0.00254995215696389 0.00318573762278417 0.00108630183478053 0.00138870177032482 0.00172957681328509 0.000717880896387185 0.00213946770472507 0.00230810896669785 0.0029872708024449 0.00256856973368814 0.00446929573542401 0.00401863132636776 0.000717150944502977 0.0036703007330884 0.0095348598891031 0.00345203309915571 0.00389633500346928 0.00561273848688386 0.00363514165823185 0.00333179276615662 0.00286208827303234 0.00167865193560306 0.00412215035757189 0.00101252239814316 0.00346217498744333 0.00202193113736695 0.00230716318424587 0.000785501114566828 -0.000166611477223747
"ZITSP" 0.00269290469863202 0.00224808505239505 0.00260734109506884 0.00421732563074421 0.00227039319407614 0.00183545346090993 0.00764550026412745 0.00414353416336596 0.00212360872952997 0.00108141371090853 0.00182692978466882 0.00308928672462112 -0.000100383708965842 0.000455652611345525 0.00180868232501055 0.00118115907821463 0.00135453548015604 0.00348163416474503 0.00446079506336164 -0.00359041009684957 0.00410096519037214 0.00376386960397354 0.00270605068731372 0.00365836489216554 0.00345203309915571 0.00655517809102433 0.00313083713715112 0.00348809897126377 0.00152763652662316 0.00218163737858392 0.00206049293806235 0.00264730666439862 0.00513540011205916 0.00124679735623439 0.00152961046182043 0.000403335014897578 0.00230386929190059 0.00195222168763642 0.000177877291737721
"MTPNS" 0.0028090165723962 0.00300439225824316 0.00409676973446912 0.00498800723085731 0.00393059439163319 0.00143325204736742 0.00640050813939098 0.00462324400783929 0.00276972250594287 0.00200223683230719 0.00210355418284068 0.00291995576779832 0.00169760531507365 0.00103577551479484 0.000631595020997175 -9.13901480208801e-05 0.00114337907231181 0.00236733028134339 0.00251359762616965 -0.00151946517672855 0.00409158820203801 0.0051653391416333 0.00243195925740903 0.00548157585667402 0.00389633500346928 0.00313083713715112 0.00789816068275268 0.00219797736823665 0.0022381360075106 0.00267618967539388 0.00314324856416275 0.00222036992365829 0.00353522658774535 0.00175501950175297 0.00232868020676301 0.00183769220640206 0.00231272861474254 0.000812888545803548 -0.000943811307955801
"PNSAPET" 0.00154364649143744 0.00265848183008978 0.00138783482295674 0.00243809729178328 0.00262933649263748 0.00169259972239307 0.00210944218249787 0.00234635568348902 0.00122859290671476 0.000558922055135048 0.00154622930744952 0.00173506589278047 -0.000891607768718591 -9.32915565944993e-05 0.00357461872184729 0.00181955755610152 0.00256405476981883 0.00393575936006505 0.0040279673769023 0.00572354689190215 0.00218487556021648 0.00282339679708686 -0.000848441568907079 0.00413800253471512 0.00561273848688386 0.00348809897126377 0.00219797736823665 0.0119823377877547 0.00193672975150864 0.00256745353432686 0.0012814897674791 0.00332726207359858 0.0042328270667386 -0.00204165715758355 0.00487032816186301 -0.00242317899280812 0.00322022218935856 -4.54652458041872e-05 0.000853283278980872
"APETBA" 0.00128406093512172 0.000139811429872266 0.00157783706528997 0.00257180154641855 0.00179489921239198 0.00101782251541029 0.00408129708523315 0.00303362070138782 0.00148264903510456 0.000907803592135735 0.00118514044470813 0.00160211726182587 0.000234891299022663 0.00122076419186819 0.000123046385984185 0.00060934030512081 0.00190087050956012 0.00121104513615846 0.00215364576252474 0.00503134226212634 0.00323791927642404 0.00212493132317958 0.00185281398780575 0.00114856571232741 0.00363514165823185 0.00152763652662316 0.0022381360075106 0.00193672975150864 0.00499352609019195 0.00240359482542667 0.00169983029498059 0.000468339262531748 0.00233492560600438 0.000959857101461897 0.00172113958152491 0.00122594599777901 0.00111729434875289 0.00125383771045185 -1.10165516721187e-05
"APETTS" 0.00144697002949075 0.000764860646061484 0.00142095321467464 0.00332842636331838 0.00210404986620532 0.00122662036050272 0.0043631957353672 0.00399014760067999 0.00179956496389895 0.00132692346131179 0.0013954133272529 0.000941509808447892 0.00101142760635551 0.00121699107201205 0.000524852388765341 0.000498494066125063 0.000967379502698479 0.000890462913338399 0.00245973569356004 0.0088627911496466 0.00140249693550559 0.00143102481667591 0.00106129335936075 0.0017406029080054 0.00333179276615662 0.00218163737858392 0.00267618967539388 0.00256745353432686 0.00240359482542667 0.00566669746358575 0.00168162377098586 0.00179518584443574 0.00374676877499366 -0.000552564781590588 0.0028721111129243 -5.67993060104113e-05 0.00106146313887665 0.000445517459832872 -0.000158592073680512
"BAEAM" 0.00136126689808233 0.00104410600149299 0.00167114959397378 0.00247027056273889 0.00168229038677504 0.00109769214110852 0.00340854142311988 0.00258220436037321 0.0014660898014599 0.00103637491851009 0.00133164784475051 0.00196049400038842 0.00115273564124878 0.000914756955583239 0.000506000692448199 -9.97493069492954e-06 0.000783740505117142 0.00126831739857065 0.00158373198859608 -0.00173321238947915 0.00168448803931176 0.00272921313605544 0.00150402295473926 0.00255668765058496 0.00286208827303234 0.00206049293806235 0.00314324856416275 0.0012814897674791 0.00169983029498059 0.00168162377098586 0.00234224232370782 0.000925299263148164 0.00213675804493292 0.00135939998700872 0.00130483335430425 0.00131381614863133 0.00134237474049545 0.000928741853063174 -5.0086166786919e-06
"EAMZYGO" 3.84273452293181e-05 0.00108226050639451 0.00181829896393786 0.00163771513273477 0.00132231097494958 0.00118093600587949 0.0025873752523499 0.001679945321548 0.000769090913951161 0.000264215227649369 0.00137684317155659 0.00240556401983233 -9.32636014522683e-06 0.000841601716195838 0.0029290424228922 0.00171708250450673 0.00121264047686999 0.0021391004380237 0.00233032272883158 0.0031305457378194 0.00210803654559475 0.00239246242750018 0.000334679570586377 0.00275502716477853 0.00167865193560306 0.00264730666439862 0.00222036992365829 0.00332726207359858 0.000468339262531748 0.00179518584443574 0.000925299263148164 0.00543714815634406 0.00171970575278571 -0.00059287686671647 0.00267778570530738 -0.000235841838852585 0.00179965055971193 0.00120263090740951 0.00110765938672648
"ZYGOTSP" 0.0027265116121842 0.00158765138593532 0.00179095154154893 0.00374131625987134 0.00247377003451239 0.00129924368075034 0.00547243987820655 0.00366344087592648 0.0021580928540302 0.00159116983652642 0.00167554997220225 0.00150991842426885 -0.000700008802108141 -8.3021156378297e-05 0.00177625834324308 0.00107650955124304 0.00142195255686344 0.00272649319854043 0.00576443299622835 0.0070830500557368 0.00355355104046026 0.00283913228099006 0.00193580390259546 0.00298381209230113 0.00412215035757189 0.00513540011205916 0.00353522658774535 0.0042328270667386 0.00233492560600438 0.00374676877499366 0.00213675804493292 0.00171970575278571 0.00799014757252266 0.000232327808423885 0.0016339773739546 -0.000689334302182031 0.00165370136605984 0.00140606270368661 -0.00112025080030831
"LDAS" 0.000262092166034996 2.64637219784915e-05 0.00112675883773424 0.00234949180231463 0.00109713646656471 0.000880304010946027 0.00461015283296614 0.00243642763275058 0.00137461114891243 0.000494638996920694 0.0016538379783768 0.00249688170782567 0.00102967425777158 0.00126999448997004 0.000138938206031717 -0.000309522532024387 -0.000269146733330494 0.000286147432652073 0.000734122748543656 -0.00357367357487128 0.00240503308331998 0.00290159996387931 0.00323431851546447 0.001251582493926 0.00101252239814316 0.00124679735623439 0.00175501950175297 -0.00204165715758355 0.000959857101461897 -0.000552564781590588 0.00135939998700872 -0.00059287686671647 0.000232327808423885 0.00570506782109154 -0.000855797661689308 0.00497853757943788 -0.000235128982358734 0.00203094152010748 0.00077720202591714
"BRLD" -0.000943889402818448 0.0010241609265119 0.00139349174587513 0.00116926573968991 0.00220630723037732 0.00183875671057375 -0.000930043333976277 0.001676809651327 0.00182249516282903 -0.000527278298619147 0.00209100627530566 0.00133274886937067 0.00163100412353676 0.00108888254696862 0.000984781200534696 0.000194477364295069 0.00142753523840875 0.00121763286558146 -0.000172339719311744 0.00137694204652836 -0.000649039801608335 0.0010744591471043 0.000462874560764129 0.00226570543769309 0.00346217498744333 0.00152961046182043 0.00232868020676301 0.00487032816186301 0.00172113958152491 0.0028721111129243 0.00130483335430425 0.00267778570530738 0.0016339773739546 -0.000855797661689308 0.00985085857894527 -0.0014638777091839 0.00293259647282211 -0.000426456294317921 0.00122315586916691
"OPILD" -0.000526959072194238 -0.000196161417252542 0.000644866433525394 0.000532977424322095 -0.000103325477230749 0.000775206603340602 0.00296565453972883 0.000822998059976902 0.000259691273293913 -0.000240786276109123 0.00209042530716255 0.00261676901264465 0.000763198168382568 0.00213898553070739 -0.000659507850546191 -0.000151212059093631 -2.7165705493661e-05 -0.000397772318705114 2.47919580024358e-05 -0.00332255140601001 0.00250599889646379 0.00238292328333264 0.00126036577777501 0.000536109194667413 0.00202193113736695 0.000403335014897578 0.00183769220640206 -0.00242317899280812 0.00122594599777901 -5.67993060104113e-05 0.00131381614863133 -0.000235841838852585 -0.000689334302182031 0.00497853757943788 -0.0014638777091839 0.0096821130276028 -0.000290475264571167 0.00367636371622355 -0.00144538090472561
"PTAS" 0.000516553770185692 0.00106213416066314 0.00152972252198818 0.00140653991945081 0.00163168406339011 0.00127909925161118 0.00171771414511765 0.00168812402746167 0.00121722733468753 0.000565888337274819 0.00138042666081641 0.0018575536508231 0.000670960653170057 0.000750582662569064 0.000303763786154799 0.00115866611008274 0.00159286344816804 0.00293780805550827 0.001746235604764 -0.00239318897863341 0.00135798217932083 0.0021833467062768 0.000603025019542486 0.00246105973040539 0.00230716318424587 0.00230386929190059 0.00231272861474254 0.00322022218935856 0.00111729434875289 0.00106146313887665 0.00134237474049545 0.00179965055971193 0.00165370136605984 -0.000235128982358734 0.00293259647282211 -0.000290475264571167 0.0028118162183327 0.000918912359070429 0.00104499077002833
"JPAS" 0.000607672652532013 -0.00049644466906928 0.000732614692073671 0.000814950216817727 0.000892085048226339 0.00124077242418892 0.0018719405333575 0.00148118874334804 0.00151398562420128 0.00106416666379709 0.00201167339092343 0.00218983120073803 -0.000581530673559842 0.00144783352360151 0.00217228188030743 0.00210876584184354 0.000854271691732548 0.000950721198848955 0.00259733951423374 0.00980061103543483 0.00224392359392108 0.00217203248722798 0.00233042212248397 0.000817924420851918 0.000785501114566828 0.00195222168763642 0.000812888545803548 -4.54652458041872e-05 0.00125383771045185 0.000445517459832872 0.000928741853063174 0.00120263090740951 0.00140606270368661 0.00203094152010748 -0.000426456294317921 0.00367636371622355 0.000918912359070429 0.00648555132143495 0.000947600116679801
"BAOPI" -0.000199261066374461 0.000590323937499387 0.000517657859414744 0.00139367211758789 0.00143844982123253 0.000887535966087808 0.00135650774041236 0.00200410346692823 0.000917182840688524 0.000150708737821142 0.000703038543395339 0.001390466902634 -0.000677907628275175 0.000684334367325904 0.00217776646229984 0.00195871064690014 0.000778711121525818 0.00197999946925839 0.00144205018530364 0.00329953548704246 -0.000577261067374938 0.00118365582230537 0.00092975457755599 0.00104811071160608 -0.000166611477223747 0.000177877291737721 -0.000943811307955801 0.000853283278980872 -1.10165516721187e-05 -0.000158592073680512 -5.0086166786919e-06 0.00110765938672648 -0.00112025080030831 0.00077720202591714 0.00122315586916691 -0.00144538090472561 0.00104499077002833 0.000947600116679801 0.00610845867217792
