"" "ISPM" "ISNSL" "ISPNS" "PMZS" "PMZI" "PMMT" "NSLNA" "NSLZS" "NSLZI" "NABR" "NAFM" "NAPNS" "BRPT" "BRAPET" "PTFM" "PTAPET" "PTBA" "PTEAM" "PTZYGO" "PTTSP" "FMZS" "FMMT" "ZSZI" "ZIMT" "ZIZYGO" "ZITSP" "MTPNS" "PNSAPET" "APETBA" "APETTS" "BAEAM" "EAMZYGO" "ZYGOTSP" "LDAS" "BRLD" "OPILD" "PTAS" "JPAS" "BAOPI"
"ISPM" 0.00373088058132033 0.000156685150620389 0.00105797904286876 -0.00238549382621106 -0.000527029969649695 0.000463018301796032 0.000758629800433649 0.00181128950463616 0.000215332592850071 0.00046082327060586 0.00200297588312559 -0.000159077289497089 0.00162961976541007 0.00130784964388535 -0.000983225735695738 0.0021579775767933 0.00137800358023163 0.00213731748444603 0.00296438779039698 0.00783517488655991 0.000673411876334244 0.0013154419108642 -0.000908593339194327 0.000579979890085009 0.00246871696667959 0.00162787163567683 0.00568018781805782 0.0045458300545262 -0.00154666403573435 0.00075933844139305 0.000676040974340251 0.000339245275691617 0.00159699469330619 0.00182032979466025 0.00012713966709328 0.000965957871215491 0.000416146557235774 -0.000476738903181551 -9.57535019363246e-05
"ISNSL" 0.000156685150620389 0.00291067627728468 0.000903730513661444 0.00232433938548099 0.00109036983558286 0.000192821625593402 -0.00260882893211971 0.00182548346050454 0.000120812430309403 0.000293597765662944 0.000911835009181691 0.000384006202713215 5.71552349510379e-05 0.000747213974371212 0.00111836179332663 0.00118011658605314 0.000779620092922189 0.000486711347451377 0.00151917218160428 0.00623332532545855 -0.00167167761577673 0.000977185538662412 -0.000805684488252231 0.000130035498293848 0.00047925551043509 -0.000938844657157836 0.00257804907390327 0.00228207438215766 0.000644381440367101 -0.000160808917633405 0.000523476953414362 -0.000153882350511575 -0.00142467278551037 0.00062288863168795 -0.002495632365821 0.00199768011287217 0.000599011262821528 0.00145825297495087 -0.00225720969715774
"ISPNS" 0.00105797904286876 0.000903730513661444 0.0033676140175165 0.00112949790906 0.00101777627952516 0.000675303874128987 -0.000127422629347989 0.00336226559597858 0.00183383734575434 0.000966374415838251 0.00179226753302464 0.00413888288363031 0.000889954285549629 0.00114620101766655 0.00201588531922397 0.000656876613529651 0.000716187114413255 -0.000431755825773183 0.000823191615436845 0.00280751956252681 -1.26720420765565e-05 0.00194374151692294 0.00160534725764803 0.000498579951827343 0.0016900730270297 0.000426075803903935 0.0026063327461473 -0.00387957072639001 0.00225869902902769 0.00257487823196934 0.00123623943698091 0.00252098396807569 -7.65137155958696e-05 0.000657869807179171 -0.000225375158212076 0.000107346599237975 -0.000572576475058877 5.26653437914031e-05 0.000986012268143281
"PMZS" -0.00238549382621106 0.00232433938548099 0.00112949790906 0.00741244787683727 0.00228099876103059 0.00110203728680637 -0.00167642288779181 0.00347364264334877 0.00154907836024598 0.00115265707896061 0.000662355761440492 0.0021097983213948 -0.000979967179142901 0.000658139491555832 0.00673402399014138 0.000667770928447896 0.000500646822574899 -0.00100248033854115 0.000307363882099557 0.000527163057970732 -0.00421382255229907 0.0010467942149938 0.00231814762652128 0.000966763837615171 0.00310206990546137 0.000943678465210953 -0.000405825827590864 0.000681970983442166 0.00315824007884329 -0.000938095678437734 0.00124314730978755 0.00111954621623953 -0.00133389026243604 -0.00250241888256653 -0.000947041046272288 0.0009253925438473 0.000617712872622085 0.00186567645618938 -0.00444601541418737
"PMZI" -0.000527029969649695 0.00109036983558286 0.00101777627952516 0.00228099876103059 0.00113212093968757 0.000347025567002792 -0.000879856146633733 0.000970983445503031 0.000719764180463261 0.000472257226325806 0.000328708151033672 0.00130434443294397 -0.000319973556775946 0.000470862264263632 0.00164399698938551 0.000366573443101831 0.00032660240965076 -0.000171431299074288 0.000346390280067854 0.000101244368370256 -0.000778587760035797 0.000586199093834983 0.0011162993801325 -0.000226953213489984 0.000885344141162298 -0.000356995772903004 0.000710825564247739 -0.000624752427252995 0.00131167771581796 0.000799047933550672 0.000482359301582854 5.71208292370036e-05 -0.000701512702328977 -3.87347643355095e-05 -0.000810969509838198 0.000908555702935369 6.94521354604349e-05 0.000568879294236851 -0.00108749153739447
"PMMT" 0.000463018301796032 0.000192821625593402 0.000675303874128987 0.00110203728680637 0.000347025567002792 0.00138028568446629 0.00344096085876795 0.000488630674730094 0.000740768280578423 0.00045113126389909 0.00106078512058152 0.000330392464569615 0.000401679734255098 0.000444754825761548 0.00263009278692361 0.000653450590435216 -2.72691538083327e-05 -0.000414465862898653 0.00104980896130691 0.000157967929728457 0.000811673467273002 0.000496589601885002 0.00240418029994515 -0.000713427208132542 0.00488053816718038 0.00200196902401739 0.00300447142094417 0.0026757594361434 -0.000116421030560156 0.00187310079079097 0.000473277019830034 -0.000775509382489605 0.000572961969388492 -0.00128253989493209 -0.000614667778927697 0.000164073880480346 -0.000417195633413087 0.000754445198597777 -0.00242360704705944
"NSLNA" 0.000758629800433649 -0.00260882893211971 -0.000127422629347989 -0.00167642288779181 -0.000879856146633733 0.00344096085876795 0.0191391739276152 -0.00421020475333898 0.000839253944894051 0.000411582292983451 0.00128360409531763 -0.000351591678208281 0.00180202224132038 0.000563888196778331 0.00497787969515661 0.000965947680546138 -0.000857476683991253 -0.00179945631392364 0.00121788350437621 -0.00464773218005442 0.00929948515710028 0.000552236777018623 0.00748058073036157 -0.00440129515173855 0.0183905240456933 0.00619779013774529 0.00865635875018189 0.0057369879030176 -0.00166560319733783 0.00866038012976893 0.00123189551415601 -0.00781916044295067 0.000107140173455612 -0.00313057824874487 -0.00228789186848925 -0.0012566947850464 -0.00224090784675345 0.000403815469292146 -0.0016104295186079
"NSLZS" 0.00181128950463616 0.00182548346050454 0.00336226559597858 0.00347364264334877 0.000970983445503031 0.000488630674730094 -0.00421020475333898 0.00795904633281143 0.00206948639129068 0.00157975016741718 0.00289510357210287 0.00421889150992126 0.00130519179548533 0.00177849773055506 0.00451731404250769 0.00196892166144794 0.00196637403030306 0.000755462425856561 0.00199826964660575 0.0104441835350117 -0.0050154020338067 0.00294930314654141 -0.000956150943725961 0.00401080892584948 0.000631010946134616 0.0019588880611714 0.00214647088825459 -0.000900699335748856 0.0028398881922093 -0.00197825193020729 0.00206439824053035 0.00605999651864455 0.000671208607808306 8.35790457320874e-05 0.00131073621284128 -0.000180271472992806 0.000886292173532526 0.000227409835607887 -0.000345887092932868
"NSLZI" 0.000215332592850071 0.000120812430309403 0.00183383734575434 0.00154907836024598 0.000719764180463261 0.000740768280578423 0.000839253944894051 0.00206948639129068 0.00138372094470648 0.000729817001591171 0.00109523611321244 0.0024827737220048 0.000330356125795705 0.000571627585716846 0.00241722967489763 0.000262876951110231 0.000235336791156493 -0.000604985281436959 0.000388665828948284 -5.70135588540214e-05 -0.000345200077368699 0.000963723107303449 0.00199672351252563 0.000270266390099651 0.0021339796525937 0.00105514597504523 0.00118763461495367 -0.0019189908978883 0.00146610364193311 0.00143683704074298 0.000809173702605597 0.00157148302004568 0.000348322336878897 -0.000555094521280655 0.000284459614882809 -1.79285146456558e-05 -0.00035084782454835 0.000190228869094578 -0.000618254378049104
"NABR" 0.00046082327060586 0.000293597765662944 0.000966374415838251 0.00115265707896061 0.000472257226325806 0.00045113126389909 0.000411582292983451 0.00157975016741718 0.000729817001591171 0.000572620687267915 0.000765072535488177 0.00121111694282402 0.000337281927198664 0.000674899736418071 0.00174421499141673 0.000764436237000148 0.000605873009897527 0.00024386711800734 0.00071063996145904 0.00177962866756602 -0.000479080217808356 0.000899161564290492 0.000699462423358323 0.000483550395992366 0.0019722160473004 0.000895890855123608 0.00146396213920014 0.000277665421348146 0.00083982339314868 0.000513542899028968 0.000736306360723642 0.000530593776114545 6.27393284604969e-05 -3.24637251398562e-05 0.000125785646719252 9.67416487488329e-05 0.000103682261362271 -3.29530537670778e-06 -0.000172179873747686
"NAFM" 0.00200297588312559 0.000911835009181691 0.00179226753302464 0.000662355761440492 0.000328708151033672 0.00106078512058152 0.00128360409531763 0.00289510357210287 0.00109523611321244 0.000765072535488177 0.00227913948599341 0.00139728111147717 0.00116461375441105 0.00107321562653165 0.00208624258533946 0.00150662378806097 0.000808921492603059 0.000426502218469156 0.00234489039238477 0.00579288238629619 -0.000416641265965546 0.00140288706422726 0.00110209657969747 0.000438945238295116 0.00388226293149993 0.00196017605349309 0.00470150719695619 0.00257450907048552 1.37971559809677e-05 0.00118290137507924 0.0010216418220365 0.00121180610118228 0.000894412988431807 -6.78607595114112e-05 -0.000640431479150297 0.00115029620902153 0.000109594022399865 0.000734274614892199 -0.0025153011531857
"NAPNS" -0.000159077289497089 0.000384006202713215 0.00413888288363031 0.0021097983213948 0.00130434443294397 0.000330392464569615 -0.000351591678208281 0.00421889150992126 0.0024827737220048 0.00121111694282402 0.00139728111147717 0.00633074180063749 0.000709485188590921 0.00105008909630321 0.00310500936346622 -0.000108244753629797 0.000614732839339918 -0.00138845019808035 -0.000635088388283042 0.000441205466398623 -0.000334956294569424 0.00229851854466686 0.00205210689825132 0.0011796168939737 0.000836260130150681 9.45385567225809e-05 9.58243179568451e-05 -0.00894962449606107 0.0042370464485809 0.00269693182009508 0.00167871124406036 0.00390010375470715 -0.000839485341552629 0.000380623765003874 0.0006059602684279 -0.00104738787174553 -0.000868207367059429 -0.000502475762006949 0.00330582145408336
"BRPT" 0.00162961976541007 5.71552349510379e-05 0.000889954285549629 -0.000979967179142901 -0.000319973556775946 0.000401679734255098 0.00180202224132038 0.00130519179548533 0.000330356125795705 0.000337281927198664 0.00116461375441105 0.000709485188590921 0.00111426826870488 0.000751254598494058 0.000482393372030065 0.00104616430070671 0.000684510724940927 0.000585023994524884 0.00120723755519216 0.00436732661175564 0.000852286387832248 0.00106606266386678 -0.000153387330003858 0.000432586772790233 0.00261605158905859 0.00126225388745953 0.00303428181973714 0.00124411385112683 -0.000179973820381047 0.000972123011827046 0.0007062982446178 0.000163858771805916 0.000293581527841938 0.000581670874190171 -0.000139102227855832 -0.000155334390478448 -5.38001237863257e-05 -0.000250195526059169 0.000805419326372832
"BRAPET" 0.00130784964388535 0.000747213974371212 0.00114620101766655 0.000658139491555832 0.000470862264263632 0.000444754825761548 0.000563888196778331 0.00177849773055506 0.000571627585716846 0.000674899736418071 0.00107321562653165 0.00105008909630321 0.000751254598494058 0.00119745842150003 0.00138104632564881 0.00160073197695837 0.00121685173777614 0.00107043395928629 0.00151778437858949 0.00476236350993245 -1.50066841452581e-05 0.00145659698764562 2.37869601401847e-07 0.000520041844095617 0.00287773610524398 0.000898204367878242 0.00328633001473986 0.00175047219045581 0.000623342975749738 0.00088465387049179 0.00103502102181625 -0.000246872671233109 -0.000255694702305601 0.000903732643043178 -0.000396974561751557 0.000431149317214874 0.000308482861150397 -0.000174797317373942 0.000578588664105751
"PTFM" -0.000983225735695738 0.00111836179332663 0.00201588531922397 0.00673402399014138 0.00164399698938551 0.00263009278692361 0.00497787969515661 0.00451731404250769 0.00241722967489763 0.00174421499141673 0.00208624258533946 0.00310500936346622 0.000482393372030065 0.00138104632564881 0.0098517078423906 0.00158638093540172 0.000747277357061248 -0.00135481270347357 0.00115871128397889 0.00204761722774227 -0.00191765166833519 0.00223164910986143 0.00444529425266779 0.00110193359729643 0.0102614969068041 0.00467053169397941 0.00326086744780953 0.00264159893598404 0.00305607320574863 0.00147714392375934 0.00227471195325022 0.00064261613126272 -0.000355049894959919 -0.0038090068263122 -0.000325097599578049 -0.000939901061295978 -0.000176664019619727 0.00150076464726148 -0.00374934819021116
"PTAPET" 0.0021579775767933 0.00118011658605314 0.000656876613529651 0.000667770928447896 0.000366573443101831 0.000653450590435216 0.000965947680546138 0.00196892166144794 0.000262876951110231 0.000764436237000148 0.00150662378806097 -0.000108244753629797 0.00104616430070671 0.00160073197695837 0.00158638093540172 0.00262805454483155 0.00176673178855781 0.00204287187354176 0.00276819356420661 0.00803634707021213 -0.00026022956455828 0.00167861980847004 -0.000562448008924005 0.000629316800593856 0.00452546733703065 0.0016003372035915 0.00534677869749892 0.00562232505905105 -0.000253552862423719 0.000393568023203 0.00123637460897894 -0.00124352411601901 -9.29772688184904e-05 0.00113455593491247 -0.000879500071968507 0.00120068015637841 0.000835868578214935 5.65631796095214e-05 -0.000669355207204105
"PTBA" 0.00137800358023163 0.000779620092922189 0.000716187114413255 0.000500646822574899 0.00032660240965076 -2.72691538083327e-05 -0.000857476683991253 0.00196637403030306 0.000235336791156493 0.000605873009897527 0.000808921492603059 0.000614732839339918 0.000684510724940927 0.00121685173777614 0.000747277357061248 0.00176673178855781 0.0015150000215197 0.00163152440648446 0.0015043753611698 0.00597847509993858 -0.00076754242635179 0.00142715938288615 -0.00122647463617687 0.0011244016209365 0.00151940020142869 0.000513370074615849 0.00259166020155671 0.00204427692006591 0.000540870647748783 -0.000320907341653993 0.00100641062591662 -4.11020559877126e-05 -0.000380769900955974 0.00139630863282009 -6.0728507314031e-05 0.000447727413391308 0.000734604153399506 -0.000473965596774696 0.00123347127862501
"PTEAM" 0.00213731748444603 0.000486711347451377 -0.000431755825773183 -0.00100248033854115 -0.000171431299074288 -0.000414465862898653 -0.00179945631392364 0.000755462425856561 -0.000604985281436959 0.00024386711800734 0.000426502218469156 -0.00138845019808035 0.000585023994524884 0.00107043395928629 -0.00135481270347357 0.00204287187354176 0.00163152440648446 0.00272377399400335 0.00200755775844569 0.00659848957952537 -0.000694772358018002 0.000802003441253068 -0.00249125590513103 0.000954050326960187 0.000123056128419777 0.000145896518660482 0.00281536051952793 0.00477228622184969 -0.00102495252011622 -0.00133244938875789 0.000434954246269953 -0.000929778642391363 0.000252644522403817 0.00216967922235248 0.000186980680588316 0.000978745773542384 0.00117217614021506 -0.000779058521208958 0.0009741099871311
"PTZYGO" 0.00296438779039698 0.00151917218160428 0.000823191615436845 0.000307363882099557 0.000346390280067854 0.00104980896130691 0.00121788350437621 0.00199826964660575 0.000388665828948284 0.00071063996145904 0.00234489039238477 -0.000635088388283042 0.00120723755519216 0.00151778437858949 0.00115871128397889 0.00276819356420661 0.0015043753611698 0.00200755775844569 0.00389674115383731 0.00889998390293555 -0.000259048694056412 0.00135185947198825 0.00022951732569563 -6.78259822769158e-05 0.0051133566114008 0.0019494683358753 0.00721114655242593 0.00763127649623637 -0.00139114308848383 0.000806487528999543 0.000995805449098603 -0.0010679044047595 0.000828022658349247 0.000889842587915248 -0.00160901891120431 0.00274659070968557 0.000869365121558171 0.000913089506992473 -0.00393806314168129
"PTTSP" 0.00783517488655991 0.00623332532545855 0.00280751956252681 0.000527163057970732 0.000101244368370256 0.000157967929728457 -0.00464773218005442 0.0104441835350117 -5.70135588540214e-05 0.00177962866756602 0.00579288238629619 0.000441205466398623 0.00436732661175564 0.00476236350993245 0.00204761722774227 0.00803634707021213 0.00597847509993858 0.00659848957952537 0.00889998390293555 0.0375180961730426 -0.0046416613113405 0.00601178877738075 -0.00800777381763079 0.00528722883822297 0.00629440480030622 0.00263309922278104 0.0151838990949899 0.0147259706303316 -0.000712348917039415 -0.00326851150097227 0.00381080032844723 0.00142871074573788 -0.00127827263082791 0.00528198789379485 -0.00362996407610583 0.00402449335582042 0.00352510468760076 0.000865297527034502 -0.000653237422216741
"FMZS" 0.000673411876334244 -0.00167167761577673 -1.26720420765565e-05 -0.00421382255229907 -0.000778587760035797 0.000811673467273002 0.00929948515710028 -0.0050154020338067 -0.000345200077368699 -0.000479080217808356 -0.000416641265965546 -0.000334956294569424 0.000852286387832248 -1.50066841452581e-05 -0.00191765166833519 -0.00026022956455828 -0.00076754242635179 -0.000694772358018002 -0.000259048694056412 -0.0046416613113405 0.00779415820338208 -0.000188859583243923 0.00285341285154835 -0.00381729955676033 0.00622429665056968 0.00047906247560136 0.00400896955925589 -0.000456029437027629 -0.00138255461271394 0.00641343803580256 -0.000142944202874093 -0.00558090980406726 -0.000778075312077696 0.000793969701087227 -0.00189686301669433 -0.000565761889284647 -0.00178798556868397 -0.000730428188046747 0.00300300124217998
"FMMT" 0.0013154419108642 0.000977185538662412 0.00194374151692294 0.0010467942149938 0.000586199093834983 0.000496589601885002 0.000552236777018623 0.00294930314654141 0.000963723107303449 0.000899161564290492 0.00140288706422726 0.00229851854466686 0.00106606266386678 0.00145659698764562 0.00223164910986143 0.00167861980847004 0.00142715938288615 0.000802003441253068 0.00135185947198825 0.00601178877738075 -0.000188859583243923 0.00210668398912147 -7.51160652176131e-05 0.00110054827399259 0.00318892433177259 0.00106411071079537 0.00332752846786648 0.000139008556801729 0.00153797852465497 0.00115299805205736 0.00146446058671717 0.000649513325948105 -0.000618466972881101 0.000934105334543795 -0.000311352077868882 -0.000190787544875415 0.000146957560827615 -0.000289941406294101 0.00175886562922016
"ZSZI" -0.000908593339194327 -0.000805684488252231 0.00160534725764803 0.00231814762652128 0.0011162993801325 0.00240418029994515 0.00748058073036157 -0.000956150943725961 0.00199672351252563 0.000699462423358323 0.00110209657969747 0.00205210689825132 -0.000153387330003858 2.37869601401847e-07 0.00444529425266779 -0.000562448008924005 -0.00122647463617687 -0.00249125590513103 0.00022951732569563 -0.00800777381763079 0.00285341285154835 -7.51160652176131e-05 0.00712950749713616 -0.00292543705032713 0.00799909907736927 0.00262874523535027 0.00292487562591422 -0.000560808933114761 0.000732168621513315 0.00533130580310679 0.000462889593115213 -0.0015032267361179 0.000863837245319716 -0.00300819509194395 -0.000996011901959717 0.000649348903282221 -0.00156809520894515 0.00135946953882961 -0.00477943602041503
"ZIMT" 0.000579979890085009 0.000130035498293848 0.000498579951827343 0.000966763837615171 -0.000226953213489984 -0.000713427208132542 -0.00440129515173855 0.00401080892584948 0.000270266390099651 0.000483550395992366 0.000438945238295116 0.0011796168939737 0.000432586772790233 0.000520041844095617 0.00110193359729643 0.000629316800593856 0.0011244016209365 0.000954050326960187 -6.78259822769158e-05 0.00528722883822297 -0.00381729955676033 0.00110054827399259 -0.00292543705032713 0.00353471405955409 -0.00305699137676754 0.000536018258864764 -0.0021154808849649 -0.00116354610156181 0.00134060025302592 -0.00372403635447494 0.000700779632473601 0.00399536279309071 0.000438873635466571 0.000354365631494878 0.00237729035515899 -0.00161221934689704 0.000915551234590539 -0.000919674498659463 0.00246710955817393
"ZIZYGO" 0.00246871696667959 0.00047925551043509 0.0016900730270297 0.00310206990546137 0.000885344141162298 0.00488053816718038 0.0183905240456933 0.000631010946134616 0.0021339796525937 0.0019722160473004 0.00388226293149993 0.000836260130150681 0.00261605158905859 0.00287773610524398 0.0102614969068041 0.00452546733703065 0.00151940020142869 0.000123056128419777 0.0051133566114008 0.00629440480030622 0.00622429665056968 0.00318892433177259 0.00799909907736927 -0.00305699137676754 0.0247955098148518 0.00846871263258024 0.0153434134631099 0.0129766366044392 -0.000421863731985823 0.00855822404046667 0.00330661129658973 -0.00789381456685677 -0.000367709515730788 -0.00300446916060127 -0.00402664291042796 0.00116639891385159 -0.000885139630544606 0.00179943488396185 -0.00571983147119985
"ZITSP" 0.00162787163567683 -0.000938844657157836 0.000426075803903935 0.000943678465210953 -0.000356995772903004 0.00200196902401739 0.00619779013774529 0.0019588880611714 0.00105514597504523 0.000895890855123608 0.00196017605349309 9.45385567225809e-05 0.00126225388745953 0.000898204367878242 0.00467053169397941 0.0016003372035915 0.000513370074615849 0.000145896518660482 0.0019494683358753 0.00263309922278104 0.00047906247560136 0.00106411071079537 0.00262874523535027 0.000536018258864764 0.00846871263258024 0.00492572725429759 0.00451484258141315 0.00569695556495731 -0.000615333833225436 0.00110188864849012 0.00117053882121727 -0.000251143437322547 0.00187041311669923 -0.00223639416477276 0.000859830711011767 -0.000860716854620066 -0.000130941986665984 0.000274041967950415 -0.00274485863031544
"MTPNS" 0.00568018781805782 0.00257804907390327 0.0026063327461473 -0.000405825827590864 0.000710825564247739 0.00300447142094417 0.00865635875018189 0.00214647088825459 0.00118763461495367 0.00146396213920014 0.00470150719695619 9.58243179568451e-05 0.00303428181973714 0.00328633001473986 0.00326086744780953 0.00534677869749892 0.00259166020155671 0.00281536051952793 0.00721114655242593 0.0151838990949899 0.00400896955925589 0.00332752846786648 0.00292487562591422 -0.0021154808849649 0.0153434134631099 0.00451484258141315 0.0167795967641542 0.0132270392276817 -0.00215808069173975 0.00625302473115284 0.00243507681635631 -0.00493555627543982 0.000434954702727882 0.00163063964605183 -0.00464250766549435 0.00430215528432586 0.000284085676391498 0.00162736015906528 -0.00531352952823326
"PNSAPET" 0.0045458300545262 0.00228207438215766 -0.00387957072639001 0.000681970983442166 -0.000624752427252995 0.0026757594361434 0.0057369879030176 -0.000900699335748856 -0.0019189908978883 0.000277665421348146 0.00257450907048552 -0.00894962449606107 0.00124411385112683 0.00175047219045581 0.00264159893598404 0.00562232505905105 0.00204427692006591 0.00477228622184969 0.00763127649623637 0.0147259706303316 -0.000456029437027629 0.000139008556801729 -0.000560808933114761 -0.00116354610156181 0.0129766366044392 0.00569695556495731 0.0132270392276817 0.0273002372769763 -0.00684115965614948 -0.00172964611437237 0.000368891555872946 -0.0076830900462396 0.00225869650294661 -0.00105551620560757 -0.00339005212466653 0.00462645593757725 0.00246679300135835 0.00262540676850919 -0.0118369608697031
"APETBA" -0.00154666403573435 0.000644381440367101 0.00225869902902769 0.00315824007884329 0.00131167771581796 -0.000116421030560156 -0.00166560319733783 0.0028398881922093 0.00146610364193311 0.00083982339314868 1.37971559809677e-05 0.0042370464485809 -0.000179973820381047 0.000623342975749738 0.00305607320574863 -0.000253552862423719 0.000540870647748783 -0.00102495252011622 -0.00139114308848383 -0.000712348917039415 -0.00138255461271394 0.00153797852465497 0.000732168621513315 0.00134060025302592 -0.000421863731985823 -0.000615333833225436 -0.00215808069173975 -0.00684115965614948 0.00395262105109788 0.000646050658313349 0.00120280583003804 0.00232452362738193 -0.0016839526249047 -2.19598144200223e-05 0.000540381985100384 -0.00136000493431672 -0.000304265550906139 -0.000441577681416903 0.00331854877612475
"APETTS" 0.00075933844139305 -0.000160808917633405 0.00257487823196934 -0.000938095678437734 0.000799047933550672 0.00187310079079097 0.00866038012976893 -0.00197825193020729 0.00143683704074298 0.000513542899028968 0.00118290137507924 0.00269693182009508 0.000972123011827046 0.00088465387049179 0.00147714392375934 0.000393568023203 -0.000320907341653993 -0.00133244938875789 0.000806487528999543 -0.00326851150097227 0.00641343803580256 0.00115299805205736 0.00533130580310679 -0.00372403635447494 0.00855822404046667 0.00110188864849012 0.00625302473115284 -0.00172964611437237 0.000646050658313349 0.00812506687227509 0.000859515112930483 -0.003742115450161 -0.000811985934056566 0.000215921433486431 -0.00266333652700761 0.000552333412331612 -0.00198597310940892 0.000329720028511721 0.000513069367159121
"BAEAM" 0.000676040974340251 0.000523476953414362 0.00123623943698091 0.00124314730978755 0.000482359301582854 0.000473277019830034 0.00123189551415601 0.00206439824053035 0.000809173702605597 0.000736306360723642 0.0010216418220365 0.00167871124406036 0.0007062982446178 0.00103502102181625 0.00227471195325022 0.00123637460897894 0.00100641062591662 0.000434954246269953 0.000995805449098603 0.00381080032844723 -0.000142944202874093 0.00146446058671717 0.000462889593115213 0.000700779632473601 0.00330661129658973 0.00117053882121727 0.00243507681635631 0.000368891555872946 0.00120280583003804 0.000859515112930483 0.00120904961464211 0.000147607865686324 -0.000511548031275135 0.000271296603074103 -0.000265073154941522 4.98058177170812e-05 0.000181227056772862 -0.000102974540918356 0.000621288628717849
"EAMZYGO" 0.000339245275691617 -0.000153882350511575 0.00252098396807569 0.00111954621623953 5.71208292370036e-05 -0.000775509382489605 -0.00781916044295067 0.00605999651864455 0.00157148302004568 0.000530593776114545 0.00121180610118228 0.00390010375470715 0.000163858771805916 -0.000246872671233109 0.00064261613126272 -0.00124352411601901 -4.11020559877126e-05 -0.000929778642391363 -0.0010679044047595 0.00142871074573788 -0.00558090980406726 0.000649513325948105 -0.0015032267361179 0.00399536279309071 -0.00789381456685677 -0.000251143437322547 -0.00493555627543982 -0.0076830900462396 0.00232452362738193 -0.003742115450161 0.000147607865686324 0.00926683576289308 0.00216124787955864 -0.000481100135465732 0.00373613148992509 -0.00163697962886395 0.000146380150642608 -0.000436695865764981 0.000853070109013308
"ZYGOTSP" 0.00159699469330619 -0.00142467278551037 -7.65137155958696e-05 -0.00133389026243604 -0.000701512702328977 0.000572961969388492 0.000107140173455612 0.000671208607808306 0.000348322336878897 6.27393284604969e-05 0.000894412988431807 -0.000839485341552629 0.000293581527841938 -0.000255694702305601 -0.000355049894959919 -9.29772688184904e-05 -0.000380769900955974 0.000252644522403817 0.000828022658349247 -0.00127827263082791 -0.000778075312077696 -0.000618466972881101 0.000863837245319716 0.000438873635466571 -0.000367709515730788 0.00187041311669923 0.000434954702727882 0.00225869650294661 -0.0016839526249047 -0.000811985934056566 -0.000511548031275135 0.00216124787955864 0.00315092988496622 -0.000926142264179465 0.00212313767369241 -0.000180317950562595 -5.38162127694278e-05 -0.00014602916921798 -0.0025538287271868
"LDAS" 0.00182032979466025 0.00062288863168795 0.000657869807179171 -0.00250241888256653 -3.87347643355095e-05 -0.00128253989493209 -0.00313057824874487 8.35790457320874e-05 -0.000555094521280655 -3.24637251398562e-05 -6.78607595114112e-05 0.000380623765003874 0.000581670874190171 0.000903732643043178 -0.0038090068263122 0.00113455593491247 0.00139630863282009 0.00216967922235248 0.000889842587915248 0.00528198789379485 0.000793969701087227 0.000934105334543795 -0.00300819509194395 0.000354365631494878 -0.00300446916060127 -0.00223639416477276 0.00163063964605183 -0.00105551620560757 -2.19598144200223e-05 0.000215921433486431 0.000271296603074103 -0.000481100135465732 -0.000926142264179465 0.00385114340963318 -0.000407733971752575 0.000958600542722037 0.000579389725002801 -0.00132489261330099 0.00428929173141977
"BRLD" 0.00012713966709328 -0.002495632365821 -0.000225375158212076 -0.000947041046272288 -0.000810969509838198 -0.000614667778927697 -0.00228789186848925 0.00131073621284128 0.000284459614882809 0.000125785646719252 -0.000640431479150297 0.0006059602684279 -0.000139102227855832 -0.000396974561751557 -0.000325097599578049 -0.000879500071968507 -6.0728507314031e-05 0.000186980680588316 -0.00160901891120431 -0.00362996407610583 -0.00189686301669433 -0.000311352077868882 -0.000996011901959717 0.00237729035515899 -0.00402664291042796 0.000859830711011767 -0.00464250766549435 -0.00339005212466653 0.000540381985100384 -0.00266333652700761 -0.000265073154941522 0.00373613148992509 0.00212313767369241 -0.000407733971752575 0.00446360687391881 -0.00297453297810373 3.24919377227953e-05 -0.00195164988172549 0.00337409123195661
"OPILD" 0.000965957871215491 0.00199768011287217 0.000107346599237975 0.0009253925438473 0.000908555702935369 0.000164073880480346 -0.0012566947850464 -0.000180271472992806 -1.79285146456558e-05 9.67416487488329e-05 0.00115029620902153 -0.00104738787174553 -0.000155334390478448 0.000431149317214874 -0.000939901061295978 0.00120068015637841 0.000447727413391308 0.000978745773542384 0.00274659070968557 0.00402449335582042 -0.000565761889284647 -0.000190787544875415 0.000649348903282221 -0.00161221934689704 0.00116639891385159 -0.000860716854620066 0.00430215528432586 0.00462645593757725 -0.00136000493431672 0.000552333412331612 4.98058177170812e-05 -0.00163697962886395 -0.000180317950562595 0.000958600542722037 -0.00297453297810373 0.0048698600486717 0.000948827065795454 0.00179504661417215 -0.00619366539343665
"PTAS" 0.000416146557235774 0.000599011262821528 -0.000572576475058877 0.000617712872622085 6.94521354604349e-05 -0.000417195633413087 -0.00224090784675345 0.000886292173532526 -0.00035084782454835 0.000103682261362271 0.000109594022399865 -0.000868207367059429 -5.38001237863257e-05 0.000308482861150397 -0.000176664019619727 0.000835868578214935 0.000734604153399506 0.00117217614021506 0.000869365121558171 0.00352510468760076 -0.00178798556868397 0.000146957560827615 -0.00156809520894515 0.000915551234590539 -0.000885139630544606 -0.000130941986665984 0.000284085676391498 0.00246679300135835 -0.000304265550906139 -0.00198597310940892 0.000181227056772862 0.000146380150642608 -5.38162127694278e-05 0.000579389725002801 3.24919377227953e-05 0.000948827065795454 0.00097390246097806 4.78510161587927e-05 -0.000858504224593686
"JPAS" -0.000476738903181551 0.00145825297495087 5.26653437914031e-05 0.00186567645618938 0.000568879294236851 0.000754445198597777 0.000403815469292146 0.000227409835607887 0.000190228869094578 -3.29530537670778e-06 0.000734274614892199 -0.000502475762006949 -0.000250195526059169 -0.000174797317373942 0.00150076464726148 5.65631796095214e-05 -0.000473965596774696 -0.000779058521208958 0.000913089506992473 0.000865297527034502 -0.000730428188046747 -0.000289941406294101 0.00135946953882961 -0.000919674498659463 0.00179943488396185 0.000274041967950415 0.00162736015906528 0.00262540676850919 -0.000441577681416903 0.000329720028511721 -0.000102974540918356 -0.000436695865764981 -0.00014602916921798 -0.00132489261330099 -0.00195164988172549 0.00179504661417215 4.78510161587927e-05 0.00187703620566666 -0.0048890118791333
"BAOPI" -9.57535019363246e-05 -0.00225720969715774 0.000986012268143281 -0.00444601541418737 -0.00108749153739447 -0.00242360704705944 -0.0016104295186079 -0.000345887092932868 -0.000618254378049104 -0.000172179873747686 -0.0025153011531857 0.00330582145408336 0.000805419326372832 0.000578588664105751 -0.00374934819021116 -0.000669355207204105 0.00123347127862501 0.0009741099871311 -0.00393806314168129 -0.000653237422216741 0.00300300124217998 0.00175886562922016 -0.00477943602041503 0.00246710955817393 -0.00571983147119985 -0.00274485863031544 -0.00531352952823326 -0.0118369608697031 0.00331854877612475 0.000513069367159121 0.000621288628717849 0.000853070109013308 -0.0025538287271868 0.00428929173141977 0.00337409123195661 -0.00619366539343665 -0.000858504224593686 -0.0048890118791333 0.0173615390477953
