"" "ISPM" "ISNSL" "ISPNS" "PMZS" "PMZI" "PMMT" "NSLNA" "NSLZS" "NSLZI" "NABR" "NAFM" "NAPNS" "BRPT" "BRAPET" "PTFM" "PTAPET" "PTBA" "PTEAM" "PTZYGO" "PTTSP" "FMZS" "FMMT" "ZSZI" "ZIMT" "ZIZYGO" "ZITSP" "MTPNS" "PNSAPET" "APETBA" "APETTS" "BAEAM" "EAMZYGO" "ZYGOTSP" "LDAS" "BRLD" "OPILD" "PTAS" "JPAS" "BAOPI"
"ISPM" 0.00529987128061926 0.0028690394095308 0.00253579056956979 0.00226485542553762 0.00215272464613596 0.000817703631069314 0.00173615278431697 0.0027545852801113 0.00236056068175251 3.59600784275188e-05 0.000841253773474042 0.000871663817884436 -0.000624812119991136 0.000816831967500652 0.00122097634846208 0.000850354601797345 0.000648519324136434 0.00108694985549597 0.00132141678237178 0.00286094029231345 0.000468389211408051 0.00214785111876112 0.0010567825727309 0.00361128704633662 0.0005846496386844 -0.00012034925426068 0.00257398406875069 0.00031513095971185 0.00215279377934084 0.000888371519525766 0.00115991766152716 0.00178449144558096 0.000773432040408811 0.0010133586938184 0.000806543996589263 0.00284761737467871 0.000688218314643684 0.00235201788330187 -0.000363085799623627
"ISNSL" 0.0028690394095308 0.00963892621690289 0.00551172429927 0.00761840972470401 0.00592445321190457 0.00269074173665921 0.00461433141388187 0.00359457905878339 0.000410242635881461 0.000289368424199519 0.00183632435278782 0.00314581076289343 -0.00172808751842517 0.00120165622773877 0.00500126766099294 0.0032049205165016 0.00182049800135551 0.00206346694617988 0.00446800972738747 0.0172824463192645 1.91624189779936e-06 0.00569715277829615 0.00193950113885439 0.0063813747509069 0.00467167378892165 0.00178038276634821 0.00933230176218914 -0.000395372511279423 0.00277516478643673 0.0043072013499686 0.00323617889481043 0.00374094032732818 0.00388542490279526 0.00153544378397239 9.84086957132944e-05 0.00260976756017409 0.00100292534909934 0.0040520615688262 0.000885898280970324
"ISPNS" 0.00253579056956979 0.00551172429927 0.00496357891857463 0.00536671757557319 0.00461946505197763 0.00216386620412627 0.00383430811264677 0.0036176153567033 0.00139747196983133 -1.00652994816986e-05 0.00118940749201117 0.00182477480919073 -0.00192512690037448 0.000684366283547617 0.00468953764721916 0.00248075073980743 0.00131865670202581 0.00130981442209225 0.00365380511898967 0.0150350379999806 0.000201838043967708 0.0038655260326931 0.00121391966688478 0.00525119580611491 0.0036652960082282 0.0009222275855996 0.00788757320494252 -0.00245935915940144 0.00223211540326436 0.00288871440677752 0.00226314265984871 0.00303178226467096 0.00305074301787699 0.00123809620869445 0.000157899334033979 0.00264944122599962 0.000392876566452384 0.00273419074105166 0.000545212824366376
"PMZS" 0.00226485542553762 0.00761840972470401 0.00536671757557319 0.00810048369024826 0.00617957409920497 0.00268719205742608 0.00652497177022124 0.00548594867231635 0.00120780524829478 -0.000185534239435528 0.00138005588836467 0.0033160469569779 -0.00212029476858988 0.000985356267025708 0.0051037395164587 0.00279288395811508 0.00144568755779262 0.00143869701354187 0.0041669823121247 0.0150892648797507 0.000106414069745534 0.00566928436691699 0.00191082190749402 0.00665715017641384 0.00505664803571997 0.00204487557457074 0.00861064937582121 0.000671865348193024 0.00249012988235454 0.00375422410822839 0.00285832262953284 0.00366700026312868 0.00343881893673315 0.00130682523418152 -5.44441775434298e-05 0.00291455062774812 0.000453491940096689 0.00353744871444747 0.000770682665081678
"PMZI" 0.00215272464613596 0.00592445321190457 0.00461946505197763 0.00617957409920497 0.00612170137155851 0.00233171432787112 0.00419067657695073 0.00412879598151197 0.00233181761860703 -7.83724894338464e-05 0.00159183712456252 0.00274485245760883 -0.00206426576023937 0.000644736307259262 0.00405573954253506 0.00243052469773107 0.00139976889302839 0.00145114350094634 0.00338600419386854 0.0128308292302118 9.90840252393767e-05 0.00448267140593802 0.00110382629679914 0.00647291004089104 0.00264422191342622 0.000564562864435584 0.00782581964621434 -0.000224589877565024 0.00226041358584711 0.003180482710598 0.00245349309920419 0.00254690098131661 0.00264707734754504 0.000962178129234588 0.00031403400329482 0.00261590020242671 0.00078702287475434 0.00349301320801437 0.000424677597701255
"PMMT" 0.000817703631069314 0.00269074173665921 0.00216386620412627 0.00268719205742608 0.00233171432787112 0.00169115484599918 0.00174095826560869 0.00153276856921183 0.000466651904676641 -0.000128972531795231 0.000569812540766015 0.00119685431784213 -0.00088248714073725 0.000155214524081751 0.00176994155178432 0.000937970112149669 0.000708052764940076 0.000751095974958477 0.00160468351861244 0.00646059627065703 9.18557875676596e-05 0.00148358205711282 0.000517008741910791 0.00190714283791063 0.00206700302538323 0.00045660490760653 0.00271786232472879 -9.53400344005587e-05 0.00133207276183601 0.00156651997286984 0.00103968479069923 0.00128440639212669 0.00118304444443431 0.00046932360675994 -8.20434677423619e-05 0.000929875353837514 0.000510870085772801 0.00124602383200645 0.000165076202279054
"NSLNA" 0.00173615278431697 0.00461433141388187 0.00383430811264677 0.00652497177022124 0.00419067657695073 0.00174095826560869 0.00798368822137644 0.00601026897314533 0.00116666842857023 -0.00041246693282208 0.000629614597181867 0.00270847735847139 -0.00158455288885559 0.000677557452223672 0.0041628766063244 0.00153207291485162 0.000674725057151137 0.000258580489708626 0.00295705780700128 0.0101122063594623 0.00180273096407955 0.00435913768415647 0.00180400040037806 0.00430994351127113 0.00421615290406172 0.00252187130066961 0.00521970482821982 0.00179889932860651 0.00201702715171087 0.00241208965822347 0.0017125031720812 0.00296048056045384 0.00292530414640895 0.000703793602885895 -0.000481850673882727 0.00262038505415549 -0.000292923955897539 0.00269040812904782 0.000104899041975395
"NSLZS" 0.0027545852801113 0.00359457905878339 0.0036176153567033 0.00548594867231635 0.00412879598151197 0.00153276856921183 0.00601026897314533 0.0059303639630388 0.00247183231266947 -2.66950428893094e-05 0.000894041421056929 0.00216795076953881 -0.00137468114673067 0.000875768963771687 0.00327649737954161 0.00165444107076073 0.000753679860019935 0.000832844502865851 0.00259234837613208 0.00723920485512607 0.000340587399731907 0.00380153051839836 0.00156801015284211 0.00483573217290444 0.00298270289356531 0.0017179287172004 0.0046716168061972 0.00179132390270569 0.00185806184299884 0.00177122215969623 0.00159798896894214 0.00248951746916299 0.00192249204064738 0.000781404249635761 -7.92547534426931e-05 0.00273739959149055 8.78847922489722e-05 0.00221637797320794 0.000294609085372127
"NSLZI" 0.00236056068175251 0.000410242635881461 0.00139747196983133 0.00120780524829478 0.00233181761860703 0.000466651904676641 0.00116666842857023 0.00247183231266947 0.00366291510034915 0.00044920904579173 0.000981772796496273 0.000671795300791931 -0.000438606681441777 0.000471376000826825 0.000845317419111689 0.00105872053108426 0.000588754903385797 0.00065439059618354 0.00105402072252455 0.00188444083710743 0.000511318317157668 0.00123695520333961 0.00108788900859544 0.00334666232206033 -0.00127135637692747 -9.20149826520737e-05 0.00154005678654243 0.000711931456422255 0.000833969705406001 0.000306523023125766 0.000592747829728025 0.00010072962347601 0.000401187161483887 2.66712587818521e-05 -0.000352310800676387 0.00173316220259765 0.000701156086886376 0.00186428991240211 -0.000257583612797924
"NABR" 3.59600784275188e-05 0.000289368424199519 -1.00652994816986e-05 -0.000185534239435528 -7.83724894338464e-05 -0.000128972531795231 -0.00041246693282208 -2.66950428893094e-05 0.00044920904579173 0.00220527238640175 0.000591165063165111 3.85265620920869e-05 0.00144331678342008 0.00076011547439866 0.00111962763570731 0.000906776695556327 0.000316862410854099 0.00017607009394432 0.000499943632729253 0.000896919820602021 0.000940684364809039 0.000181298106033672 0.000600432668086354 9.46798482688682e-05 -7.74367802804419e-05 0.00120182299241161 -0.000232941065628886 0.00124058664916265 -0.000345116883062439 0.000182358183496748 0.000157824910278873 -0.000952734400659019 0.000904937130104605 0.000138020589541324 -0.00193488738514031 -0.000243782629478992 0.0001178280881036 -0.000229390579204409 0.000344359699321685
"NAFM" 0.000841253773474042 0.00183632435278782 0.00118940749201117 0.00138005588836467 0.00159183712456252 0.000569812540766015 0.000629614597181867 0.000894041421056929 0.000981772796496273 0.000591165063165111 0.00158000780072008 0.00114032878627177 -6.44449116932529e-06 0.000571695267721385 0.000491117294901453 0.00101752627318911 0.000748430249442172 0.00121321869976033 0.00126068482909289 0.00266541502100893 0.00111246873954933 0.00170910619936783 0.000550475995215922 0.0023897830605862 0.000694181561972302 0.000456820197665872 0.00229496074703102 0.000397695224822075 0.00102688426402696 0.000708026892645731 0.00101683488473338 0.000183962708729266 0.00091618969434864 0.000635700759539872 -0.000102861983259645 0.000850633084955374 0.000917987857024288 0.00144081847355157 1.82654196815229e-05
"NAPNS" 0.000871663817884436 0.00314581076289343 0.00182477480919073 0.0033160469569779 0.00274485245760883 0.00119685431784213 0.00270847735847139 0.00216795076953881 0.000671795300791931 3.85265620920869e-05 0.00114032878627177 0.00307207723139084 -0.000556658907251638 0.00051996191673485 0.00131839934590049 0.00146113151425497 0.0011299955578868 0.00137809065574992 0.00184946162278674 0.00310879611263393 0.000274771394949565 0.00285084665143382 0.00118173329658224 0.00303734022945138 0.00177377625632247 0.00105058290550675 0.00280699510218149 0.00175849426558004 0.00141274328048263 0.00154793161247197 0.0014842506161023 0.0011481597159484 0.00181315688256234 0.000523379587804288 0.000576693674402177 0.000976726079893756 0.00118239088417059 0.00172418357130774 -9.3526842754e-05
"BRPT" -0.000624812119991136 -0.00172808751842517 -0.00192512690037448 -0.00212029476858988 -0.00206426576023937 -0.00088248714073725 -0.00158455288885559 -0.00137468114673067 -0.000438606681441777 0.00144331678342008 -6.44449116932529e-06 -0.000556658907251638 0.00356474185327525 0.000620732278350758 -0.00296406848225127 -0.00196701848201216 -0.000780137888790634 -0.000908714792903864 -0.00305900114167863 -0.01158754135429 0.00103886095951298 -0.00134380267008012 9.80962095571673e-05 -0.00245956548118874 -0.000566304902448868 0.000510174482856698 -0.0035245715058469 0.0031330384407776 -0.00055487142612091 -0.00139394828685437 -0.0011969537048132 -0.00230128267406325 -0.00185059747189587 -0.000248957930384978 -0.00089294968277666 -0.000239260449103062 0.000399776527272579 -0.000733634292858285 -0.000776779732542369
"BRAPET" 0.000816831967500652 0.00120165622773877 0.000684366283547617 0.000985356267025708 0.000644736307259262 0.000155214524081751 0.000677557452223672 0.000875768963771687 0.000471376000826825 0.00076011547439866 0.000571695267721385 0.00051996191673485 0.000620732278350758 0.00111450377321188 0.000741545807967689 0.000764603466993563 0.000332066151440957 0.000319241600733801 0.000608914376277515 0.000110968364205896 0.000667561789120415 0.0011735087085132 0.000990306774115777 0.00127128319436729 0.000730631359417257 0.00105344667353784 0.00120805348954906 0.000991177561978665 0.000786365458457619 0.000567400715363527 0.000600681841377126 0.000312494470316105 0.000363160206643525 0.00100492345687761 -0.000811305086663854 0.00131110520581528 9.28401735446929e-05 0.000703480435833375 1.96270739273142e-05
"PTFM" 0.00122097634846208 0.00500126766099294 0.00468953764721916 0.0051037395164587 0.00405573954253506 0.00176994155178432 0.0041628766063244 0.00327649737954161 0.000845317419111689 0.00111962763570731 0.000491117294901453 0.00131839934590049 -0.00296406848225127 0.000741545807967689 0.0107989928356505 0.00444432833226983 0.0014090391185332 -0.000640485897838246 0.00529545071374202 0.0247890535386569 0.000468545308430542 0.00367889800861287 0.00178605425972071 0.00503584668725788 0.00299283160499377 0.00251504536133396 0.00790245746732772 -0.00316017241886278 0.00182279036163378 0.00430627240710169 0.00262841324397093 0.00407525702048767 0.00501706850755438 0.000851477995217893 -0.00274343162187756 0.00154193591815165 -0.00206348674459827 0.0018551176006633 0.00061481284033483
"PTAPET" 0.000850354601797345 0.0032049205165016 0.00248075073980743 0.00279288395811508 0.00243052469773107 0.000937970112149669 0.00153207291485162 0.00165444107076073 0.00105872053108426 0.000906776695556327 0.00101752627318911 0.00146113151425497 -0.00196701848201216 0.000764603466993563 0.00444432833226983 0.00505640228693554 0.00240249387123374 0.00228430923636476 0.00520161454724513 0.0182730551584546 0.000186142649427078 0.00280854587925806 0.00169361409291085 0.00373063955803398 0.000860458523774692 0.0013205279142429 0.00465763743268609 -0.00130347897733499 0.000266612301152194 0.00178710247518826 0.00211172613429644 0.0020454924948753 0.00397935624373256 0.0010351275900079 -0.00135596480431295 0.000674997076770814 0.000816796045746416 0.00165346544977689 0.00137826948586523
"PTBA" 0.000648519324136434 0.00182049800135551 0.00131865670202581 0.00144568755779262 0.00139976889302839 0.000708052764940076 0.000674725057151137 0.000753679860019935 0.000588754903385797 0.000316862410854099 0.000748430249442172 0.0011299955578868 -0.000780137888790634 0.000332066151440957 0.0014090391185332 0.00240249387123374 0.00185276244687615 0.00186783742891675 0.00258315041859959 0.00748712725784278 -3.24284247655781e-05 0.00131158994333212 0.000679773756095293 0.00185357509468975 0.000589613541087185 0.000361524211890907 0.0021001261055133 0.000318218273029828 0.000993182691759497 0.000706431567625723 0.00128264799714538 0.00104266715704749 0.00179586796038172 0.000775057055037619 -0.000252821806797636 0.000785411502189318 0.00119171705433887 0.00124993921191491 0.000435348483408197
"PTEAM" 0.00108694985549597 0.00206346694617988 0.00130981442209225 0.00143869701354187 0.00145114350094634 0.000751095974958477 0.000258580489708626 0.000832844502865851 0.00065439059618354 0.00017607009394432 0.00121321869976033 0.00137809065574992 -0.000908714792903864 0.000319241600733801 -0.000640485897838246 0.00228430923636476 0.00186783742891675 0.00454253684846301 0.00326820236146755 0.00365279209749188 -0.000955946778724898 0.00115871595191147 0.000565332776963868 0.00143243078082963 0.000843818203722313 0.000458879016873891 0.0019473767255318 0.00055589193438165 0.000491634221102891 0.00056900238198274 0.00135812041210285 0.00154531076596389 0.00210682378640098 0.000151881679062976 0.00123565694080226 0.000256694219431527 0.00307362611176378 0.00114005783385733 0.0010573811701672
"PTZYGO" 0.00132141678237178 0.00446800972738747 0.00365380511898967 0.0041669823121247 0.00338600419386854 0.00160468351861244 0.00295705780700128 0.00259234837613208 0.00105402072252455 0.000499943632729253 0.00126068482909289 0.00184946162278674 -0.00305900114167863 0.000608914376277515 0.00529545071374202 0.00520161454724513 0.00258315041859959 0.00326820236146755 0.00778155792247653 0.0212108175444606 0.00015347174447241 0.00340883043507938 0.00171732940791885 0.00472822159088643 0.00218433770710152 0.00180714271739517 0.00651144391995765 -0.00193554016058967 0.000758228849853682 0.00194005882326598 0.00249579178387167 0.00337683967809626 0.00611536811105671 0.0015034008963433 -0.0012495901639587 0.001367029402213 0.00122589362123988 0.00162703211376205 0.0015930053624472
"PTTSP" 0.00286094029231345 0.0172824463192645 0.0150350379999806 0.0150892648797507 0.0128308292302118 0.00646059627065703 0.0101122063594623 0.00723920485512607 0.00188444083710743 0.000896919820602021 0.00266541502100893 0.00310879611263393 -0.01158754135429 0.000110968364205896 0.0247890535386569 0.0182730551584546 0.00748712725784278 0.00365279209749188 0.0212108175444606 0.133876703577977 0.00161230015628834 0.00967062625982222 0.00421927667601208 0.0121116061294435 0.00447624112809502 -0.00210357957437955 0.0260459227578771 -0.0176055720538427 0.00254835960245538 0.00674783152437505 0.00705478646716382 0.0126217464671811 0.0191092259654149 0.00426933635478978 -0.00640669284548377 0.00169929207719593 -0.0037743471299265 0.00203861133768177 0.00218187829323045
"FMZS" 0.000468389211408051 1.91624189779936e-06 0.000201838043967708 0.000106414069745534 9.90840252393767e-05 9.18557875676596e-05 0.00180273096407955 0.000340587399731907 0.000511318317157668 0.000940684364809039 0.00111246873954933 0.000274771394949565 0.00103886095951298 0.000667561789120415 0.000468545308430542 0.000186142649427078 -3.24284247655781e-05 -0.000955946778724898 0.00015347174447241 0.00161230015628834 0.00880697815008912 0.00219065976088372 0.00102387605991107 0.00143115498083112 0.000647961468491725 0.00139375968952726 0.000767259007917664 0.00128693807657166 0.000683284435098835 -0.000184322320736373 0.000342895871593693 -0.000999740249633045 0.00111374979891941 0.00106877201958344 -0.00209254696995241 0.00201679187684843 -3.98396254924148e-05 0.00253299964065468 -0.0011967932789738
"FMMT" 0.00214785111876112 0.00569715277829615 0.0038655260326931 0.00566928436691699 0.00448267140593802 0.00148358205711282 0.00435913768415647 0.00380153051839836 0.00123695520333961 0.000181298106033672 0.00170910619936783 0.00285084665143382 -0.00134380267008012 0.0011735087085132 0.00367889800861287 0.00280854587925806 0.00131158994333212 0.00115871595191147 0.00340883043507938 0.00967062625982222 0.00219065976088372 0.00596364703276191 0.00184802858468 0.00700418005402921 0.00334885013775232 0.00185605373075323 0.00772591236847213 0.00044904451462785 0.00156622874006565 0.00268784953858323 0.00270010096620901 0.00226129718524145 0.00280447284041316 0.00148419171459668 -0.000369769478969069 0.00293439991495762 0.00080248897618272 0.00402245159693157 0.000341756649272954
"ZSZI" 0.0010567825727309 0.00193950113885439 0.00121391966688478 0.00191082190749402 0.00110382629679914 0.000517008741910791 0.00180400040037806 0.00156801015284211 0.00108788900859544 0.000600432668086354 0.000550475995215922 0.00118173329658224 9.80962095571673e-05 0.000990306774115777 0.00178605425972071 0.00169361409291085 0.000679773756095293 0.000565332776963868 0.00171732940791885 0.00421927667601208 0.00102387605991107 0.00184802858468 0.00296050395361889 0.00156355472088498 0.000503733094550249 0.0019351325062408 0.00153898938298906 0.00118305133454109 0.00059979531316884 0.00100816252293465 0.000947524631298965 0.00105504890660421 0.00151590135605513 0.000224580424652487 -0.0011491653915335 0.00120845581109766 0.000557861559861188 0.00143932169825394 -0.000152749875059488
"ZIMT" 0.00361128704633662 0.0063813747509069 0.00525119580611491 0.00665715017641384 0.00647291004089104 0.00190714283791063 0.00430994351127113 0.00483573217290444 0.00334666232206033 9.46798482688682e-05 0.0023897830605862 0.00303734022945138 -0.00245956548118874 0.00127128319436729 0.00503584668725788 0.00373063955803398 0.00185357509468975 0.00143243078082963 0.00472822159088643 0.0121116061294435 0.00143115498083112 0.00700418005402921 0.00156355472088498 0.0135928790142004 0.00266511784423531 0.000632079983676219 0.00995721465850045 -0.00102322146214485 0.00213115592116271 0.00377729615461752 0.00371374279991924 0.00274755098944324 0.00254267133092633 0.00283929165790392 -0.0019916858886401 0.00514138603290571 0.000736070525222501 0.00520269177247062 -0.000208027788884749
"ZIZYGO" 0.0005846496386844 0.00467167378892165 0.0036652960082282 0.00505664803571997 0.00264422191342622 0.00206700302538323 0.00421615290406172 0.00298270289356531 -0.00127135637692747 -7.74367802804419e-05 0.000694181561972302 0.00177377625632247 -0.000566304902448868 0.000730631359417257 0.00299283160499377 0.000860458523774692 0.000589613541087185 0.000843818203722313 0.00218433770710152 0.00447624112809502 0.000647961468491725 0.00334885013775232 0.000503733094550249 0.00266511784423531 0.00821218450004456 0.00252068759918725 0.00576673459037473 0.000319477768995596 0.00184542787374695 0.00235040831049406 0.00156783761802327 0.00233582635486981 0.00220291097292364 0.00139007861448851 0.000834711557597641 0.00193407376616208 0.000158131725883403 0.00135124634020184 0.000725376954158258
"ZITSP" -0.00012034925426068 0.00178038276634821 0.0009222275855996 0.00204487557457074 0.000564562864435584 0.00045660490760653 0.00252187130066961 0.0017179287172004 -9.20149826520737e-05 0.00120182299241161 0.000456820197665872 0.00105058290550675 0.000510174482856698 0.00105344667353784 0.00251504536133396 0.0013205279142429 0.000361524211890907 0.000458879016873891 0.00180714271739517 -0.00210357957437955 0.00139375968952726 0.00185605373075323 0.0019351325062408 0.000632079983676219 0.00252068759918725 0.00451712075700215 0.00138016502356342 0.00282269693664849 0.000311011735231908 0.00182695408149496 0.00082168169715859 0.00126153791561587 0.00218170792784223 -0.000284019403708614 -0.00102713245980346 0.000275693887196586 0.000331441875690721 0.00127159260753702 0.0013438710706563
"MTPNS" 0.00257398406875069 0.00933230176218914 0.00788757320494252 0.00861064937582121 0.00782581964621434 0.00271786232472879 0.00521970482821982 0.0046716168061972 0.00154005678654243 -0.000232941065628886 0.00229496074703102 0.00280699510218149 -0.0035245715058469 0.00120805348954906 0.00790245746732772 0.00465763743268609 0.0021001261055133 0.0019473767255318 0.00651144391995765 0.0260459227578771 0.000767259007917664 0.00772591236847213 0.00153898938298906 0.00995721465850045 0.00576673459037473 0.00138016502356342 0.0165971444827497 -0.00571854303000789 0.00259118105912283 0.00465622103627678 0.00440200486551479 0.00504589917034679 0.00550623795387215 0.00245777438188311 0.000629578656669118 0.00435966794270085 0.000429350463581449 0.00532578261806636 0.00141955214444712
"PNSAPET" 0.00031513095971185 -0.000395372511279423 -0.00245935915940144 0.000671865348193024 -0.000224589877565024 -9.53400344005587e-05 0.00179889932860651 0.00179132390270569 0.000711931456422255 0.00124058664916265 0.000397695224822075 0.00175849426558004 0.0031330384407776 0.000991177561978665 -0.00316017241886278 -0.00130347897733499 0.000318218273029828 0.00055589193438165 -0.00193554016058967 -0.0176055720538427 0.00128693807657166 0.00044904451462785 0.00118305133454109 -0.00102322146214485 0.000319477768995596 0.00282269693664849 -0.00571854303000789 0.0143223889445893 0.000197254038718335 -0.00119055102836425 -0.000567124680269287 -0.000192806193409657 -0.00185691024347012 -0.000982979650370147 -0.000664487964645177 0.000543668261475287 0.00159910288329955 0.000833800148390494 -0.000773764920813155
"APETBA" 0.00215279377934084 0.00277516478643673 0.00223211540326436 0.00249012988235454 0.00226041358584711 0.00133207276183601 0.00201702715171087 0.00185806184299884 0.000833969705406001 -0.000345116883062439 0.00102688426402696 0.00141274328048263 -0.00055487142612091 0.000786365458457619 0.00182279036163378 0.000266612301152194 0.000993182691759497 0.000491634221102891 0.000758228849853682 0.00254835960245538 0.000683284435098835 0.00156622874006565 0.00059979531316884 0.00213115592116271 0.00184542787374695 0.000311011735231908 0.00259118105912283 0.000197254038718335 0.00456768495456496 0.00212874009142328 0.00147459300917615 0.00181751333777476 0.00049476702173275 0.00177438219668501 -0.000410192180829396 0.00235806272076278 -7.0766105075694e-05 0.00133432756192779 -0.000769900326051729
"APETTS" 0.000888371519525766 0.0043072013499686 0.00288871440677752 0.00375422410822839 0.003180482710598 0.00156651997286984 0.00241208965822347 0.00177122215969623 0.000306523023125766 0.000182358183496748 0.000708026892645731 0.00154793161247197 -0.00139394828685437 0.000567400715363527 0.00430627240710169 0.00178710247518826 0.000706431567625723 0.00056900238198274 0.00194005882326598 0.00674783152437505 -0.000184322320736373 0.00268784953858323 0.00100816252293465 0.00377729615461752 0.00235040831049406 0.00182695408149496 0.00465622103627678 -0.00119055102836425 0.00212874009142328 0.00549949022753391 0.00182363074935375 0.00246102167580808 0.00183279518644477 -2.24318677758033e-05 -0.00091232644534642 0.000735817726920712 0.000341107622587228 0.00244303000968514 0.000715629790340194
"BAEAM" 0.00115991766152716 0.00323617889481043 0.00226314265984871 0.00285832262953284 0.00245349309920419 0.00103968479069923 0.0017125031720812 0.00159798896894214 0.000592747829728025 0.000157824910278873 0.00101683488473338 0.0014842506161023 -0.0011969537048132 0.000600681841377126 0.00262841324397093 0.00211172613429644 0.00128264799714538 0.00135812041210285 0.00249579178387167 0.00705478646716382 0.000342895871593693 0.00270010096620901 0.000947524631298965 0.00371374279991924 0.00156783761802327 0.00082168169715859 0.00440200486551479 -0.000567124680269287 0.00147459300917615 0.00182363074935375 0.00231038478632946 0.00195606079990129 0.0016465591987882 0.00115379104887462 -0.000703749057355064 0.00184224782287157 0.000679169655058202 0.00263737062693404 0.000258031223411622
"EAMZYGO" 0.00178449144558096 0.00374094032732818 0.00303178226467096 0.00366700026312868 0.00254690098131661 0.00128440639212669 0.00296048056045384 0.00248951746916299 0.00010072962347601 -0.000952734400659019 0.000183962708729266 0.0011481597159484 -0.00230128267406325 0.000312494470316105 0.00407525702048767 0.0020454924948753 0.00104266715704749 0.00154531076596389 0.00337683967809626 0.0126217464671811 -0.000999740249633045 0.00226129718524145 0.00105504890660421 0.00274755098944324 0.00233582635486981 0.00126153791561587 0.00504589917034679 -0.000192806193409657 0.00181751333777476 0.00246102167580808 0.00195606079990129 0.00581432065130686 0.00283801555057567 0.000329282712928086 0.000307439188539352 0.00155028482046035 9.21266889220674e-05 0.00158530785687649 0.000530133073512118
"ZYGOTSP" 0.000773432040408811 0.00388542490279526 0.00305074301787699 0.00343881893673315 0.00264707734754504 0.00118304444443431 0.00292530414640895 0.00192249204064738 0.000401187161483887 0.000904937130104605 0.00091618969434864 0.00181315688256234 -0.00185059747189587 0.000363160206643525 0.00501706850755438 0.00397935624373256 0.00179586796038172 0.00210682378640098 0.00611536811105671 0.0191092259654149 0.00111374979891941 0.00280447284041316 0.00151590135605513 0.00254267133092633 0.00220291097292364 0.00218170792784223 0.00550623795387215 -0.00185691024347012 0.00049476702173275 0.00183279518644477 0.0016465591987882 0.00283801555057567 0.00686984689873879 0.000388941412894615 -0.000553541758834483 0.000212874455367935 0.000686065890542039 0.000592455070734898 0.000847104909273815
"LDAS" 0.0010133586938184 0.00153544378397239 0.00123809620869445 0.00130682523418152 0.000962178129234588 0.00046932360675994 0.000703793602885895 0.000781404249635761 2.66712587818521e-05 0.000138020589541324 0.000635700759539872 0.000523379587804288 -0.000248957930384978 0.00100492345687761 0.000851477995217893 0.0010351275900079 0.000775057055037619 0.000151881679062976 0.0015034008963433 0.00426933635478978 0.00106877201958344 0.00148419171459668 0.000224580424652487 0.00283929165790392 0.00139007861448851 -0.000284019403708614 0.00245777438188311 -0.000982979650370147 0.00177438219668501 -2.24318677758033e-05 0.00115379104887462 0.000329282712928086 0.000388941412894615 0.00402118956987458 -0.000915512503390147 0.00283742785943148 -0.00093755729528616 0.000376852947263992 -0.000381027619099518
"BRLD" 0.000806543996589263 9.84086957132944e-05 0.000157899334033979 -5.44441775434298e-05 0.00031403400329482 -8.20434677423619e-05 -0.000481850673882727 -7.92547534426931e-05 -0.000352310800676387 -0.00193488738514031 -0.000102861983259645 0.000576693674402177 -0.00089294968277666 -0.000811305086663854 -0.00274343162187756 -0.00135596480431295 -0.000252821806797636 0.00123565694080226 -0.0012495901639587 -0.00640669284548377 -0.00209254696995241 -0.000369769478969069 -0.0011491653915335 -0.0019916858886401 0.000834711557597641 -0.00102713245980346 0.000629578656669118 -0.000664487964645177 -0.000410192180829396 -0.00091232644534642 -0.000703749057355064 0.000307439188539352 -0.000553541758834483 -0.000915512503390147 0.00813944522839958 -0.000866077431554253 0.00123656725417548 -0.000392344806054515 0.000133333376002237
"OPILD" 0.00284761737467871 0.00260976756017409 0.00264944122599962 0.00291455062774812 0.00261590020242671 0.000929875353837514 0.00262038505415549 0.00273739959149055 0.00173316220259765 -0.000243782629478992 0.000850633084955374 0.000976726079893756 -0.000239260449103062 0.00131110520581528 0.00154193591815165 0.000674997076770814 0.000785411502189318 0.000256694219431527 0.001367029402213 0.00169929207719593 0.00201679187684843 0.00293439991495762 0.00120845581109766 0.00514138603290571 0.00193407376616208 0.000275693887196586 0.00435966794270085 0.000543668261475287 0.00235806272076278 0.000735817726920712 0.00184224782287157 0.00155028482046035 0.000212874455367935 0.00283742785943148 -0.000866077431554253 0.005619402204997 0.000339851305143735 0.00374818256687934 -0.00158993365003847
"PTAS" 0.000688218314643684 0.00100292534909934 0.000392876566452384 0.000453491940096689 0.00078702287475434 0.000510870085772801 -0.000292923955897539 8.78847922489722e-05 0.000701156086886376 0.0001178280881036 0.000917987857024288 0.00118239088417059 0.000399776527272579 9.28401735446929e-05 -0.00206348674459827 0.000816796045746416 0.00119171705433887 0.00307362611176378 0.00122589362123988 -0.0037743471299265 -3.98396254924148e-05 0.00080248897618272 0.000557861559861188 0.000736070525222501 0.000158131725883403 0.000331441875690721 0.000429350463581449 0.00159910288329955 -7.0766105075694e-05 0.000341107622587228 0.000679169655058202 9.21266889220674e-05 0.000686065890542039 -0.00093755729528616 0.00123656725417548 0.000339851305143735 0.00367914259293575 0.00209239138165453 0.000203608287635654
"JPAS" 0.00235201788330187 0.0040520615688262 0.00273419074105166 0.00353744871444747 0.00349301320801437 0.00124602383200645 0.00269040812904782 0.00221637797320794 0.00186428991240211 -0.000229390579204409 0.00144081847355157 0.00172418357130774 -0.000733634292858285 0.000703480435833375 0.0018551176006633 0.00165346544977689 0.00124993921191491 0.00114005783385733 0.00162703211376205 0.00203861133768177 0.00253299964065468 0.00402245159693157 0.00143932169825394 0.00520269177247062 0.00135124634020184 0.00127159260753702 0.00532578261806636 0.000833800148390494 0.00133432756192779 0.00244303000968514 0.00263737062693404 0.00158530785687649 0.000592455070734898 0.000376852947263992 -0.000392344806054515 0.00374818256687934 0.00209239138165453 0.0077614294430695 0.000123080086518171
"BAOPI" -0.000363085799623627 0.000885898280970324 0.000545212824366376 0.000770682665081678 0.000424677597701255 0.000165076202279054 0.000104899041975395 0.000294609085372127 -0.000257583612797924 0.000344359699321685 1.82654196815229e-05 -9.3526842754e-05 -0.000776779732542369 1.96270739273142e-05 0.00061481284033483 0.00137826948586523 0.000435348483408197 0.0010573811701672 0.0015930053624472 0.00218187829323045 -0.0011967932789738 0.000341756649272954 -0.000152749875059488 -0.000208027788884749 0.000725376954158258 0.0013438710706563 0.00141955214444712 -0.000773764920813155 -0.000769900326051729 0.000715629790340194 0.000258031223411622 0.000530133073512118 0.000847104909273815 -0.000381027619099518 0.000133333376002237 -0.00158993365003847 0.000203608287635654 0.000123080086518171 0.0036962699999905
