"" "ISPM" "ISNSL" "ISPNS" "PMZS" "PMZI" "PMMT" "NSLNA" "NSLZS" "NSLZI" "NABR" "NAFM" "NAPNS" "BRPT" "BRAPET" "PTFM" "PTAPET" "PTBA" "PTEAM" "PTZYGO" "PTTSP" "FMZS" "FMMT" "ZSZI" "ZIMT" "ZIZYGO" "ZITSP" "MTPNS" "PNSAPET" "APETBA" "APETTS" "BAEAM" "EAMZYGO" "ZYGOTSP" "LDAS" "BRLD" "OPILD" "PTAS" "JPAS" "BAOPI"
"ISPM" 0.00753656629488589 0.00362764165778597 0.00590727459909389 0.00556454708249134 0.00395027894928376 0.00295665273393513 0.00376571875583035 0.00375521537491135 0.00193458153294972 0.00166296006105832 0.0014291716453641 0.00184000090853894 0.00153083356667544 0.000862773084570267 0.00272259324464685 0.000722663090686037 0.00184600854920086 0.00271063705677236 0.00118053948000453 0.00730464244457395 -0.000876100753603606 0.00132023075246068 -0.000233311395537887 0.000303435140507685 0.00418838789983598 0.0010605306330095 0.00505486739682625 0.00221723753204239 0.00340267308049443 0.00225381719205499 0.00233771707656919 0.00162233523084466 0.000751032672510053 0.00222898540411566 0.00338007735303214 0.00173190963242312 0.00203920311350851 0.00184075548125471 0.00170650236546235
"ISNSL" 0.00362764165778597 0.00697666823547337 0.00385510143935416 0.00558126763409781 0.00403525472051164 0.00226434410358519 0.000681303889797814 0.000473606710984033 0.00127320753050651 0.000920406344450579 0.000741048677941467 0.000961595931309366 0.000145359069164728 0.000238167050905645 0.00111939021994139 0.00109712849311159 0.00170923685806617 0.00276383568678116 0.00235566752264223 0.00819058808205795 0.00120925291130354 0.00171790260407572 0.00149599467770603 0.00126857875445394 0.00317334584144056 0.000823523746963248 0.00418275216787385 0.00271906695181426 0.00266092984385875 0.00137628754245113 0.00146398469901649 0.00127694303415311 0.00225625203287758 -0.000100372358226469 0.000703748696284938 0.00103101480795578 0.00162884243749444 0.00160169187580265 -0.000185260613845618
"ISPNS" 0.00590727459909389 0.00385510143935416 0.00833900478725337 0.00808352051132115 0.00629356478358619 0.00433416978238961 0.0030777051361262 0.00570003639843416 0.00187699276471187 0.00134791288495587 0.00158838569665116 0.00226155336398142 0.00127346152148932 0.000477095400087067 0.00114025656214854 0.00160273654613993 0.00338302387886961 0.0038833563528796 0.00104097069754582 0.00394291864644687 -0.00249249762345043 0.000999029024649125 -0.00272532814186771 -0.000328871065239097 0.00447850654759032 0.00163300112613209 0.00738025242155985 0.00378757128278934 0.0040886272715893 -1.45554519511146e-05 0.0025969209609457 0.00193766260934651 0.000311565977219829 0.00199621738244694 0.00370512808985684 0.000385173679145096 0.00288197448235374 0.00141837785481781 0.000735047224078853
"PMZS" 0.00556454708249134 0.00558126763409781 0.00808352051132115 0.0117400694749946 0.00865774056010357 0.0050318008715845 0.0048108245551051 0.00670901985661912 0.0021972370355754 0.00130655716159766 0.00192317225552017 0.00166904723842878 0.000689396672470484 0.000275150601032501 0.000828051164705465 0.00178698094546255 0.00374071773847267 0.00439562381913647 0.00155042498734734 0.00278484238535073 -0.00239444466403502 0.000939136799255877 -0.00321659329806638 -0.000830888070963225 0.00487681676957767 0.00235552962604308 0.00788729110964331 0.00738916568659527 0.0049155915849755 -0.000332258603578348 0.0031833283394977 0.00204409625168867 0.000886740259330726 0.0017037938040186 0.00468175985776053 -0.000303657381634133 0.00268602141297148 0.00188712215987687 0.000663930970555735
"PMZI" 0.00395027894928376 0.00403525472051164 0.00629356478358619 0.00865774056010357 0.00805596257047516 0.00402000060983548 0.0026439925792341 0.00541444477057583 0.00259725414713307 0.00112501132325743 0.00191379687087539 0.00138608708437643 0.000993061516071353 0.000319937879426649 -0.000529786493990226 0.00102718125911906 0.00309791749452242 0.00354502040243091 0.000199783655100256 0.000763086956635364 -0.00192541107996575 0.00016108510279585 -0.00119759388350285 -0.000882863246583128 0.0030298486957596 0.00141415521543507 0.00641523039615947 0.00689416757573529 0.00400217431493013 -0.00117727458439381 0.00241782118842469 0.00122572861585451 -2.09680115407018e-05 0.00130376041192436 0.00368939367602972 -3.20495944579744e-05 0.00240910731176309 0.00127308044021656 -4.84672770816425e-05
"PMMT" 0.00295665273393513 0.00226434410358519 0.00433416978238961 0.0050318008715845 0.00402000060983548 0.00305680594750474 0.00121596314600789 0.00344626521207209 0.00102365542651129 0.000637755356308113 0.00126458163480281 0.00105292419772939 0.000366240162707041 0.000119760409610621 0.000515518949982963 0.00109278060867481 0.00214596271306013 0.00249651690321038 0.000866066338614468 0.00326471518848 -0.00133865737921092 0.000557416497800794 -0.00177075982440258 -6.12382026364595e-05 0.00280463243181181 0.00108727552896311 0.00419642980851187 0.00382153139787731 0.00250007091706335 -0.000836717108032219 0.00158118432687615 0.000920049198194259 0.000462683379014178 0.00106769958674811 0.00228762469352762 0.000350424729772998 0.00169526998533051 0.00121847396873288 2.67658915264679e-05
"NSLNA" 0.00376571875583035 0.000681303889797814 0.0030777051361262 0.0048108245551051 0.0026439925792341 0.00121596314600789 0.0147277932653442 0.000348161583729614 6.61635102804766e-05 0.00051290279064424 -0.000332888993324457 0.00125702794555014 0.000232249405773404 0.000281457191519641 0.0023008312671331 0.000802556296198764 -5.80640242172417e-05 8.60405036808843e-05 -0.0010354900382169 -0.0087588083722374 0.00077049381714163 0.000458914703326742 0.000240646797879078 -1.60281009096846e-05 0.00109526096582106 0.0018447517847681 0.000953260815868397 0.00143938540704541 -7.10661697681142e-05 0.00253116135467074 0.000906963473365052 0.00187073802144758 -0.000636456638234553 0.00122256027629199 0.00159550532554966 -0.000954501941120627 -0.00010448161385503 0.000527151969747743 0.00377327319835297
"NSLZS" 0.00375521537491135 0.000473606710984033 0.00570003639843416 0.00670901985661912 0.00541444477057583 0.00344626521207209 0.000348161583729614 0.0106026722063299 0.00267529313292965 0.000796662024834228 0.00288286026033058 0.00100463777108246 0.00128829955324148 -0.000190534851525666 0.000239775961343978 0.000725433885028213 0.00333409905332457 0.00368795709399395 0.00112472893240658 0.00257879573328061 -0.00568668101708647 -0.000738720357294684 -0.00627621531847358 -0.00232569232768487 0.00403234638518083 0.00202972569637711 0.0067762170614626 0.00661463681561747 0.00455521547678397 -0.000881994517054766 0.00273921629759829 0.0013086501160974 0.000309243399387917 0.00247685386728579 0.0036358814425029 0.000298119912017119 0.00233794844400647 0.000322055742434449 -0.000236342765641934
"NSLZI" 0.00193458153294972 0.00127320753050651 0.00187699276471187 0.0021972370355754 0.00259725414713307 0.00102365542651129 6.61635102804766e-05 0.00267529313292965 0.00258562810882892 0.000868508992262384 0.00127067619621503 0.000962190712864898 0.000780485097899093 0.000357867105177307 0.000541544440279714 0.000341415777142178 0.00111503209087646 0.00156460961767165 0.000892564847959462 0.00128275137590985 -0.000891243787974966 0.000180068874228133 0.00250659539281205 -0.000232297445314679 0.000960969782098353 0.00113619106931511 0.00248303838653148 0.00225864962767549 0.00190492038331263 0.000819300409836993 0.00110753613701042 0.00132534674156824 0.000961905533883934 0.000726350518809827 0.00152758156932454 0.000930068498797924 0.00117757439330418 0.000464903643216907 -3.09439793658448e-05
"NABR" 0.00166296006105832 0.000920406344450579 0.00134791288495587 0.00130655716159766 0.00112501132325743 0.000637755356308113 0.00051290279064424 0.000796662024834228 0.000868508992262384 0.00248540422306686 0.000845134456043974 0.000821003107232872 0.00196937341929186 0.000866595785141823 0.000928359353880973 6.2166733346367e-05 0.000416570604339798 0.000881444336097174 0.000585574600787158 0.00320658483840385 0.000501889523713787 0.000711928506963578 0.000942695315674659 -2.49746920175922e-05 0.00108672636281355 0.000265151313963282 0.00133070351811841 0.000407354372720529 0.000955851490438998 0.00125795059793744 0.000579287490592739 0.000620302142458282 0.000264937312733433 0.00109556196975563 2.12991485531547e-05 0.000306783734161564 0.00118239603224001 0.00011625871204293 0.00122349373212677
"NAFM" 0.0014291716453641 0.000741048677941467 0.00158838569665116 0.00192317225552017 0.00191379687087539 0.00126458163480281 -0.000332888993324457 0.00288286026033058 0.00127067619621503 0.000845134456043974 0.00242498445443322 0.000852033445483972 0.000719380641154017 6.28043544793492e-05 0.000873646724344204 0.000237420643163696 0.00114085306136133 0.00139195291545545 0.000867552483403626 0.00701840293897724 -0.000550337148803021 4.92192483491436e-05 -0.000763876048189147 0.000185618323669933 0.00209831175050885 0.000445759317858895 0.00219930103650296 0.00234521121165357 0.00209709987512601 0.000411814651461579 0.00133100108611674 0.000493061329613058 0.000792999853001018 0.00119479579743831 0.00102727718765772 0.000989809342212248 0.000939439588557656 0.000749055157232663 7.30598059281243e-05
"NAPNS" 0.00184000090853894 0.000961595931309366 0.00226155336398142 0.00166904723842878 0.00138608708437643 0.00105292419772939 0.00125702794555014 0.00100463777108246 0.000962190712864898 0.000821003107232872 0.000852033445483972 0.00237675931025719 0.000605706332187404 0.000730566571970398 0.00133108181546614 0.000884176294108875 0.000881698638095589 0.0011691075512074 0.000618068446302618 0.00209190739018759 0.000198074484180051 0.00149007486593874 0.000998903345220677 0.00121416164831953 0.00171676070651171 9.7841862507748e-05 0.00140247387145497 -0.0005249286247585 0.00137269090974039 0.00178914055501223 0.00104221620864219 0.00109892561374713 0.000864533239514061 0.00121001451996867 0.00132994423554124 0.00124253284640021 0.000872607964354038 0.000981155499052458 0.000488782736734583
"BRPT" 0.00153083356667544 0.000145359069164728 0.00127346152148932 0.000689396672470484 0.000993061516071353 0.000366240162707041 0.000232249405773404 0.00128829955324148 0.000780485097899093 0.00196937341929186 0.000719380641154017 0.000605706332187404 0.0045552173641229 0.0015734279414585 -0.00179177596180953 -0.00203792152718633 -0.000653731317343866 -0.000516534616341546 -0.00249197316191215 -0.00541252311536597 0.000195025391286809 0.00046905256089848 -0.000142267219824977 -0.000430291651569273 0.000205284997479296 -0.00158329184097124 0.00105383770160442 -0.000511624888366386 1.68251242832809e-05 0.00109339883983543 0.000793961189419668 0.000152448947078616 -0.0018488652183314 0.00183922830343046 0.00118896253735339 0.00113553333866864 0.00101918553459209 0.000135044769914928 0.00163815025923005
"BRAPET" 0.000862773084570267 0.000238167050905645 0.000477095400087067 0.000275150601032501 0.000319937879426649 0.000119760409610621 0.000281457191519641 -0.000190534851525666 0.000357867105177307 0.000866595785141823 6.28043544793492e-05 0.000730566571970398 0.0015734279414585 0.00176949729364951 0.000197418553311487 0.000478275334692994 -0.000133487424310451 0.000138081300909481 -8.78660497991186e-05 0.000736941036797936 0.000656933194836829 0.000971561610191606 0.00118831515136212 0.000120336600552549 -0.000204799063139227 -0.000191402732791121 0.000186145283804095 -0.00130397479847818 -0.000190003715263445 0.000722575446007059 0.000461172953743542 0.000390479586179164 1.42564515303416e-05 0.00136162446259276 0.00119678328589057 0.00133335726890636 0.000218602948174425 0.000323873607496682 0.00103309855076224
"PTFM" 0.00272259324464685 0.00111939021994139 0.00114025656214854 0.000828051164705465 -0.000529786493990226 0.000515518949982963 0.0023008312671331 0.000239775961343978 0.000541544440279714 0.000928359353880973 0.000873646724344204 0.00133108181546614 -0.00179177596180953 0.000197418553311487 0.00928515314413563 0.00231156152067834 0.00033249341749157 -0.000559768730073181 0.00329509309179783 0.00943378887967839 0.000650953416993801 0.00150870665927572 0.00143249718057254 0.00100350871794367 0.00228115526199741 0.0028973008108646 0.00168966066238465 -0.000277057504963406 0.00167559121844179 0.00270809635883331 0.0010657720983616 0.00276469523416266 0.00299067457750625 0.00120336838741433 0.00181435681449397 0.000112513695602728 -0.000855219103054609 0.00166765140592974 0.00155963821676881
"PTAPET" 0.000722663090686037 0.00109712849311159 0.00160273654613993 0.00178698094546255 0.00102718125911906 0.00109278060867481 0.000802556296198764 0.000725433885028213 0.000341415777142178 6.2166733346367e-05 0.000237420643163696 0.000884176294108875 -0.00203792152718633 0.000478275334692994 0.00231156152067834 0.00523784456712172 0.00293986216222192 0.00295813338641423 0.00374891824575271 0.0206467473510822 -0.000864211078388453 0.000679037489070268 0.000454469905271664 0.000334429743097166 0.0012912174195297 0.0014988784882964 0.00201242910382737 0.00192409443668333 0.000500821319052939 -0.000320072010899591 0.00041383365687947 0.00109031347344833 0.00226172725849381 0.0011319240111532 -0.000499104329464735 0.000775721759528723 0.000547559597190368 0.000221056602015212 -1.88060403948768e-05
"PTBA" 0.00184600854920086 0.00170923685806617 0.00338302387886961 0.00374071773847267 0.00309791749452242 0.00214596271306013 -5.80640242172417e-05 0.00333409905332457 0.00111503209087646 0.000416570604339798 0.00114085306136133 0.000881698638095589 -0.000653731317343866 -0.000133487424310451 0.00033249341749157 0.00293986216222192 0.00368489319035052 0.00376296128481692 0.00223189447101509 0.0120922433200851 -0.00202348430606628 9.10369906807832e-05 -0.00149508208085111 -4.08423651088171e-05 0.00250450450953014 0.00117296478976341 0.00386324045262073 0.00420416180843926 0.00303153317355848 -0.0010601341108643 0.00137077916434326 0.00117210134993589 0.00114825250428118 0.00125574422970862 0.000675578175198072 0.00104892326356272 0.00190276086080199 0.000373352381768233 -0.000640054321258025
"PTEAM" 0.00271063705677236 0.00276383568678116 0.0038833563528796 0.00439562381913647 0.00354502040243091 0.00249651690321038 8.60405036808843e-05 0.00368795709399395 0.00156460961767165 0.000881444336097174 0.00139195291545545 0.0011691075512074 -0.000516534616341546 0.000138081300909481 -0.000559768730073181 0.00295813338641423 0.00376296128481692 0.00628119206643627 0.00395932831000707 0.0151091707215869 -0.00197691522528375 0.00065497854379074 -0.000754743134412364 0.000659846274565706 0.00352319019874072 0.00183917018884603 0.0041398587478521 0.00402571841249019 0.00301596673155218 -0.000260271422950589 0.00140375557423287 0.00153407202547021 0.00236729178981053 0.000857959216169143 0.000606060204615079 0.00104887609279647 0.00333092616533398 0.000769688714770293 -0.000180289208825716
"PTZYGO" 0.00118053948000453 0.00235566752264223 0.00104097069754582 0.00155042498734734 0.000199783655100256 0.000866066338614468 -0.0010354900382169 0.00112472893240658 0.000892564847959462 0.000585574600787158 0.000867552483403626 0.000618068446302618 -0.00249197316191215 -8.78660497991186e-05 0.00329509309179783 0.00374891824575271 0.00223189447101509 0.00395932831000707 0.00723411456327571 0.0176864550027746 -0.000315907533208325 0.00129455761561727 0.00141587584691758 0.00112559050166951 0.0025889911314417 0.00340663233450546 0.00191406235395394 0.00131588928360784 0.00159778335587969 0.00131731794381437 0.00116222616061277 0.00185626101668383 0.00576064028931365 0.000460378029135704 -0.000870325766745893 0.000666291947711766 0.00135792858162713 0.000802000897095014 -0.000106023323518378
"PTTSP" 0.00730464244457395 0.00819058808205795 0.00394291864644687 0.00278484238535073 0.000763086956635364 0.00326471518848 -0.0087588083722374 0.00257879573328061 0.00128275137590985 0.00320658483840385 0.00701840293897724 0.00209190739018759 -0.00541252311536597 0.000736941036797936 0.00943378887967839 0.0206467473510822 0.0120922433200851 0.0151091707215869 0.0176864550027746 0.34001690967564 -0.00185139476497428 0.00143339256183732 -0.000575525902159389 0.000249847141833115 0.0122616422767325 -0.0149052543625645 0.0105223930986407 0.0107821435386041 0.00182539666717303 0.00288554317133828 -0.000102699050243913 -0.00382027086871442 0.00168195478579758 0.000860479436929321 -0.00504614097536519 0.00517548394967388 0.00415200353030396 -0.000385689956521242 0.00163794535661295
"FMZS" -0.000876100753603606 0.00120925291130354 -0.00249249762345043 -0.00239444466403502 -0.00192541107996575 -0.00133865737921092 0.00077049381714163 -0.00568668101708647 -0.000891243787974966 0.000501889523713787 -0.000550337148803021 0.000198074484180051 0.000195025391286809 0.000656933194836829 0.000650953416993801 -0.000864211078388453 -0.00202348430606628 -0.00197691522528375 -0.000315907533208325 -0.00185139476497428 0.00835767799361525 0.00285960778155114 0.0037716145010837 0.00196047824502614 -0.00054172792596511 -0.000294725257829088 -0.00255429638403602 -0.0025503952804052 -0.00107763593153518 0.0021652260090813 -0.000766234854412311 -3.07484389438496e-05 0.000957674246501221 -0.000567194681485448 -0.000339554858993786 0.00068190937061493 -0.00108301576558022 0.00105550351943502 0.000359261561229111
"FMMT" 0.00132023075246068 0.00171790260407572 0.000999029024649125 0.000939136799255877 0.00016108510279585 0.000557416497800794 0.000458914703326742 -0.000738720357294684 0.000180068874228133 0.000711928506963578 4.92192483491436e-05 0.00149007486593874 0.00046905256089848 0.000971561610191606 0.00150870665927572 0.000679037489070268 9.10369906807832e-05 0.00065497854379074 0.00129455761561727 0.00143339256183732 0.00285960778155114 0.00299226400727342 0.00124138516432625 0.00185194641176074 0.00130955776588635 0.000135659804178663 0.000800304779559322 -0.00173192126469942 0.00066272653478989 0.00259903830799803 0.000605619885725375 0.00110952650964183 0.0016156193275566 0.000738959933657904 0.00126053641204683 0.00153320027986278 0.000470749538119023 0.00121823970920679 0.000385919279302542
"ZSZI" -0.000233311395537887 0.00149599467770603 -0.00272532814186771 -0.00321659329806638 -0.00119759388350285 -0.00177075982440258 0.000240646797879078 -0.00627621531847358 0.00250659539281205 0.000942695315674659 -0.000763876048189147 0.000998903345220677 -0.000142267219824977 0.00118831515136212 0.00143249718057254 0.000454469905271664 -0.00149508208085111 -0.000754743134412364 0.00141587584691758 -0.000575525902159389 0.0037716145010837 0.00124138516432625 0.0133644909879445 0.00184976834071209 -0.0027250162986565 0.00060840494933631 -0.00282388337731473 -0.0035445510849715 -0.00148012599047228 0.00313096174332796 -0.000709089390093911 0.00148934835534504 0.00226197463751097 -0.000915368629262838 -0.0010857147926795 0.00190121944859978 -0.000208462025693908 0.00057463091043277 0.000532647746205021
"ZIMT" 0.000303435140507685 0.00126857875445394 -0.000328871065239097 -0.000830888070963225 -0.000882863246583128 -6.12382026364595e-05 -1.60281009096846e-05 -0.00232569232768487 -0.000232297445314679 -2.49746920175922e-05 0.000185618323669933 0.00121416164831953 -0.000430291651569273 0.000120336600552549 0.00100350871794367 0.000334429743097166 -4.08423651088171e-05 0.000659846274565706 0.00112559050166951 0.000249847141833115 0.00196047824502614 0.00185194641176074 0.00184976834071209 0.00422693645499168 0.00113021608180228 -5.4153513590684e-05 -0.00113448204646269 -0.00236688052905922 0.000377621135337855 0.00200924853722438 0.000223541281916781 0.000918779851792318 0.00145720831030043 -0.0002143374640098 -0.000422667257580635 0.00144861047594976 0.000444702704373193 0.00155771414930862 0.000193514199442442
"ZIZYGO" 0.00418838789983598 0.00317334584144056 0.00447850654759032 0.00487681676957767 0.0030298486957596 0.00280463243181181 0.00109526096582106 0.00403234638518083 0.000960969782098353 0.00108672636281355 0.00209831175050885 0.00171676070651171 0.000205284997479296 -0.000204799063139227 0.00228115526199741 0.0012912174195297 0.00250450450953014 0.00352319019874072 0.0025889911314417 0.0122616422767325 -0.00054172792596511 0.00130955776588635 -0.0027250162986565 0.00113021608180228 0.007744295868666 0.00132854543871956 0.00484750486223226 0.00441330854889708 0.00352408573095079 0.00109111337995872 0.00244096732732033 -7.83239597008806e-05 0.00197937394230883 0.0018765957388438 0.00171231621610592 0.00151650333112661 0.00207302842182407 0.00234603342781075 0.000759108365806675
"ZITSP" 0.0010605306330095 0.000823523746963248 0.00163300112613209 0.00235552962604308 0.00141415521543507 0.00108727552896311 0.0018447517847681 0.00202972569637711 0.00113619106931511 0.000265151313963282 0.000445759317858895 9.7841862507748e-05 -0.00158329184097124 -0.000191402732791121 0.0028973008108646 0.0014988784882964 0.00117296478976341 0.00183917018884603 0.00340663233450546 -0.0149052543625645 -0.000294725257829088 0.000135659804178663 0.00060840494933631 -5.4153513590684e-05 0.00132854543871956 0.00871612257077568 0.00194830118697664 0.00315939408901018 0.00189799117621949 -0.00068166449172009 0.000955498632479259 0.00250250860863905 0.00235687312029686 -0.000178509766894841 0.00146117339628912 -0.00184536502653565 0.000485624299553529 0.000890616712453509 6.01325777193687e-05
"MTPNS" 0.00505486739682625 0.00418275216787385 0.00738025242155985 0.00788729110964331 0.00641523039615947 0.00419642980851187 0.000953260815868397 0.0067762170614626 0.00248303838653148 0.00133070351811841 0.00219930103650296 0.00140247387145497 0.00105383770160442 0.000186145283804095 0.00168966066238465 0.00201242910382737 0.00386324045262073 0.0041398587478521 0.00191406235395394 0.0105223930986407 -0.00255429638403602 0.000800304779559322 -0.00282388337731473 -0.00113448204646269 0.00484750486223226 0.00194830118697664 0.00975933208241345 0.00684442139982215 0.004218458040145 -0.000863081573445151 0.00274504097739112 0.00225449922479887 0.000679755260873245 0.00168601523430624 0.00313049525793498 0.000249947614505121 0.00250701597599824 0.00133516861610055 0.000176531776474201
"PNSAPET" 0.00221723753204239 0.00271906695181426 0.00378757128278934 0.00738916568659527 0.00689416757573529 0.00382153139787731 0.00143938540704541 0.00661463681561747 0.00225864962767549 0.000407354372720529 0.00234521121165357 -0.0005249286247585 -0.000511624888366386 -0.00130397479847818 -0.000277057504963406 0.00192409443668333 0.00420416180843926 0.00402571841249019 0.00131588928360784 0.0107821435386041 -0.0025503952804052 -0.00173192126469942 -0.0035445510849715 -0.00236688052905922 0.00441330854889708 0.00315939408901018 0.00684442139982215 0.0162799993043579 0.00338938877073134 -0.00573849588399407 0.00196378411103862 0.0013819449934009 0.000461386256769734 0.000577633623550807 0.00165286230271069 -0.00121596309487347 0.00174959136844111 0.000207416982898538 -0.001103700104811
"APETBA" 0.00340267308049443 0.00266092984385875 0.0040886272715893 0.0049155915849755 0.00400217431493013 0.00250007091706335 -7.10661697681142e-05 0.00455521547678397 0.00190492038331263 0.000955851490438998 0.00209709987512601 0.00137269090974039 1.68251242832809e-05 -0.000190003715263445 0.00167559121844179 0.000500821319052939 0.00303153317355848 0.00301596673155218 0.00159778335587969 0.00182539666717303 -0.00107763593153518 0.00066272653478989 -0.00148012599047228 0.000377621135337855 0.00352408573095079 0.00189799117621949 0.004218458040145 0.00338938877073134 0.00650872779137665 0.000793533191168828 0.00250284507777753 0.00194928474887019 0.00163939224310894 0.00167088262686933 0.00257771804738627 0.00143323278130719 0.00222348865569451 0.00147277723838313 -0.000909819983914807
"APETTS" 0.00225381719205499 0.00137628754245113 -1.45554519511146e-05 -0.000332258603578348 -0.00117727458439381 -0.000836717108032219 0.00253116135467074 -0.000881994517054766 0.000819300409836993 0.00125795059793744 0.000411814651461579 0.00178914055501223 0.00109339883983543 0.000722575446007059 0.00270809635883331 -0.000320072010899591 -0.0010601341108643 -0.000260271422950589 0.00131731794381437 0.00288554317133828 0.0021652260090813 0.00259903830799803 0.00313096174332796 0.00200924853722438 0.00109111337995872 -0.00068166449172009 -0.000863081573445151 -0.00573849588399407 0.000793533191168828 0.00851568497010133 0.0011059026798786 0.000688694295396006 0.00178556552042877 0.000755903316548684 0.000272007479700407 0.00131570750544788 -6.42021208186087e-06 0.00130787904686485 0.00186049635669851
"BAEAM" 0.00233771707656919 0.00146398469901649 0.0025969209609457 0.0031833283394977 0.00241782118842469 0.00158118432687615 0.000906963473365052 0.00273921629759829 0.00110753613701042 0.000579287490592739 0.00133100108611674 0.00104221620864219 0.000793961189419668 0.000461172953743542 0.0010657720983616 0.00041383365687947 0.00137077916434326 0.00140375557423287 0.00116222616061277 -0.000102699050243913 -0.000766234854412311 0.000605619885725375 -0.000709089390093911 0.000223541281916781 0.00244096732732033 0.000955498632479259 0.00274504097739112 0.00196378411103862 0.00250284507777753 0.0011059026798786 0.00256312398979285 0.00100471694139259 0.0014989854699433 0.00168802867749777 0.00213282847360474 0.00123356217002076 0.00102490790425593 0.00148611737748112 0.000662457289487708
"EAMZYGO" 0.00162233523084466 0.00127694303415311 0.00193766260934651 0.00204409625168867 0.00122572861585451 0.000920049198194259 0.00187073802144758 0.0013086501160974 0.00132534674156824 0.000620302142458282 0.000493061329613058 0.00109892561374713 0.000152448947078616 0.000390479586179164 0.00276469523416266 0.00109031347344833 0.00117210134993589 0.00153407202547021 0.00185626101668383 -0.00382027086871442 -3.07484389438496e-05 0.00110952650964183 0.00148934835534504 0.000918779851792318 -7.83239597008806e-05 0.00250250860863905 0.00225449922479887 0.0013819449934009 0.00194928474887019 0.000688694295396006 0.00100471694139259 0.00484925811730222 0.00213139219681494 0.000309865913401316 0.00141275566542527 3.91278972453642e-05 0.00126653270993335 0.000888494636749378 0.000463060366843653
"ZYGOTSP" 0.000751032672510053 0.00225625203287758 0.000311565977219829 0.000886740259330726 -2.09680115407018e-05 0.000462683379014178 -0.000636456638234553 0.000309243399387917 0.000961905533883934 0.000264937312733433 0.000792999853001018 0.000864533239514061 -0.0018488652183314 1.42564515303416e-05 0.00299067457750625 0.00226172725849381 0.00114825250428118 0.00236729178981053 0.00576064028931365 0.00168195478579758 0.000957674246501221 0.0016156193275566 0.00226197463751097 0.00145720831030043 0.00197937394230883 0.00235687312029686 0.000679755260873245 0.000461386256769734 0.00163939224310894 0.00178556552042877 0.0014989854699433 0.00213139219681494 0.00736989638715664 0.00108728937734653 1.41889468330386e-05 0.00133488038614123 0.000877621713792958 0.00132752066619866 -0.000456154703246125
"LDAS" 0.00222898540411566 -0.000100372358226469 0.00199621738244694 0.0017037938040186 0.00130376041192436 0.00106769958674811 0.00122256027629199 0.00247685386728579 0.000726350518809827 0.00109556196975563 0.00119479579743831 0.00121001451996867 0.00183922830343046 0.00136162446259276 0.00120336838741433 0.0011319240111532 0.00125574422970862 0.000857959216169143 0.000460378029135704 0.000860479436929321 -0.000567194681485448 0.000738959933657904 -0.000915368629262838 -0.0002143374640098 0.0018765957388438 -0.000178509766894841 0.00168601523430624 0.000577633623550807 0.00167088262686933 0.000755903316548684 0.00168802867749777 0.000309865913401316 0.00108728937734653 0.00588416332335952 0.00131592853738567 0.00399665663650911 0.000753562403664227 0.000533783043954168 0.00168034637801704
"BRLD" 0.00338007735303214 0.000703748696284938 0.00370512808985684 0.00468175985776053 0.00368939367602972 0.00228762469352762 0.00159550532554966 0.0036358814425029 0.00152758156932454 2.12991485531547e-05 0.00102727718765772 0.00132994423554124 0.00118896253735339 0.00119678328589057 0.00181435681449397 -0.000499104329464735 0.000675578175198072 0.000606060204615079 -0.000870325766745893 -0.00504614097536519 -0.000339554858993786 0.00126053641204683 -0.0010857147926795 -0.000422667257580635 0.00171231621610592 0.00146117339628912 0.00313049525793498 0.00165286230271069 0.00257771804738627 0.000272007479700407 0.00213282847360474 0.00141275566542527 1.41889468330386e-05 0.00131592853738567 0.00978524088986807 -0.000289936280454591 0.000964816915999984 0.00251288581602315 0.00120182858666077
"OPILD" 0.00173190963242312 0.00103101480795578 0.000385173679145096 -0.000303657381634133 -3.20495944579744e-05 0.000350424729772998 -0.000954501941120627 0.000298119912017119 0.000930068498797924 0.000306783734161564 0.000989809342212248 0.00124253284640021 0.00113553333866864 0.00133335726890636 0.000112513695602728 0.000775721759528723 0.00104892326356272 0.00104887609279647 0.000666291947711766 0.00517548394967388 0.00068190937061493 0.00153320027986278 0.00190121944859978 0.00144861047594976 0.00151650333112661 -0.00184536502653565 0.000249947614505121 -0.00121596309487347 0.00143323278130719 0.00131570750544788 0.00123356217002076 3.91278972453642e-05 0.00133488038614123 0.00399665663650911 -0.000289936280454591 0.00805578516031551 0.00118446687567006 0.00102446980092593 -0.000503474902899795
"PTAS" 0.00203920311350851 0.00162884243749444 0.00288197448235374 0.00268602141297148 0.00240910731176309 0.00169526998533051 -0.00010448161385503 0.00233794844400647 0.00117757439330418 0.00118239603224001 0.000939439588557656 0.000872607964354038 0.00101918553459209 0.000218602948174425 -0.000855219103054609 0.000547559597190368 0.00190276086080199 0.00333092616533398 0.00135792858162713 0.00415200353030396 -0.00108301576558022 0.000470749538119023 -0.000208462025693908 0.000444702704373193 0.00207302842182407 0.000485624299553529 0.00250701597599824 0.00174959136844111 0.00222348865569451 -6.42021208186087e-06 0.00102490790425593 0.00126653270993335 0.000877621713792958 0.000753562403664227 0.000964816915999984 0.00118446687567006 0.00319555264029771 0.000831295736915332 2.23131163586051e-05
"JPAS" 0.00184075548125471 0.00160169187580265 0.00141837785481781 0.00188712215987687 0.00127308044021656 0.00121847396873288 0.000527151969747743 0.000322055742434449 0.000464903643216907 0.00011625871204293 0.000749055157232663 0.000981155499052458 0.000135044769914928 0.000323873607496682 0.00166765140592974 0.000221056602015212 0.000373352381768233 0.000769688714770293 0.000802000897095014 -0.000385689956521242 0.00105550351943502 0.00121823970920679 0.00057463091043277 0.00155771414930862 0.00234603342781075 0.000890616712453509 0.00133516861610055 0.000207416982898538 0.00147277723838313 0.00130787904686485 0.00148611737748112 0.000888494636749378 0.00132752066619866 0.000533783043954168 0.00251288581602315 0.00102446980092593 0.000831295736915332 0.00354864691681523 0.000746592463702628
"BAOPI" 0.00170650236546235 -0.000185260613845618 0.000735047224078853 0.000663930970555735 -4.84672770816425e-05 2.67658915264679e-05 0.00377327319835297 -0.000236342765641934 -3.09439793658448e-05 0.00122349373212677 7.30598059281243e-05 0.000488782736734583 0.00163815025923005 0.00103309855076224 0.00155963821676881 -1.88060403948768e-05 -0.000640054321258025 -0.000180289208825716 -0.000106023323518378 0.00163794535661295 0.000359261561229111 0.000385919279302542 0.000532647746205021 0.000193514199442442 0.000759108365806675 6.01325777193687e-05 0.000176531776474201 -0.001103700104811 -0.000909819983914807 0.00186049635669851 0.000662457289487708 0.000463060366843653 -0.000456154703246125 0.00168034637801704 0.00120182858666077 -0.000503474902899795 2.23131163586051e-05 0.000746592463702628 0.00482179892850853
