"" "ISPM" "ISNSL" "ISPNS" "PMZS" "PMZI" "PMMT" "NSLNA" "NSLZS" "NSLZI" "NABR" "NAFM" "NAPNS" "BRPT" "BRAPET" "PTFM" "PTAPET" "PTBA" "PTEAM" "PTZYGO" "PTTSP" "FMZS" "FMMT" "ZSZI" "ZIMT" "ZIZYGO" "ZITSP" "MTPNS" "PNSAPET" "APETBA" "APETTS" "BAEAM" "EAMZYGO" "ZYGOTSP" "LDAS" "BRLD" "OPILD" "PTAS" "JPAS" "BAOPI"
"ISPM" 0.00336919148088229 0.00430701871616845 0.00204139264601695 0.00298359838632055 0.00196633864347366 0.00197295741528317 0.000980459195163471 0.00135106369970833 0.00189046488147244 0.00110853016120694 0.00137446888429243 0.0016982493622404 0.00177577723646971 0.00135995343801532 0.000753692760472318 0.000320281967445212 0.0006731139333538 0.000434708016897871 0.000998499222850426 0.000930123714652919 0.00157857811268232 0.00203559833198112 0.00203246181526764 0.00272615297034028 0.00136348600508393 0.000671686465856037 0.000564893975861346 0.00219523811816473 0.00140235571261515 0.00140042468756098 0.00144489219388684 0.00149440451301426 0.00117377489912495 0.00112118365338033 0.00273464122668251 0.000607017522743313 0.0010676723074683 0.00113726406432997 0.000497012582214784
"ISNSL" 0.00430701871616845 0.0102231608383283 0.00495356484278379 0.00724046176572007 0.00502505464304908 0.00287728686746912 0.00123320694596479 0.00231001549123266 0.00333970695921106 0.00145202696429315 0.00222537610957922 0.00301988916787307 0.00205707080883561 0.00158983980343926 0.00234239413758136 -7.50115891226423e-05 0.000521337681679702 0.000291541822942761 0.00127611021097428 -0.00403151059818856 0.00176816034891333 0.003260079375025 0.00366218068457445 0.00315411681158561 0.00320821414487793 0.00348979914124916 0.00287749262990159 0.0044026743802561 0.00255941973766166 0.00371647776992874 0.00239165097242003 0.00245298670865139 0.00224270661195737 0.000528527458942353 0.00302504291491581 -0.000235003351734684 0.00138257796411878 0.00160182046592463 0.00048410790873791
"ISPNS" 0.00204139264601695 0.00495356484278379 0.00383267125636654 0.00446310334036135 0.0036037740273727 0.00195627403927706 0.00212129018403297 0.00210933312920736 0.0023586195109126 0.000362420380593946 0.00134875593859232 0.00251279484069364 0.000412520500561328 0.000433221872988413 0.000353769624969612 0.000172580318010685 0.000817876862934884 0.00122144140633042 0.00136090965627343 -0.00466394081847644 0.00133441999849559 0.00208114374804253 0.00200902238020828 0.00202311854202853 0.00198499368900025 0.00225521393544668 0.00268746922854741 0.00126829371084608 0.00232247624596129 0.00282445488153966 0.00171272918084446 0.00213100477333457 0.00195159425371451 0.000346361937245172 0.00220588631138256 0.000461661561886239 0.00161183798550572 0.00149374453475425 0.000220759557888413
"PMZS" 0.00298359838632055 0.00724046176572007 0.00446310334036135 0.00745583397211259 0.00513505020717743 0.00335017790623728 0.00461936748790271 0.00227131265330445 0.00278793658715987 0.000885810030867413 0.00181307057552754 0.00360473496629995 0.00159643022699057 0.000863519513540745 0.000991394820997753 -0.000307787053214347 0.000464214867418562 0.00100625215144055 0.000745682871229976 -0.00635405746077741 0.00160174039073768 0.00300727559519245 0.00311430010984233 0.0033618837134839 0.00297411201675114 0.00274098584778661 0.00238570155742406 0.00349891032974449 0.00270663614296932 0.0037651156325834 0.00240367288991755 0.00246658759506316 0.00240465257933679 8.60719573126753e-05 0.00185211094841801 0.000326673918361468 0.00150894096876707 0.00168941233817446 7.44773141595709e-05
"PMZI" 0.00196633864347366 0.00502505464304908 0.0036037740273727 0.00513505020717743 0.00486905724707283 0.0024108896575582 0.00285541766933858 0.0022417911857357 0.00312262227063229 0.000608769388217137 0.00145214959015669 0.00312049378688735 0.00155766950910125 0.00111542384373358 0.000786170504963338 -0.000202332316610964 0.000366562172928706 0.00108926057173957 0.000722293415502323 -0.00601833080057162 0.00138248157761658 0.00282369821789673 0.00308322278208203 0.00309437754400949 0.00168230834992072 0.00154188221460168 0.00272566442496117 0.00202837334999356 0.00222889978239201 0.0026223763735004 0.00196532010513653 0.00257838746694715 0.00220473043880184 0.000349112781314054 0.00222590211782681 0.00091116164584566 0.00184226561421974 0.00202258005457913 0.000145884481719464
"PMMT" 0.00197295741528317 0.00287728686746912 0.00195627403927706 0.00335017790623728 0.0024108896575582 0.00238272733458226 0.00273079577773828 0.00117164833596079 0.00163902420185436 0.000621842444088926 0.00113129970252641 0.00204882469320056 0.00172426309381514 0.000925581128786659 5.39336726523212e-05 -0.000245860350415011 0.000281672760896172 0.000532075718137779 0.000397049420773917 -0.00328877717840377 0.00121745171703175 0.00189368701015669 0.00204977268135762 0.00292597403060201 0.00131394745099293 0.000831966662438125 0.000509224240085873 0.00160498627458023 0.00144605179639679 0.00188710533717174 0.00142092908469129 0.00185329867566585 0.00158918213984771 0.000849256260855915 0.00163034575025994 0.0010653400169727 0.00110975537439238 0.00125318614929206 4.91547103160615e-05
"NSLNA" 0.000980459195163471 0.00123320694596479 0.00212129018403297 0.00461936748790271 0.00285541766933858 0.00273079577773828 0.0131665319145499 0.00235422738846441 0.00130248612440402 -0.000585979906769704 0.00143106113587599 0.00398548718732342 0.00104381844760683 -0.000119439672437573 -0.000387869032552648 -0.000444989781702041 0.000130788230100267 0.00158516973740536 -0.000600506299812117 -0.00860312587779486 0.00158672902617891 0.00203262602404012 0.00111291065874649 0.00331478030939625 0.00210478836912521 0.00151571669905093 0.000418016162528013 0.00231184473732216 0.00062031481277089 0.00182854970738573 0.00186706392632581 0.00244533838968695 0.00177046391978561 -0.00191226493165801 0.000847581409601886 -0.000125563801889007 0.00160852578740702 0.00177017470094327 0.00027196009229085
"NSLZS" 0.00135106369970833 0.00231001549123266 0.00210933312920736 0.00227131265330445 0.0022417911857357 0.00117164833596079 0.00235422738846441 0.00503730911939484 0.00194794930328821 9.25523878304781e-05 0.00117864807282968 0.00169576063505592 -6.86617494346386e-05 -0.000297519405206154 0.000474851933043636 6.00618516662578e-05 0.000403057619636556 0.00113823706872509 1.9689386501093e-05 -0.00496514915325922 0.000310378922656704 0.00149678988296274 -0.00202256393590367 0.00129731007160736 0.000478364520021466 0.00061611757278546 0.00148971117715363 0.0012458723990859 0.00172192635387278 0.000305946373258676 0.00111525725217824 0.00186417864109345 0.00072057669092573 0.000216582469737066 0.0024496439934795 -0.000323544769250448 0.00102171069290571 0.00102708153086466 7.49130712978926e-05
"NSLZI" 0.00189046488147244 0.00333970695921106 0.0023586195109126 0.00278793658715987 0.00312262227063229 0.00163902420185436 0.00130248612440402 0.00194794930328821 0.00305795898868673 0.000571821743210074 0.00116917035099637 0.00214956444189341 0.00171491630004047 0.00137631451835245 0.000709366485125781 -0.000331371524966794 0.000313248720530911 0.000672851752530417 0.000714582152358266 -0.00264693883125419 0.00101134822171957 0.00223584576655307 0.00319340635519258 0.00332164055732715 0.000824579576245934 0.000949828317344174 0.00186073474205739 0.000798565196827738 0.0020620391256732 0.00157160379357376 0.00165569815751165 0.00214086252810492 0.00161116323756356 0.000643708222748248 0.00296272415382032 0.00131370577839366 0.00165142061164595 0.001753885768109 9.45821571988672e-05
"NABR" 0.00110853016120694 0.00145202696429315 0.000362420380593946 0.000885810030867413 0.000608769388217137 0.000621842444088926 -0.000585979906769704 9.25523878304781e-05 0.000571821743210074 0.00225905069743709 0.00042600032296253 0.000562434303000423 0.00211256169980323 0.00148464094904702 0.000783474124623679 0.000558043453823867 0.000248024086035703 0.000132838639287184 -2.94022463694672e-05 0.00138835476012163 0.000635104505369928 0.000946565854403111 0.000805326095694959 0.00112171488748463 0.000824411664084605 0.000213281086784299 0.000261291904476032 0.00105338805006898 -7.40905788232748e-05 -0.000125384871096826 0.000499026569139544 -5.8825374719663e-05 0.000199407087512498 0.000355242835959035 -0.000694353108856651 0.000583106599244827 0.000209570321812804 -5.93145794700283e-05 -0.000972812757648401
"NAFM" 0.00137446888429243 0.00222537610957922 0.00134875593859232 0.00181307057552754 0.00145214959015669 0.00113129970252641 0.00143106113587599 0.00117864807282968 0.00116917035099637 0.00042600032296253 0.00111756616428669 0.00144909305790017 0.000699415171885042 0.000504339724654769 0.000626066101833608 0.000174552512419347 0.00035328045036994 0.000422932526006387 0.00077705994372764 -0.000248399029591534 0.00109686321807617 0.00142375721683693 0.00103557440107744 0.00143189226062818 0.000931044382121997 0.000502729124297203 0.000488759911279574 0.0012247641333437 0.000875281868366268 0.000636613435805419 0.000871222007970924 0.00158805822251591 0.000959505584303007 0.000102142370658769 0.00130349966782175 5.22933104337113e-05 0.000751847911157556 0.000880124998337538 0.000133018956906642
"NAPNS" 0.0016982493622404 0.00301988916787307 0.00251279484069364 0.00360473496629995 0.00312049378688735 0.00204882469320056 0.00398548718732342 0.00169576063505592 0.00214956444189341 0.000562434303000423 0.00144909305790017 0.00326498491425642 0.00138070569784671 0.000966415731769977 0.000882176649256891 5.65482639218349e-05 0.000305731202458736 0.000872491186277857 0.000690868066614807 -0.00304994498731329 0.00130618377123302 0.00244273187067322 0.00258520807851858 0.00231477753815573 0.00144157159094493 0.000845084277047588 0.000908382338318601 0.00157912388571631 0.00105387476162594 0.0019598069627117 0.00164350332204152 0.00247243871345455 0.00142982221038955 0.000163634753651713 0.00174111761960465 0.000661547473046334 0.00133118860764284 0.00166058821612607 -7.24907239662052e-05
"BRPT" 0.00177577723646971 0.00205707080883561 0.000412520500561328 0.00159643022699057 0.00155766950910125 0.00172426309381514 0.00104381844760683 -6.86617494346386e-05 0.00171491630004047 0.00211256169980323 0.000699415171885042 0.00138070569784671 0.0054945747006064 0.00298391043618372 0.000312705303291149 -0.00156225887981655 -0.00104550319593796 -0.00125452150209066 -0.00209349989666684 -0.00346953504108213 0.000330554627698926 0.00171651135692953 0.00311524832395023 0.0039476291206144 0.000539680228763658 -0.000416915053929033 -0.000232611384387723 0.00099285535800327 -7.54368153462281e-06 0.000543143387901215 0.00110365703338811 0.000946890516731099 0.000689009953040525 0.00178626599124689 0.00126233330714676 0.00225681510851808 0.000680831656440026 0.00105467336820911 -0.000748350197276063
"BRAPET" 0.00135995343801532 0.00158983980343926 0.000433221872988413 0.000863519513540745 0.00111542384373358 0.000925581128786659 -0.000119439672437573 -0.000297519405206154 0.00137631451835245 0.00148464094904702 0.000504339724654769 0.000966415731769977 0.00298391043618372 0.00254432993125577 0.000581856376295881 0.000314115762674282 -3.75866264072697e-05 -0.0001193290519267 -0.000114949744154217 0.0013571646410883 0.000299256949186341 0.0012970327189677 0.00286596557428299 0.00245763426041916 0.000396340936880367 -0.000248192214906782 8.88088899688594e-05 0.000199586564246521 -0.000125246207116368 0.000790085728167693 0.000891186656188818 -0.000130963295967096 0.000385172171268503 0.000985907269027095 0.00142913514757831 0.00149479338796106 0.000390445632466699 0.000819385975817334 -0.000345386028655008
"PTFM" 0.000753692760472318 0.00234239413758136 0.000353769624969612 0.000991394820997753 0.000786170504963338 5.39336726523212e-05 -0.000387869032552648 0.000474851933043636 0.000709366485125781 0.000783474124623679 0.000626066101833608 0.000882176649256891 0.000312705303291149 0.000581856376295881 0.0029174688113323 0.000391913909929127 -0.000245739438724346 -0.000462527615497687 0.000725691952888492 0.00314047505969387 5.38620651963359e-05 0.00116684060731435 0.000859093096241971 1.43548512102374e-05 0.000468603564000266 0.00059477066911908 0.000611517725027876 0.00225224036867024 -0.000665655386703852 0.000324907505776304 0.000472228713189404 0.00104525395696291 -0.000105050798316302 -0.00057023971781249 4.89576421331634e-05 -0.000683145275012629 -0.000178081976987679 0.000664497088229177 -0.000127070029166337
"PTAPET" 0.000320281967445212 -7.50115891226423e-05 0.000172580318010685 -0.000307787053214347 -0.000202332316610964 -0.000245860350415011 -0.000444989781702041 6.00618516662578e-05 -0.000331371524966794 0.000558043453823867 0.000174552512419347 5.65482639218349e-05 -0.00156225887981655 0.000314115762674282 0.000391913909929127 0.00358959947150761 0.00204672118727187 0.00249115672764127 0.00300386122845035 0.00759451639450607 0.000754816962730197 0.000295897804394645 -0.000261304087298887 -0.00127894869808472 0.000357881828006025 -7.2610084042995e-06 0.00036438309057096 0.000412435383307178 -0.000451581406909259 -0.000452234261624164 3.35059075412487e-05 -0.000608823101848169 0.000386161444546748 -0.000682722611788238 3.406987427618e-05 -0.00117157366776351 0.000243500726965065 1.58566313841141e-05 0.000456432478607831
"PTBA" 0.0006731139333538 0.000521337681679702 0.000817876862934884 0.000464214867418562 0.000366562172928706 0.000281672760896172 0.000130788230100267 0.000403057619636556 0.000313248720530911 0.000248024086035703 0.00035328045036994 0.000305731202458736 -0.00104550319593796 -3.75866264072697e-05 -0.000245739438724346 0.00204672118727187 0.00184114553876358 0.00230408456923458 0.00242894029152682 0.0036054811069898 0.00110150984606591 0.000490997519410503 9.9430544178811e-05 0.00025747508646443 0.000476223374506671 0.000456971507136311 0.000955580096603621 0.000263595003333405 0.00128049083071187 9.77632801112487e-05 0.000579026090724737 0.000625844799460718 0.00101958453950144 -1.65751082164153e-05 0.000625117836273317 -0.000303268808578196 0.000979860276745905 0.000267209646220765 0.000535171281861302
"PTEAM" 0.000434708016897871 0.000291541822942761 0.00122144140633042 0.00100625215144055 0.00108926057173957 0.000532075718137779 0.00158516973740536 0.00113823706872509 0.000672851752530417 0.000132838639287184 0.000422932526006387 0.000872491186277857 -0.00125452150209066 -0.0001193290519267 -0.000462527615497687 0.00249115672764127 0.00230408456923458 0.00375875036592705 0.00299164734436596 0.0028143713360414 0.00137727305682984 0.000884996712704131 0.000202319453464265 0.000217504162568531 0.000910255015858841 0.000350002369878545 0.0016569695707755 0.000571794996044478 0.00190557235900278 -0.00023770368724408 0.000924907297562268 0.000857189892511137 0.00165935855265632 -0.000219234118137386 0.000908516165655177 -0.00020816798160318 0.00176653883948438 0.00100405384092883 0.000754793509934966
"PTZYGO" 0.000998499222850426 0.00127611021097428 0.00136090965627343 0.000745682871229976 0.000722293415502323 0.000397049420773917 -0.000600506299812117 1.9689386501093e-05 0.000714582152358266 -2.94022463694672e-05 0.00077705994372764 0.000690868066614807 -0.00209349989666684 -0.000114949744154217 0.000725691952888492 0.00300386122845035 0.00242894029152682 0.00299164734436596 0.00492149718339087 0.00830644342414018 0.00193513798871704 0.00121461300339563 0.00154310188808594 -0.000100034426300992 0.00123344220411924 0.00091353818204499 0.00169091291434801 0.000448237906512798 0.00190315031749668 0.000410802169642153 0.000793446880667387 0.00141217534893414 0.00222158293630926 -0.000527680174809858 0.00171388264832453 -0.000466673269225306 0.00147620965875835 0.00160254192876923 0.000898828593883305
"PTTSP" 0.000930123714652919 -0.00403151059818856 -0.00466394081847644 -0.00635405746077741 -0.00601833080057162 -0.00328877717840377 -0.00860312587779486 -0.00496514915325922 -0.00264693883125419 0.00138835476012163 -0.000248399029591534 -0.00304994498731329 -0.00346953504108213 0.0013571646410883 0.00314047505969387 0.00759451639450607 0.0036054811069898 0.0028143713360414 0.00830644342414018 0.0605960153985214 0.000304038830088374 -0.00098473461476546 0.00273353575724528 -0.00427168728739778 -0.00236444246730942 -0.00794451072223466 -0.000973371042280389 -0.000231366597909358 -0.00142845025773693 -0.00237608609782619 -0.000853606516681738 -0.00212401065894742 -0.0017024851263452 -0.00180522261179206 0.00218974395377289 -0.00528321340718288 -0.00170062019650685 0.00121936686097013 0.00306451974302281
"FMZS" 0.00157857811268232 0.00176816034891333 0.00133441999849559 0.00160174039073768 0.00138248157761658 0.00121745171703175 0.00158672902617891 0.000310378922656704 0.00101134822171957 0.000635104505369928 0.00109686321807617 0.00130618377123302 0.000330554627698926 0.000299256949186341 5.38620651963359e-05 0.000754816962730197 0.00110150984606591 0.00137727305682984 0.00193513798871704 0.000304038830088374 0.00285880957962639 0.00185834715611026 0.0014237305667846 0.00149559293865198 0.00146025417255653 0.000733484359884429 0.000841997596090701 0.00121946783838193 0.00167941177492964 0.000137900173991852 0.000874513226245609 0.00151662564394534 0.00166838574764899 0.000119036580644498 0.00077721607322591 0.000271440959949822 0.0014110632783937 0.000904018705658038 0.000252897263150873
"FMMT" 0.00203559833198112 0.003260079375025 0.00208114374804253 0.00300727559519245 0.00282369821789673 0.00189368701015669 0.00203262602404012 0.00149678988296274 0.00223584576655307 0.000946565854403111 0.00142375721683693 0.00244273187067322 0.00171651135692953 0.0012970327189677 0.00116684060731435 0.000295897804394645 0.000490997519410503 0.000884996712704131 0.00121461300339563 -0.00098473461476546 0.00185834715611026 0.00288479095590215 0.00255308801747989 0.00284048608781032 0.00119536129038492 0.000617777906139792 0.00147763101772979 0.00192938175178079 0.00149950251053824 0.00122625424722186 0.00154171620159969 0.00234779550919398 0.00162222513681863 0.000491561987803681 0.00197713935552468 0.00068452580345309 0.00150647008726428 0.0020727621129373 0.000182659589665664
"ZSZI" 0.00203246181526764 0.00366218068457445 0.00200902238020828 0.00311430010984233 0.00308322278208203 0.00204977268135762 0.00111291065874649 -0.00202256393590367 0.00319340635519258 0.000805326095694959 0.00103557440107744 0.00258520807851858 0.00311524832395023 0.00286596557428299 0.000859093096241971 -0.000261304087298887 9.9430544178811e-05 0.000202319453464265 0.00154310188808594 0.00273353575724528 0.0014237305667846 0.00255308801747989 0.00883865465234959 0.00368963796585038 0.00174041187842379 0.000934391502957071 0.000893258022105169 0.000653313766313618 0.00141461138125352 0.00249723912641733 0.00172120660204441 0.00122327150083185 0.0021708896382746 0.000424726070985684 0.00304831995037755 0.00204633789811163 0.00157421843328769 0.00210364090583457 -3.48955951651353e-05
"ZIMT" 0.00272615297034028 0.00315411681158561 0.00202311854202853 0.0033618837134839 0.00309437754400949 0.00292597403060201 0.00331478030939625 0.00129731007160736 0.00332164055732715 0.00112171488748463 0.00143189226062818 0.00231477753815573 0.0039476291206144 0.00245763426041916 1.43548512102374e-05 -0.00127894869808472 0.00025747508646443 0.000217504162568531 -0.000100034426300992 -0.00427168728739778 0.00149559293865198 0.00284048608781032 0.00368963796585038 0.00870189844730246 1.05184471187205e-05 0.00106489280839808 0.0011611546399761 0.000391346515282508 0.0032648732698875 0.00299106683164965 0.00262419000119296 0.00400737333275264 0.00221227843400828 0.00220442297136684 0.00277180470932891 0.00344392504742171 0.00202470748304125 0.00279525272040428 0.000718712696551391
"ZIZYGO" 0.00136348600508393 0.00320821414487793 0.00198499368900025 0.00297411201675114 0.00168230834992072 0.00131394745099293 0.00210478836912521 0.000478364520021466 0.000824579576245934 0.000824411664084605 0.000931044382121997 0.00144157159094493 0.000539680228763658 0.000396340936880367 0.000468603564000266 0.000357881828006025 0.000476223374506671 0.000910255015858841 0.00123344220411924 -0.00236444246730942 0.00146025417255653 0.00119536129038492 0.00174041187842379 1.05184471187205e-05 0.00363190802263397 0.00222284112540239 0.00101425710490411 0.00159449618780524 0.00127393609302423 0.000731710065352672 0.000696651637424429 -0.00068188421085176 0.00184553388140367 -0.000666131518317716 0.00080541661851642 -0.000269424682097332 0.000646913607020681 0.000148698592098439 -0.000878158882543581
"ZITSP" 0.000671686465856037 0.00348979914124916 0.00225521393544668 0.00274098584778661 0.00154188221460168 0.000831966662438125 0.00151571669905093 0.00061611757278546 0.000949828317344174 0.000213281086784299 0.000502729124297203 0.000845084277047588 -0.000416915053929033 -0.000248192214906782 0.00059477066911908 -7.2610084042995e-06 0.000456971507136311 0.000350002369878545 0.00091353818204499 -0.00794451072223466 0.000733484359884429 0.000617777906139792 0.000934391502957071 0.00106489280839808 0.00222284112540239 0.00429351506512008 0.00133872066514579 0.000773399455062807 0.00138085134170992 0.00148710287058441 0.000736161404854003 0.00052597005742962 0.0015031256400244 -0.000650622989262295 -0.000339535882256013 0.000513425653541435 0.000528833842647236 -0.000175953119437626 -0.000727350027177082
"MTPNS" 0.000564893975861346 0.00287749262990159 0.00268746922854741 0.00238570155742406 0.00272566442496117 0.000509224240085873 0.000418016162528013 0.00148971117715363 0.00186073474205739 0.000261291904476032 0.000488759911279574 0.000908382338318601 -0.000232611384387723 8.88088899688594e-05 0.000611517725027876 0.00036438309057096 0.000955580096603621 0.0016569695707755 0.00169091291434801 -0.000973371042280389 0.000841997596090701 0.00147763101772979 0.000893258022105169 0.0011611546399761 0.00101425710490411 0.00133872066514579 0.00538696527443057 0.000704647859702408 0.00241685354010042 0.0018893741014336 0.00130635058836984 0.00160194724249955 0.00166548118395748 -0.00027107455254478 0.00171321456925192 -8.22063929802243e-05 0.00194839057516245 0.00181271285470138 0.000421215425985542
"PNSAPET" 0.00219523811816473 0.0044026743802561 0.00126829371084608 0.00349891032974449 0.00202837334999356 0.00160498627458023 0.00231184473732216 0.0012458723990859 0.000798565196827738 0.00105338805006898 0.0012247641333437 0.00157912388571631 0.00099285535800327 0.000199586564246521 0.00225224036867024 0.000412435383307178 0.000263595003333405 0.000571794996044478 0.000448237906512798 -0.000231366597909358 0.00121946783838193 0.00192938175178079 0.000653313766313618 0.000391346515282508 0.00159449618780524 0.000773399455062807 0.000704647859702408 0.0058698222408089 -0.000377162112346111 -0.00045313020529587 0.000871109511005112 0.00189584784153949 0.000610071145087068 -0.000352753051497628 -8.25397353164106e-05 -0.00130875291915137 0.000698131694904277 0.000440012777174702 0.000402709200318963
"APETBA" 0.00140235571261515 0.00255941973766166 0.00232247624596129 0.00270663614296932 0.00222889978239201 0.00144605179639679 0.00062031481277089 0.00172192635387278 0.0020620391256732 -7.40905788232748e-05 0.000875281868366268 0.00105387476162594 -7.54368153462281e-06 -0.000125246207116368 -0.000665655386703852 -0.000451581406909259 0.00128049083071187 0.00190557235900278 0.00190315031749668 -0.00142845025773693 0.00167941177492964 0.00149950251053824 0.00141461138125352 0.0032648732698875 0.00127393609302423 0.00138085134170992 0.00241685354010042 -0.000377162112346111 0.00567593285673426 0.00209202828095815 0.00185734202460146 0.00200784915798738 0.00272112971391337 0.00120585261182492 0.00265635817421728 0.00131406862208281 0.00189126923623422 0.00157201816509911 0.000400461499439238
"APETTS" 0.00140042468756098 0.00371647776992874 0.00282445488153966 0.0037651156325834 0.0026223763735004 0.00188710533717174 0.00182854970738573 0.000305946373258676 0.00157160379357376 -0.000125384871096826 0.000636613435805419 0.0019598069627117 0.000543143387901215 0.000790085728167693 0.000324907505776304 -0.000452234261624164 9.77632801112487e-05 -0.00023770368724408 0.000410802169642153 -0.00237608609782619 0.000137900173991852 0.00122625424722186 0.00249723912641733 0.00299106683164965 0.000731710065352672 0.00148710287058441 0.0018893741014336 -0.00045313020529587 0.00209202828095815 0.00642238130282532 0.00185563085104997 0.00141941817592928 0.000838098240862163 0.00140238151849611 0.00204243636069861 0.000729039774099699 0.000299800325030026 0.00116935300329976 0.000726186226699329
"BAEAM" 0.00144489219388684 0.00239165097242003 0.00171272918084446 0.00240367288991755 0.00196532010513653 0.00142092908469129 0.00186706392632581 0.00111525725217824 0.00165569815751165 0.000499026569139544 0.000871222007970924 0.00164350332204152 0.00110365703338811 0.000891186656188818 0.000472228713189404 3.35059075412487e-05 0.000579026090724737 0.000924907297562268 0.000793446880667387 -0.000853606516681738 0.000874513226245609 0.00154171620159969 0.00172120660204441 0.00262419000119296 0.000696651637424429 0.000736161404854003 0.00130635058836984 0.000871109511005112 0.00185734202460146 0.00185563085104997 0.00169076356943377 0.00180419983233336 0.00112184299888987 0.000767356412177408 0.0015448427676153 0.00125253506621932 0.00120349707056991 0.00123628006897675 0.0003139480000459
"EAMZYGO" 0.00149440451301426 0.00245298670865139 0.00213100477333457 0.00246658759506316 0.00257838746694715 0.00185329867566585 0.00244533838968695 0.00186417864109345 0.00214086252810492 -5.8825374719663e-05 0.00158805822251591 0.00247243871345455 0.000946890516731099 -0.000130963295967096 0.00104525395696291 -0.000608823101848169 0.000625844799460718 0.000857189892511137 0.00141217534893414 -0.00212401065894742 0.00151662564394534 0.00234779550919398 0.00122327150083185 0.00400737333275264 -0.00068188421085176 0.00052597005742962 0.00160194724249955 0.00189584784153949 0.00200784915798738 0.00141941817592928 0.00180419983233336 0.00682902249707474 0.00217761556667009 0.00101645609735142 0.00141773038619052 0.00105169145900784 0.00237548701255494 0.00295922195299219 0.00141952825097569
"ZYGOTSP" 0.00117377489912495 0.00224270661195737 0.00195159425371451 0.00240465257933679 0.00220473043880184 0.00158918213984771 0.00177046391978561 0.00072057669092573 0.00161116323756356 0.000199407087512498 0.000959505584303007 0.00142982221038955 0.000689009953040525 0.000385172171268503 -0.000105050798316302 0.000386161444546748 0.00101958453950144 0.00165935855265632 0.00222158293630926 -0.0017024851263452 0.00166838574764899 0.00162222513681863 0.0021708896382746 0.00221227843400828 0.00184553388140367 0.0015031256400244 0.00166548118395748 0.000610071145087068 0.00272112971391337 0.000838098240862163 0.00112184299888987 0.00217761556667009 0.0032627973021679 6.2364741275234e-05 0.00192412849201483 0.000763162868846415 0.00187811939023614 0.00192616432104622 8.06828346607211e-05
"LDAS" 0.00112118365338033 0.000528527458942353 0.000346361937245172 8.60719573126753e-05 0.000349112781314054 0.000849256260855915 -0.00191226493165801 0.000216582469737066 0.000643708222748248 0.000355242835959035 0.000102142370658769 0.000163634753651713 0.00178626599124689 0.000985907269027095 -0.00057023971781249 -0.000682722611788238 -1.65751082164153e-05 -0.000219234118137386 -0.000527680174809858 -0.00180522261179206 0.000119036580644498 0.000491561987803681 0.000424726070985684 0.00220442297136684 -0.000666131518317716 -0.000650622989262295 -0.00027107455254478 -0.000352753051497628 0.00120585261182492 0.00140238151849611 0.000767356412177408 0.00101645609735142 6.2364741275234e-05 0.00329503461320666 0.00140959864150141 0.00221405991915141 0.000376817750338454 0.000510735481072164 0.000617484568638777
"BRLD" 0.00273464122668251 0.00302504291491581 0.00220588631138256 0.00185211094841801 0.00222590211782681 0.00163034575025994 0.000847581409601886 0.0024496439934795 0.00296272415382032 -0.000694353108856651 0.00130349966782175 0.00174111761960465 0.00126233330714676 0.00142913514757831 4.89576421331634e-05 3.406987427618e-05 0.000625117836273317 0.000908516165655177 0.00171388264832453 0.00218974395377289 0.00077721607322591 0.00197713935552468 0.00304831995037755 0.00277180470932891 0.00080541661851642 -0.000339535882256013 0.00171321456925192 -8.25397353164106e-05 0.00265635817421728 0.00204243636069861 0.0015448427676153 0.00141773038619052 0.00192412849201483 0.00140959864150141 0.00702416229499304 0.00050865041715829 0.00165133670439199 0.00259329689495845 0.00124695828187796
"OPILD" 0.000607017522743313 -0.000235003351734684 0.000461661561886239 0.000326673918361468 0.00091116164584566 0.0010653400169727 -0.000125563801889007 -0.000323544769250448 0.00131370577839366 0.000583106599244827 5.22933104337113e-05 0.000661547473046334 0.00225681510851808 0.00149479338796106 -0.000683145275012629 -0.00117157366776351 -0.000303268808578196 -0.00020816798160318 -0.000466673269225306 -0.00528321340718288 0.000271440959949822 0.00068452580345309 0.00204633789811163 0.00344392504742171 -0.000269424682097332 0.000513425653541435 -8.22063929802243e-05 -0.00130875291915137 0.00131406862208281 0.000729039774099699 0.00125253506621932 0.00105169145900784 0.000763162868846415 0.00221405991915141 0.00050865041715829 0.00475581250161469 0.00105204153104006 0.00132531543706852 -0.000371060938346267
"PTAS" 0.0010676723074683 0.00138257796411878 0.00161183798550572 0.00150894096876707 0.00184226561421974 0.00110975537439238 0.00160852578740702 0.00102171069290571 0.00165142061164595 0.000209570321812804 0.000751847911157556 0.00133118860764284 0.000680831656440026 0.000390445632466699 -0.000178081976987679 0.000243500726965065 0.000979860276745905 0.00176653883948438 0.00147620965875835 -0.00170062019650685 0.0014110632783937 0.00150647008726428 0.00157421843328769 0.00202470748304125 0.000646913607020681 0.000528833842647236 0.00194839057516245 0.000698131694904277 0.00189126923623422 0.000299800325030026 0.00120349707056991 0.00237548701255494 0.00187811939023614 0.000376817750338454 0.00165133670439199 0.00105204153104006 0.00212129220944472 0.00184578867229303 0.000599937962721826
"JPAS" 0.00113726406432997 0.00160182046592463 0.00149374453475425 0.00168941233817446 0.00202258005457913 0.00125318614929206 0.00177017470094327 0.00102708153086466 0.001753885768109 -5.93145794700283e-05 0.000880124998337538 0.00166058821612607 0.00105467336820911 0.000819385975817334 0.000664497088229177 1.58566313841141e-05 0.000267209646220765 0.00100405384092883 0.00160254192876923 0.00121936686097013 0.000904018705658038 0.0020727621129373 0.00210364090583457 0.00279525272040428 0.000148698592098439 -0.000175953119437626 0.00181271285470138 0.000440012777174702 0.00157201816509911 0.00116935300329976 0.00123628006897675 0.00295922195299219 0.00192616432104622 0.000510735481072164 0.00259329689495845 0.00132531543706852 0.00184578867229303 0.00427999784891686 0.0016654160885137
"BAOPI" 0.000497012582214784 0.00048410790873791 0.000220759557888413 7.44773141595709e-05 0.000145884481719464 4.91547103160615e-05 0.00027196009229085 7.49130712978926e-05 9.45821571988672e-05 -0.000972812757648401 0.000133018956906642 -7.24907239662052e-05 -0.000748350197276063 -0.000345386028655008 -0.000127070029166337 0.000456432478607831 0.000535171281861302 0.000754793509934966 0.000898828593883305 0.00306451974302281 0.000252897263150873 0.000182659589665664 -3.48955951651353e-05 0.000718712696551391 -0.000878158882543581 -0.000727350027177082 0.000421215425985542 0.000402709200318963 0.000400461499439238 0.000726186226699329 0.0003139480000459 0.00141952825097569 8.06828346607211e-05 0.000617484568638777 0.00124695828187796 -0.000371060938346267 0.000599937962721826 0.0016654160885137 0.00250028685800267
