"" "ISPM" "ISNSL" "ISPNS" "PMZS" "PMZI" "PMMT" "NSLNA" "NSLZS" "NSLZI" "NABR" "NAFM" "NAPNS" "BRPT" "BRAPET" "PTFM" "PTAPET" "PTBA" "PTEAM" "PTZYGO" "PTTSP" "FMZS" "FMMT" "ZSZI" "ZIMT" "ZIZYGO" "ZITSP" "MTPNS" "PNSAPET" "APETBA" "APETTS" "BAEAM" "EAMZYGO" "ZYGOTSP" "LDAS" "BRLD" "OPILD" "PTAS" "JPAS" "BAOPI"
"ISPM" 0.00639534634433826 0.00515344610055208 0.00486050483437648 0.00414351746409733 0.00307013513979655 0.00314153769045808 0.000902590264099989 0.00112851437500983 0.00192418015276055 0.00223509124498593 0.00112145726210076 0.00238479414611282 0.00185620774123611 0.00242865272417245 0.00353079852930846 0.00242237310965281 0.00190616318174552 0.00236370281140841 0.00276808679494646 0.00900869282475629 0.00166599823950862 0.00329631926175008 0.00339228024953909 0.00205723743929612 0.0039195353025882 0.0014164795744688 0.00261819075372847 0.00496947888964881 -0.000117648862075231 -0.000171034198321608 0.00225197695655395 0.00103972397521449 0.00300235217177572 0.00166027346430295 0.00393268372089352 0.00265779738648754 0.00106656375097778 0.00137953137182915 0.00118940631924845
"ISNSL" 0.00515344610055208 0.011559277267081 0.00702735422648293 0.00829433736827384 0.00563084737109542 0.0045337378674325 -0.00141616801166412 0.0013134863067892 0.00250222321699845 0.00272342952349721 0.0015547361082965 0.00339509688126041 0.00189025355128697 0.00202115394816142 0.00471325711145402 0.00195130908455231 0.00142479350872434 0.00190928312899501 0.00349480475439536 0.00845342293029971 0.00182925561193814 0.00390291309446807 0.00427046534307244 0.001189143448416 0.00459852319076181 0.00176420811886275 0.00318414370347948 0.00677569326361822 -0.000846730962743029 -0.00063480745347579 0.00330781111185769 0.0017907689130705 0.00388148272289122 0.000792645402322322 0.00196773899388018 0.00202438450249317 0.000732830910093013 0.00121221355172978 0.000792980113655317
"ISPNS" 0.00486050483437648 0.00702735422648293 0.0059858090869134 0.00608308470432948 0.00442320422525287 0.00375886387632707 0.00105273115076878 0.00110358287824431 0.00221644282012554 0.00224689743320465 0.0011675260675138 0.00292786263186002 0.00154094703728439 0.00212173366485212 0.00372932400673553 0.00226920468511018 0.00181463242899957 0.00224697656360631 0.00311933791884343 0.0080050714279397 0.00191244270522609 0.00337627913674539 0.00418107215047179 0.00108152547649724 0.00381253712732949 0.00185867142791474 0.00284292275766528 0.00508124397112181 -0.000158650422309868 -0.000805810332634752 0.00280995626418908 0.00149376914480072 0.00350364292184964 0.00102823336621273 0.00306534987423156 0.00233865143212364 0.0011078523553475 0.00175542145756132 0.000866372579165993
"PMZS" 0.00414351746409733 0.00829433736827384 0.00608308470432948 0.00966880702928558 0.0065620572746535 0.00452876131209564 0.00289265608330354 0.00270925079666214 0.00289769165926624 0.00305575094465957 0.00148373448678377 0.00360113515201927 0.0019975382508821 0.00262225985896414 0.00479927354256173 0.00181742600845188 0.00184622111495959 0.00269416007858569 0.0039555467922622 0.00466602447561453 0.000888511673227488 0.00413780167716631 0.00436148704669654 0.00170675977671421 0.00424872178790881 0.00326889077522828 0.00382482551421798 0.00681201604660844 0.00114817320984568 -0.000134267916235932 0.00365083298825954 0.00269913376759305 0.00415392225698245 0.000605557951063419 0.00319696092396915 0.00280527009989771 0.00139615878285844 0.00281339241864904 0.000483841232644722
"PMZI" 0.00307013513979655 0.00563084737109542 0.00442320422525287 0.0065620572746535 0.00599215998082509 0.00366869888920243 0.00165787175606371 0.00261496198010075 0.00300584062267974 0.0023915238142678 0.00144229405413523 0.00260095284943912 0.00165725174308 0.00201222090321726 0.00338375273768611 0.00122556871947702 0.00143498152332123 0.00215294241792124 0.00281923733488856 0.00254688731782608 0.00112044110084288 0.00299657214396394 0.00389651195279183 0.00118700906069219 0.0025991536196892 0.00197077732056783 0.00288891592858856 0.00586209669562076 0.000913755831433254 -0.000483761017989127 0.00282300265173457 0.00186115215892991 0.00288419063892442 0.000962029040146549 0.00229204764664461 0.00285189776692635 0.00126087317364135 0.00222445396657979 0.000428728818744104
"PMMT" 0.00314153769045808 0.0045337378674325 0.00375886387632707 0.00452876131209564 0.00366869888920243 0.0035691833570171 0.00118257435829931 0.00131655648137769 0.00183845335929966 0.00176034910777822 0.000874173568470864 0.00219776095654823 0.0015352392962502 0.00179892610830849 0.00296602684301617 0.0014959281549799 0.00126544378048671 0.00167853555858535 0.00217218129523872 0.00580349400678274 0.00116313253169173 0.00234695438853178 0.002848644163676 0.00142006423487375 0.00263448929221527 0.00120636928587017 0.00130169932386495 0.00471207058070423 4.30213840161843e-06 -0.000558174008442885 0.0020004249407587 0.00128474192142982 0.00228441607305662 0.000995319625056361 0.0021120684370191 0.00225980031727064 0.000833724392210984 0.00163518117477649 0.000975427089137919
"NSLNA" 0.000902590264099989 -0.00141616801166412 0.00105273115076878 0.00289265608330354 0.00165787175606371 0.00118257435829931 0.0142763460256014 -3.08066357904344e-05 0.0010827722291814 -0.000704222057111486 -0.000456050244589115 0.00114215454680134 -0.000614322178620815 0.000363745747432973 0.000978738895908981 0.000313120203129619 0.000667148811490074 0.000261085280471169 0.00170742674811909 0.00134248912163145 0.00212049266764862 0.00143002668228402 0.00352523185009306 0.000818221523159913 0.000389517098970973 0.00245910687434571 0.00150529256142567 0.00208643509767839 0.00144076630144437 -0.00109876879643505 0.00113905592516498 0.00132276069305432 0.00164002878234857 -3.54509338438449e-05 0.00288992029534968 -0.000814620719704367 0.00014871626553453 0.000459277576623372 0.000943346948540622
"NSLZS" 0.00112851437500983 0.0013134863067892 0.00110358287824431 0.00270925079666214 0.00261496198010075 0.00131655648137769 -3.08066357904344e-05 0.00800235060006298 0.0024466081390327 0.00111792430401638 0.00185366311324754 0.00124061728157828 0.00138896153150505 0.00135221981634191 8.92168670417113e-05 -0.000308379211168995 0.000633490176025167 0.00146164647996721 0.00132618793837695 -0.00776834589364302 -0.00273842634992983 0.000305995472986093 -0.00391972397214071 0.00063800077950533 0.00274871391924674 0.00172404148225482 0.00121501680229779 0.00259402875869415 0.00191136403133813 0.00109531668570913 0.00145333774606324 -0.000849179376456113 0.000896894103221788 0.000806091941025928 0.00179307565222391 0.00258007908968007 0.00105945669813992 0.00153437701454059 -0.000446017982848405
"NSLZI" 0.00192418015276055 0.00250222321699845 0.00221644282012554 0.00289769165926624 0.00300584062267974 0.00183845335929966 0.0010827722291814 0.0024466081390327 0.00224012380685315 0.00114705288796785 0.00106361046732281 0.00143212970410412 0.000931373256921674 0.00117835881028127 0.00120600283263206 0.000682295530641415 0.000830110043838838 0.00128332486472761 0.00172642770206046 -0.000170603939853143 0.000517257564804841 0.0014150611562906 0.0021601498728382 0.00042481533921012 0.00156970102579698 0.00128429992801174 0.00142061722278656 0.00344020746553939 0.000216195141269213 -0.000502106254755287 0.00152135532842527 0.000274757672902541 0.00170402927837312 0.000626907963835633 0.00171817787732853 0.00158367949091092 0.000871141521775269 0.00124518424660912 0.000501020540302193
"NABR" 0.00223509124498593 0.00272342952349721 0.00224689743320465 0.00305575094465957 0.0023915238142678 0.00176034910777822 -0.000704222057111486 0.00111792430401638 0.00114705288796785 0.00323076790927649 0.00119388593666681 0.00170945806330019 0.00216800291877705 0.00202628431227893 0.00328034821803536 0.00113472554265223 0.00126686654220051 0.00157663606717602 0.00187303894958948 0.00580971299651567 0.000813926507876771 0.00224376804318624 0.00137469669117806 0.00167282384310604 0.00236954749677244 0.00104296921196759 0.00207018896424786 0.00321327799818538 0.00138855850828979 0.000627535794809166 0.00171902442749927 0.00159066608541932 0.00220455518107004 0.000818458953175672 0.00113545467237128 0.0019451912487867 0.000852094675606868 0.00165372966835873 8.51557485521894e-05
"NAFM" 0.00112145726210076 0.0015547361082965 0.0011675260675138 0.00148373448678377 0.00144229405413523 0.000874173568470864 -0.000456050244589115 0.00185366311324754 0.00106361046732281 0.00119388593666681 0.00160622389774819 0.00114234791944766 0.000848446871865499 0.000739298417682977 0.000722307954676533 4.24553189031108e-06 0.000356451131762619 0.000782111298094287 0.000888233544171609 -0.000839524760894478 0.000362306066133302 0.00073618834501982 6.44152552715701e-05 0.000647173366027144 0.00155052526320666 0.000665005281009121 0.00101368061444858 0.00132884844412451 0.00067247071458497 0.000715158286880544 0.000830847422564713 0.000217751688447196 0.00101669235260618 0.000366786668993638 0.000726537496542045 0.00105407656302544 0.000467761073976252 0.000562959702538504 -7.53345124042184e-05
"NAPNS" 0.00238479414611282 0.00339509688126041 0.00292786263186002 0.00360113515201927 0.00260095284943912 0.00219776095654823 0.00114215454680134 0.00124061728157828 0.00143212970410412 0.00170945806330019 0.00114234791944766 0.00269932781013275 0.00150535262545791 0.00170835584553914 0.00214399413577405 0.000989843823839488 0.00100878626081312 0.00149888934780038 0.00162872663210529 0.00387640123643615 0.000890623861899107 0.00225098423512707 0.0019885036151689 0.00150399333128537 0.00237323667627492 0.00086272146853879 0.00164964956581827 0.0029114320552489 0.00051717208515749 0.000219383876556232 0.00165825618121863 0.00151214246455898 0.00188077688271811 0.000731472698834417 0.00178781589058838 0.00192046228552665 0.000811508753383693 0.00145855590656085 0.000509587594816722
"BRPT" 0.00185620774123611 0.00189025355128697 0.00154094703728439 0.0019975382508821 0.00165725174308 0.0015352392962502 -0.000614322178620815 0.00138896153150505 0.000931373256921674 0.00216800291877705 0.000848446871865499 0.00150535262545791 0.00341956284339951 0.00228561778988817 0.00160453739949581 -0.000513557636346149 0.000144980976310681 0.000664569571959597 -0.000208019238874038 -0.00437183501438346 0.000323557082074204 0.00177727809389363 0.000332707101565039 0.00184060143130395 0.00252285413431757 0.000776257127989653 0.00147220461322613 0.00273879954921061 0.00087258437829171 0.000678558670132148 0.00126493990059829 0.00154378306830379 0.000827935416111926 0.0010188315298915 0.00169021069396856 0.0021205798987286 0.000992057913288526 0.00138323095765732 0.000141667807619521
"BRAPET" 0.00242865272417245 0.00202115394816142 0.00212173366485212 0.00262225985896414 0.00201222090321726 0.00179892610830849 0.000363745747432973 0.00135221981634191 0.00117835881028127 0.00202628431227893 0.000739298417682977 0.00170835584553914 0.00228561778988817 0.00254952628366522 0.00244454398488787 0.00120212331772974 0.00111454840054356 0.00151706546060435 0.00144161305094838 0.00328563841137838 0.000663248459843389 0.00212373650486763 0.0012181353515382 0.00180327354210274 0.0024103745146986 0.00113585626656958 0.0015950319245551 0.0028759205394403 0.000745769099912177 0.000578358199964385 0.00157270871103557 0.00140284994291817 0.00166829697435408 0.00147265432741452 0.00230869225997347 0.00295264533969129 0.000856377437437697 0.00185443507569941 0.000482796267628631
"PTFM" 0.00353079852930846 0.00471325711145402 0.00372932400673553 0.00479927354256173 0.00338375273768611 0.00296602684301617 0.000978738895908981 8.92168670417113e-05 0.00120600283263206 0.00328034821803536 0.000722307954676533 0.00214399413577405 0.00160453739949581 0.00244454398488787 0.00958030676388948 0.00301971661424734 0.00180109817842589 0.00164820519398517 0.00401547815771824 0.0218304580930347 0.00142041261137261 0.00383252878176571 0.00301175228570157 0.0029746033067426 0.0029040209279033 0.00189905555015902 0.00278652917766061 0.00611856246714904 4.96440828404116e-05 0.000769965192328158 0.00254251680076544 0.00312458204734742 0.00406534888728365 0.00196687065256766 0.00242657135704501 0.00281483350435605 -0.000367487516656016 0.00208018926642671 0.00118751942073593
"PTAPET" 0.00242237310965281 0.00195130908455231 0.00226920468511018 0.00181742600845188 0.00122556871947702 0.0014959281549799 0.000313120203129619 -0.000308379211168995 0.000682295530641415 0.00113472554265223 4.24553189031108e-06 0.000989843823839488 -0.000513557636346149 0.00120212331772974 0.00301971661424734 0.00506800309415165 0.0027700409578831 0.0023268696069299 0.00377518831087211 0.0183626316923389 0.00133976008351154 0.00141875746678881 0.00213186850734519 0.000341685642699737 0.00112741673453247 0.000325874962888435 0.000496388913235103 0.00238853281382531 -0.00139715509623563 -8.16628446797449e-05 0.00119086502684137 -2.56796367200236e-05 0.00272360668211665 0.00105146174607852 0.0018383631331094 0.000658323415616501 0.000262118724001499 0.000818100083304422 0.00200777446961245
"PTBA" 0.00190616318174552 0.00142479350872434 0.00181463242899957 0.00184622111495959 0.00143498152332123 0.00126544378048671 0.000667148811490074 0.000633490176025167 0.000830110043838838 0.00126686654220051 0.000356451131762619 0.00100878626081312 0.000144980976310681 0.00111454840054356 0.00180109817842589 0.0027700409578831 0.00214459241257316 0.00213673547461503 0.00254749060112843 0.00884158963565182 0.000935401023834106 0.00137202989632397 0.00136120451801696 0.00063051631967552 0.00136626702482818 0.000664298176310749 0.000912957285450018 0.00199135818286787 0.000641187765783272 0.000191061452754254 0.00119821642078054 0.000348733053999204 0.00189282313680982 0.000636102169514975 0.00168072484275415 0.00101795127526637 0.000698175562430617 0.00107034297580881 0.000669835662971686
"PTEAM" 0.00236370281140841 0.00190928312899501 0.00224697656360631 0.00269416007858569 0.00215294241792124 0.00167853555858535 0.000261085280471169 0.00146164647996721 0.00128332486472761 0.00157663606717602 0.000782111298094287 0.00149888934780038 0.000664569571959597 0.00151706546060435 0.00164820519398517 0.0023268696069299 0.00213673547461503 0.00396271106352413 0.0031949206539608 0.00403256527256272 0.000287785262903024 0.00201102019403264 0.00164009409823532 0.00100252904243602 0.00214837198784214 0.00135230591090221 0.00197074820501483 0.00193122163437415 0.00117050475501617 0.00105445604285998 0.00140846994250575 0.00097158290472191 0.00232873513399199 0.00109201824983191 0.00191060854982089 0.00252832494961677 0.00184894656778496 0.00221145729706054 0.000362936094654253
"PTZYGO" 0.00276808679494646 0.00349480475439536 0.00311933791884343 0.0039555467922622 0.00281923733488856 0.00217218129523872 0.00170742674811909 0.00132618793837695 0.00172642770206046 0.00187303894958948 0.000888233544171609 0.00162872663210529 -0.000208019238874038 0.00144161305094838 0.00401547815771824 0.00377518831087211 0.00254749060112843 0.0031949206539608 0.00621221200796873 0.0124553697130836 0.000998530305748712 0.00234143149631144 0.00293396768106987 0.000665997924298434 0.00236939105902796 0.0024110705314681 0.00192362375681439 0.0034961229463941 -0.000188000695562187 -4.86456221262119e-06 0.00209580930420241 0.000695647689614488 0.00504683636134833 0.00102654269795197 0.00197646328652195 0.00160570212211585 0.000745587764085243 0.00173058600097305 0.00146496638613286
"PTTSP" 0.00900869282475629 0.00845342293029971 0.0080050714279397 0.00466602447561453 0.00254688731782608 0.00580349400678274 0.00134248912163145 -0.00776834589364302 -0.000170603939853143 0.00580971299651567 -0.000839524760894478 0.00387640123643615 -0.00437183501438346 0.00328563841137838 0.0218304580930347 0.0183626316923389 0.00884158963565182 0.00403256527256272 0.0124553697130836 0.191063223242393 0.00716508087592954 0.00594232456978724 0.00799509375724789 0.00181639781384185 0.00418814779723347 -0.0151958224432936 0.00142659371220421 0.009756104428171 -0.00335973337192798 -0.00126427417133925 0.00215904861693367 -0.000511482067082937 0.0093236272744303 0.00188968673034323 0.000399968895991121 0.00202126518483674 -0.00588092102976542 0.00349605743822351 0.00343641375196575
"FMZS" 0.00166599823950862 0.00182925561193814 0.00191244270522609 0.000888511673227488 0.00112044110084288 0.00116313253169173 0.00212049266764862 -0.00273842634992983 0.000517257564804841 0.000813926507876771 0.000362306066133302 0.000890623861899107 0.000323557082074204 0.000663248459843389 0.00142041261137261 0.00133976008351154 0.000935401023834106 0.000287785262903024 0.000998530305748712 0.00716508087592954 0.00483762164122454 0.00194170399732328 0.00399909915325733 0.000412126692163626 0.00103170035772255 0.000737198204810539 0.000761378339833906 0.00198254483051428 -0.000369289263687672 -0.000728898670138918 0.000909613254945166 0.000770211448970786 0.00142118627816679 0.000494161329713959 0.000767892575573702 0.000586204550464886 -0.000100766379685708 0.00046166602764889 0.000777298180940128
"FMMT" 0.00329631926175008 0.00390291309446807 0.00337627913674539 0.00413780167716631 0.00299657214396394 0.00234695438853178 0.00143002668228402 0.000305995472986093 0.0014150611562906 0.00224376804318624 0.00073618834501982 0.00225098423512707 0.00177727809389363 0.00212373650486763 0.00383252878176571 0.00141875746678881 0.00137202989632397 0.00201102019403264 0.00234143149631144 0.00594232456978724 0.00194170399732328 0.00373152328771604 0.003195181558754 0.00256543001516787 0.00276044502235166 0.00177671648996591 0.00301666602559074 0.00388419489714718 0.000819079470656176 2.05971366308141e-05 0.00204378601025035 0.00233148941715635 0.00265192426525553 0.00122315289349897 0.00190404441562966 0.00254966160002625 0.000839718617583061 0.00208257117968608 0.000643297703449281
"ZSZI" 0.00339228024953909 0.00427046534307244 0.00418107215047179 0.00436148704669654 0.00389651195279183 0.002848644163676 0.00352523185009306 -0.00391972397214071 0.0021601498728382 0.00137469669117806 6.44152552715701e-05 0.0019885036151689 0.000332707101565039 0.0012181353515382 0.00301175228570157 0.00213186850734519 0.00136120451801696 0.00164009409823532 0.00293396768106987 0.00799509375724789 0.00399909915325733 0.003195181558754 0.0103254825314202 -0.000172720338607103 0.00072269548762504 0.00171557478356953 0.00211087549502645 0.0050639906059923 -0.00159780406224989 -0.00237902368486566 0.00202702852641846 0.00196032941081186 0.00332793458233536 0.000513194704821884 0.00233832750384451 0.000603198531739961 0.000921230039260212 0.00140613616497826 0.00191552426879488
"ZIMT" 0.00205723743929612 0.001189143448416 0.00108152547649724 0.00170675977671421 0.00118700906069219 0.00142006423487375 0.000818221523159913 0.00063800077950533 0.00042481533921012 0.00167282384310604 0.000647173366027144 0.00150399333128537 0.00184060143130395 0.00180327354210274 0.0029746033067426 0.000341685642699737 0.00063051631967552 0.00100252904243602 0.000665997924298434 0.00181639781384185 0.000412126692163626 0.00256543001516787 -0.000172720338607103 0.00665914016223785 0.000971099766031081 0.00122605900576527 0.00155929664895663 0.00155692175356115 0.00144412963451358 0.000581147779051584 0.000657325843979645 0.00297071995532421 0.000238413674981874 0.000817405806770908 0.00114697067531872 0.00168612351465489 0.000120815178258941 0.000769719983645267 -0.00037018470411027
"ZIZYGO" 0.0039195353025882 0.00459852319076181 0.00381253712732949 0.00424872178790881 0.0025991536196892 0.00263448929221527 0.000389517098970973 0.00274871391924674 0.00156970102579698 0.00236954749677244 0.00155052526320666 0.00237323667627492 0.00252285413431757 0.0024103745146986 0.0029040209279033 0.00112741673453247 0.00136626702482818 0.00214837198784214 0.00236939105902796 0.00418814779723347 0.00103170035772255 0.00276044502235166 0.00072269548762504 0.000971099766031081 0.00717604104206381 0.00187807114605192 0.0027987472934306 0.00422731930293149 0.000980806425491898 0.00121736993293256 0.00233187737872147 -0.000976291867260599 0.00329996459693423 0.000957667108340444 0.00269641759492304 0.00271698582896144 0.00109355608673485 0.00226906481634153 0.000394533881735229
"ZITSP" 0.0014164795744688 0.00176420811886275 0.00185867142791474 0.00326889077522828 0.00197077732056783 0.00120636928587017 0.00245910687434571 0.00172404148225482 0.00128429992801174 0.00104296921196759 0.000665005281009121 0.00086272146853879 0.000776257127989653 0.00113585626656958 0.00189905555015902 0.000325874962888435 0.000664298176310749 0.00135230591090221 0.0024110705314681 -0.0151958224432936 0.000737198204810539 0.00177671648996591 0.00171557478356953 0.00122605900576527 0.00187807114605192 0.00612038057181824 0.0020067197989479 0.00256297468113699 0.000539067214867089 0.000772395415937644 0.00157671720972713 0.0016646359433443 0.0019924539216428 0.000596966818876228 0.00191784351133345 0.00144375233677183 0.000950214101777938 0.00108992322664742 0.000547405591814105
"MTPNS" 0.00261819075372847 0.00318414370347948 0.00284292275766528 0.00382482551421798 0.00288891592858856 0.00130169932386495 0.00150529256142567 0.00121501680229779 0.00142061722278656 0.00207018896424786 0.00101368061444858 0.00164964956581827 0.00147220461322613 0.0015950319245551 0.00278652917766061 0.000496388913235103 0.000912957285450018 0.00197074820501483 0.00192362375681439 0.00142659371220421 0.000761378339833906 0.00301666602559074 0.00211087549502645 0.00155929664895663 0.0027987472934306 0.0020067197989479 0.00518779375751297 0.00258044627024064 0.0016754218260394 0.000966860527037085 0.00186176090701917 0.00200962014588061 0.00226510043913131 0.000769792390290284 0.00105653478624005 0.00230928252264212 0.00121863842383064 0.00172391273629197 -0.00060534589287414
"PNSAPET" 0.00496947888964881 0.00677569326361822 0.00508124397112181 0.00681201604660844 0.00586209669562076 0.00471207058070423 0.00208643509767839 0.00259402875869415 0.00344020746553939 0.00321327799818538 0.00132884844412451 0.0029114320552489 0.00273879954921061 0.0028759205394403 0.00611856246714904 0.00238853281382531 0.00199135818286787 0.00193122163437415 0.0034961229463941 0.009756104428171 0.00198254483051428 0.00388419489714718 0.0050639906059923 0.00155692175356115 0.00422731930293149 0.00256297468113699 0.00258044627024064 0.0117890478671178 -0.00143963199776161 -0.00154383520758137 0.00345105286748958 0.00244620911591789 0.00358009558431332 0.0019722549964587 0.00402789912732971 0.00306892186713713 0.000947843354180896 0.00222193391461135 0.00230334045750625
"APETBA" -0.000117648862075231 -0.000846730962743029 -0.000158650422309868 0.00114817320984568 0.000913755831433254 4.30213840161843e-06 0.00144076630144437 0.00191136403133813 0.000216195141269213 0.00138855850828979 0.00067247071458497 0.00051717208515749 0.00087258437829171 0.000745769099912177 4.96440828404116e-05 -0.00139715509623563 0.000641187765783272 0.00117050475501617 -0.000188000695562187 -0.00335973337192798 -0.000369289263687672 0.000819079470656176 -0.00159780406224989 0.00144412963451358 0.000980806425491898 0.000539067214867089 0.0016754218260394 -0.00143963199776161 0.00614778744492614 0.00280150934533681 0.000560973203626058 0.00126920568046515 2.54663207492543e-05 -0.000377035314710071 -0.000601981780968651 0.00170538941812729 0.000862110959292079 0.00156529180911636 -0.00274011183920956
"APETTS" -0.000171034198321608 -0.00063480745347579 -0.000805810332634752 -0.000134267916235932 -0.000483761017989127 -0.000558174008442885 -0.00109876879643505 0.00109531668570913 -0.000502106254755287 0.000627535794809166 0.000715158286880544 0.000219383876556232 0.000678558670132148 0.000578358199964385 0.000769965192328158 -8.16628446797449e-05 0.000191061452754254 0.00105445604285998 -4.86456221262119e-06 -0.00126427417133925 -0.000728898670138918 2.05971366308141e-05 -0.00237902368486566 0.000581147779051584 0.00121736993293256 0.000772395415937644 0.000966860527037085 -0.00154383520758137 0.00280150934533681 0.00814638231778748 0.000289024867350256 0.00109116369463615 0.000113513098079706 0.000760646757716154 -0.00123435823962075 0.00160285761962311 0.000487460762652824 0.000800392823396052 -0.00106032672558638
"BAEAM" 0.00225197695655395 0.00330781111185769 0.00280995626418908 0.00365083298825954 0.00282300265173457 0.0020004249407587 0.00113905592516498 0.00145333774606324 0.00152135532842527 0.00171902442749927 0.000830847422564713 0.00165825618121863 0.00126493990059829 0.00157270871103557 0.00254251680076544 0.00119086502684137 0.00119821642078054 0.00140846994250575 0.00209580930420241 0.00215904861693367 0.000909613254945166 0.00204378601025035 0.00202702852641846 0.000657325843979645 0.00233187737872147 0.00157671720972713 0.00186176090701917 0.00345105286748958 0.000560973203626058 0.000289024867350256 0.00259383042523048 0.00112766063114288 0.00240412944628388 0.000851595346139708 0.00227183061801255 0.00144859697057738 0.000939736380760508 0.00173147584799159 0.00106168962109435
"EAMZYGO" 0.00103972397521449 0.0017907689130705 0.00149376914480072 0.00269913376759305 0.00186115215892991 0.00128474192142982 0.00132276069305432 -0.000849179376456113 0.000274757672902541 0.00159066608541932 0.000217751688447196 0.00151214246455898 0.00154378306830379 0.00140284994291817 0.00312458204734742 -2.56796367200236e-05 0.000348733053999204 0.00097158290472191 0.000695647689614488 -0.000511482067082937 0.000770211448970786 0.00233148941715635 0.00196032941081186 0.00297071995532421 -0.000976291867260599 0.0016646359433443 0.00200962014588061 0.00244620911591789 0.00126920568046515 0.00109116369463615 0.00112766063114288 0.00585893186169328 0.000595483166596263 0.000971769554473845 0.000610208380011854 0.00200007683162749 0.000719388015614623 0.00113515218350478 -0.000202695363444709
"ZYGOTSP" 0.00300235217177572 0.00388148272289122 0.00350364292184964 0.00415392225698245 0.00288419063892442 0.00228441607305662 0.00164002878234857 0.000896894103221788 0.00170402927837312 0.00220455518107004 0.00101669235260618 0.00188077688271811 0.000827935416111926 0.00166829697435408 0.00406534888728365 0.00272360668211665 0.00189282313680982 0.00232873513399199 0.00504683636134833 0.0093236272744303 0.00142118627816679 0.00265192426525553 0.00332793458233536 0.000238413674981874 0.00329996459693423 0.0019924539216428 0.00226510043913131 0.00358009558431332 2.54663207492543e-05 0.000113513098079706 0.00240412944628388 0.000595483166596263 0.00593569082550566 0.000526633454168456 0.00243069909619552 0.00101973169201329 0.000921126483448363 0.00213073329141684 0.0014644560534129
"LDAS" 0.00166027346430295 0.000792645402322322 0.00102823336621273 0.000605557951063419 0.000962029040146549 0.000995319625056361 -3.54509338438449e-05 0.000806091941025928 0.000626907963835633 0.000818458953175672 0.000366786668993638 0.000731472698834417 0.0010188315298915 0.00147265432741452 0.00196687065256766 0.00105146174607852 0.000636102169514975 0.00109201824983191 0.00102654269795197 0.00188968673034323 0.000494161329713959 0.00122315289349897 0.000513194704821884 0.000817405806770908 0.000957667108340444 0.000596966818876228 0.000769792390290284 0.0019722549964587 -0.000377035314710071 0.000760646757716154 0.000851595346139708 0.000971769554473845 0.000526633454168456 0.00375293984654252 0.00110512295420242 0.00441518772276007 0.000330215595189088 0.000360910062090633 0.00132542332398373
"BRLD" 0.00393268372089352 0.00196773899388018 0.00306534987423156 0.00319696092396915 0.00229204764664461 0.0021120684370191 0.00288992029534968 0.00179307565222391 0.00171817787732853 0.00113545467237128 0.000726537496542045 0.00178781589058838 0.00169021069396856 0.00230869225997347 0.00242657135704501 0.0018383631331094 0.00168072484275415 0.00191060854982089 0.00197646328652195 0.000399968895991121 0.000767892575573702 0.00190404441562966 0.00233832750384451 0.00114697067531872 0.00269641759492304 0.00191784351133345 0.00105653478624005 0.00402789912732971 -0.000601981780968651 -0.00123435823962075 0.00227183061801255 0.000610208380011854 0.00243069909619552 0.00110512295420242 0.0091837197681686 0.000354142816541897 0.00148425864513583 0.00177505470001976 0.00217252708091171
"OPILD" 0.00265779738648754 0.00202438450249317 0.00233865143212364 0.00280527009989771 0.00285189776692635 0.00225980031727064 -0.000814620719704367 0.00258007908968007 0.00158367949091092 0.0019451912487867 0.00105407656302544 0.00192046228552665 0.0021205798987286 0.00295264533969129 0.00281483350435605 0.000658323415616501 0.00101795127526637 0.00252832494961677 0.00160570212211585 0.00202126518483674 0.000586204550464886 0.00254966160002625 0.000603198531739961 0.00168612351465489 0.00271698582896144 0.00144375233677183 0.00230928252264212 0.00306892186713713 0.00170538941812729 0.00160285761962311 0.00144859697057738 0.00200007683162749 0.00101973169201329 0.00441518772276007 0.000354142816541897 0.0104097992502904 0.00141769890068353 0.00342301234108189 -0.00147086100341855
"PTAS" 0.00106656375097778 0.000732830910093013 0.0011078523553475 0.00139615878285844 0.00126087317364135 0.000833724392210984 0.00014871626553453 0.00105945669813992 0.000871141521775269 0.000852094675606868 0.000467761073976252 0.000811508753383693 0.000992057913288526 0.000856377437437697 -0.000367487516656016 0.000262118724001499 0.000698175562430617 0.00184894656778496 0.000745587764085243 -0.00588092102976542 -0.000100766379685708 0.000839718617583061 0.000921230039260212 0.000120815178258941 0.00109355608673485 0.000950214101777938 0.00121863842383064 0.000947843354180896 0.000862110959292079 0.000487460762652824 0.000939736380760508 0.000719388015614623 0.000921126483448363 0.000330215595189088 0.00148425864513583 0.00141769890068353 0.00204329360412362 0.00180455726858232 0.000135591694971998
"JPAS" 0.00137953137182915 0.00121221355172978 0.00175542145756132 0.00281339241864904 0.00222445396657979 0.00163518117477649 0.000459277576623372 0.00153437701454059 0.00124518424660912 0.00165372966835873 0.000562959702538504 0.00145855590656085 0.00138323095765732 0.00185443507569941 0.00208018926642671 0.000818100083304422 0.00107034297580881 0.00221145729706054 0.00173058600097305 0.00349605743822351 0.00046166602764889 0.00208257117968608 0.00140613616497826 0.000769719983645267 0.00226906481634153 0.00108992322664742 0.00172391273629197 0.00222193391461135 0.00156529180911636 0.000800392823396052 0.00173147584799159 0.00113515218350478 0.00213073329141684 0.000360910062090633 0.00177505470001976 0.00342301234108189 0.00180455726858232 0.00486850605643092 -0.000299480391031796
"BAOPI" 0.00118940631924845 0.000792980113655317 0.000866372579165993 0.000483841232644722 0.000428728818744104 0.000975427089137919 0.000943346948540622 -0.000446017982848405 0.000501020540302193 8.51557485521894e-05 -7.53345124042184e-05 0.000509587594816722 0.000141667807619521 0.000482796267628631 0.00118751942073593 0.00200777446961245 0.000669835662971686 0.000362936094654253 0.00146496638613286 0.00343641375196575 0.000777298180940128 0.000643297703449281 0.00191552426879488 -0.00037018470411027 0.000394533881735229 0.000547405591814105 -0.00060534589287414 0.00230334045750625 -0.00274011183920956 -0.00106032672558638 0.00106168962109435 -0.000202695363444709 0.0014644560534129 0.00132542332398373 0.00217252708091171 -0.00147086100341855 0.000135591694971998 -0.000299480391031796 0.0049355190008885
