"" "ISPM" "ISNSL" "ISPNS" "PMZS" "PMZI" "PMMT" "NSLNA" "NSLZS" "NSLZI" "NABR" "NAFM" "NAPNS" "BRPT" "BRAPET" "PTFM" "PTAPET" "PTBA" "PTEAM" "PTZYGO" "PTTSP" "FMZS" "FMMT" "ZSZI" "ZIMT" "ZIZYGO" "ZITSP" "MTPNS" "PNSAPET" "APETBA" "APETTS" "BAEAM" "EAMZYGO" "ZYGOTSP" "LDAS" "BRLD" "OPILD" "PTAS" "JPAS" "BAOPI"
"ISPM" 0.00751752738453013 0.00398178677708136 0.00518784672381369 0.00289703057122217 0.00325718699326091 0.003221310465657 0.00159536085253915 0.00275790727409165 0.00399947173605235 0.00267696520763107 0.00165604150824442 0.00217051311261424 0.00209716607988117 0.00260793815410379 0.00356603584106819 0.00344116632335178 0.00254222435016704 0.00160656824318517 0.00288336737366281 0.00797377010845934 0.000399329845857751 0.003148749659512 0.00575975913141862 0.00319893385201869 0.000573537620084254 0.00228403653762043 0.00464690566266838 0.00130781494975732 0.00244150625196944 0.00656828157443982 0.00244533325974199 0.0022329467595118 0.00227720537890439 0.00442996841311156 0.00110779126280225 0.00420843028741156 0.000379467364269904 0.00463180123420149 0.00158404324471796
"ISNSL" 0.00398178677708136 0.00866459292592274 0.00553073708384986 0.00769445024462455 0.00575858975617663 0.00310539518577761 0.00408292804943526 0.0022280923527302 0.00373092388205155 0.00297935930489122 0.00128412831643991 0.00275949460550105 0.00121149204928764 0.00226262955637601 0.00510040757153085 0.00301789216291682 0.00209448638113076 0.001947483809315 0.00443433752646024 0.0128912484569797 0.00292670485383997 0.00504777740675321 0.00609439765726412 0.00383686354486195 0.00466039646534018 0.00390071054819995 0.00573378036326617 0.00425900361102718 0.00299911755970726 0.00447141918251771 0.00265768656608745 0.00196164381835323 0.00420230220608015 0.00327922087051953 0.000158060038457919 0.00299690385528969 0.00135036184783595 0.0063095690967335 0.00115930425501568
"ISPNS" 0.00518784672381369 0.00553073708384986 0.00673545425856494 0.00559430178370477 0.00479046744849813 0.00331558891400476 0.00326476026134614 0.00344634148558693 0.00427444991136612 0.00302615328646903 0.00139809650623939 0.00292605207281892 0.00165412440681601 0.0024729892673221 0.0057975105205085 0.00337954383191133 0.00246953901401134 0.00162434555398966 0.00435499445149829 0.0112554220139601 0.00125097848196065 0.00450464723275002 0.00672422358143344 0.00362026136407277 0.00358728770494214 0.00390496634745626 0.0061781995468638 0.00187893113018938 0.00342288230335967 0.0074403145818186 0.0029183628372095 0.00350125410153335 0.00405421424873032 0.00351925215411317 0.00126678709552612 0.00320441168411139 0.000722281498811438 0.00592902853470694 0.000982373143728026
"PMZS" 0.00289703057122217 0.00769445024462455 0.00559430178370477 0.0108444652476406 0.00764536126530413 0.00312039675264303 0.00933629658425326 0.00513628410458243 0.00397063027676279 0.00320584944238635 0.00112919860213118 0.00329007323694132 0.000690481286653453 0.00209944840357474 0.0057572243578469 0.002885537429131 0.00233395165444514 0.00185839293105214 0.00502529490382737 0.0105089348770997 0.00366302048778744 0.00673058164542099 0.00655951632447639 0.00635994747849303 0.00494080820011356 0.0043839850368264 0.00706743051967776 0.00591334173417121 0.00393109389006309 0.00483504627452098 0.00375125672101054 0.00290059202778423 0.00511695742649487 0.00285924493670556 0.000790534792871346 0.00348088527381223 0.000905108378751265 0.00711929063067059 0.00055599416252572
"PMZI" 0.00325718699326091 0.00575858975617663 0.00479046744849813 0.00764536126530413 0.00860446118690122 0.00315231067647456 0.00645347919379427 0.00407630930718217 0.00503719889126261 0.00245756513708844 0.00101715634821986 0.00267994412743155 0.000870234733858449 0.00164674684373883 0.00447783853518398 0.00200899466886628 0.00196156250932029 0.00166383172488478 0.00356782343672226 0.00744726253895952 0.00302515818636434 0.00539611214580821 0.00603704528337841 0.00683790816179997 -0.000760085019285577 0.00236997954287134 0.005701005387225 0.00435015492277142 0.0035529744641527 0.00491964169909436 0.00279969665908683 0.00248285457712281 0.00349211469735007 0.0030264726483261 -0.000516306130527409 0.00365362968479967 0.000153074016923831 0.00627348142934877 0.00035578355719164
"PMMT" 0.003221310465657 0.00310539518577761 0.00331558891400476 0.00312039675264303 0.00315231067647456 0.00348914676456613 0.00157667382127974 0.00173543348159215 0.00244972255278788 0.00157681309107443 0.000886191074449254 0.00129701542757637 0.00142138810472233 0.00163329655013497 0.00234813192598987 0.00169954929189979 0.00158193273179925 0.00117097448577594 0.00202766662781301 0.00581924750967928 0.000122225306484384 0.0022676972804601 0.00368452778729613 0.00258288428345072 0.00117486140298013 0.00125125354694132 0.0026951852226216 0.00158361836679684 0.00201884860646979 0.00407163870100648 0.00158331793394665 0.00184083684652212 0.00148556890548709 0.00270930374826658 0.00115367022347564 0.00232189369643312 0.000885237666290878 0.00281742630930022 0.00106971157464265
"NSLNA" 0.00159536085253915 0.00408292804943526 0.00326476026134614 0.00933629658425326 0.00645347919379427 0.00157667382127974 0.026773961969104 0.00464382031196675 0.00209277007341715 -0.00157190334002226 0.000169836269781384 0.00750663829836274 -0.000637293609119269 0.00174623091709302 0.00306841952704889 0.00471142388324016 0.00265704247380747 0.00140714099878893 0.00355832699310475 0.0135689220138217 0.00648699917396924 0.00545095916950012 0.00354177505808171 0.00570246389002964 -0.00015508631258122 0.00318287229792907 0.00723091065636554 0.00336140848422388 0.00274001820865393 0.00643799769541747 0.00301246783684601 0.00166915898655369 0.00371673389940522 0.000787898728555824 -0.00141692632083284 0.00264716007114596 -0.000797041301861127 0.0053650756936896 0.0019176228851573
"NSLZS" 0.00275790727409165 0.0022280923527302 0.00344634148558693 0.00513628410458243 0.00407630930718217 0.00173543348159215 0.00464382031196675 0.00713611995562512 0.00359420848958102 0.0019383145060832 0.00196965260357009 0.00171752292620847 0.00084256241238923 0.00142401490568216 0.00375585714700328 0.00196966962531022 0.00154128264808731 0.00128134417156695 0.0036084902151367 0.0074163756171176 -9.38078556546072e-05 0.00401964762643938 0.00387513772448505 0.00427618231773703 0.00288098737002829 0.0026525847663461 0.0049946553360885 0.00302748580237902 0.0019169546806862 0.0032746685137274 0.0029575113970464 0.00259482373559548 0.00359934195759299 0.00275544094526312 0.000856503065254299 0.00310207648242823 8.96988307226534e-05 0.00412474560960696 0.000894916037775843
"NSLZI" 0.00399947173605235 0.00373092388205155 0.00427444991136612 0.00397063027676279 0.00503719889126261 0.00244972255278788 0.00209277007341715 0.00359420848958102 0.00599731494011213 0.00250473302035612 0.00212729268016462 0.00284232436595464 0.00171714113311523 0.00222842469670461 0.00554407004751742 0.00209954226152106 0.00199980497492717 0.00167332717335069 0.00470458001461162 0.00782774576657664 0.00207053199402158 0.00452597414416335 0.00837855064060767 0.00462211837001715 0.00144654965992678 0.00414699477099472 0.00471725486461331 0.00286993403329673 0.0034631972626618 0.0061404535348361 0.00304577175408705 0.00316056971144011 0.00461825768344208 0.00361836218221762 0.00140160228723395 0.00347493883709474 0.00101888614828655 0.00650700137147667 0.000909131137590636
"NABR" 0.00267696520763107 0.00297935930489122 0.00302615328646903 0.00320584944238635 0.00245756513708844 0.00157681309107443 -0.00157190334002226 0.0019383145060832 0.00250473302035612 0.00756160029596326 0.000907784031468171 0.000847459336733437 0.00382334381960121 0.00313620687025117 0.00410527448368695 0.00139875924593307 0.00166931753968166 0.00179849669728862 0.00321018359631395 0.00317816602955798 0.00201398393599146 0.00351144351350148 0.00407567039115909 0.0043976256635066 0.00380340557976708 0.00321320754729552 0.0020942161770255 0.00338123050284612 0.00263907607836638 0.0036115976809866 0.00265462365117549 0.00212122306633561 0.00330646274332504 0.00279806068977586 -0.000927252303824093 0.00323647222014152 0.00123261521922195 0.00433585150851732 -0.00101273792320738
"NAFM" 0.00165604150824442 0.00128412831643991 0.00139809650623939 0.00112919860213118 0.00101715634821986 0.000886191074449254 0.000169836269781384 0.00196965260357009 0.00212729268016462 0.000907784031468171 0.00332228862448024 0.000955172071876205 0.00115863738035156 0.00102993350216479 0.00134396510305527 0.00021338811077687 0.000767014784510332 0.00133845227866905 0.00249334308823036 -0.00185557304015653 0.000490512535355299 0.00109716154287662 0.00245378480649213 0.00152057909859208 0.00308983831799644 0.00247909916492667 0.00145954520518552 0.00196865817079935 0.00169418057042472 0.00266473605139895 0.00181534049943995 0.00171842380243092 0.00243961758752055 0.00195218817583748 0.000752766543178296 0.00108400212349009 0.00124442057585807 0.00176631513112757 0.000463811776609803
"NAPNS" 0.00217051311261424 0.00275949460550105 0.00292605207281892 0.00329007323694132 0.00267994412743155 0.00129701542757637 0.00750663829836274 0.00171752292620847 0.00284232436595464 0.000847459336733437 0.000955172071876205 0.00488516016017276 0.00103527545459158 0.00205164067995522 0.00429047600224943 0.00302340965712349 0.00220663047291957 0.00131443108518764 0.00352454881794477 0.00687597009000148 0.00253170904030499 0.00362398724106875 0.00486187431524634 0.00315605187008232 0.00131818901525448 0.0034502870897731 0.00358189093849846 0.00171792729228044 0.00257130272190675 0.00490228318015643 0.00245852955989917 0.00258522774280249 0.00356827576450809 0.00210262104064704 0.000972724031463157 0.0024846545013055 0.000811379905556371 0.00475883167996329 0.00130054769985913
"BRPT" 0.00209716607988117 0.00121149204928764 0.00165412440681601 0.000690481286653453 0.000870234733858449 0.00142138810472233 -0.000637293609119269 0.00084256241238923 0.00171714113311523 0.00382334381960121 0.00115863738035156 0.00103527545459158 0.00488967209627115 0.0028769727827902 0.000512267600600146 -0.000962406680288431 0.00098371775792778 0.00083905375137512 0.000184629379057009 -1.40603091708518e-05 0.000572569282182358 0.00139471955702209 0.00207053777229887 0.00279326276619146 0.00205114655709101 0.00056771806978451 0.0010283008763153 0.00151360833886505 0.00203355671236587 0.0024856308590952 0.00162939248079604 0.00122373687799093 0.000439828573710524 0.00317067097251238 -2.51995524582453e-05 0.00364505054847851 0.00185627391768167 0.00200708344019737 0.000167725098620924
"BRAPET" 0.00260793815410379 0.00226262955637601 0.0024729892673221 0.00209944840357474 0.00164674684373883 0.00163329655013497 0.00174623091709302 0.00142401490568216 0.00222842469670461 0.00313620687025117 0.00102993350216479 0.00205164067995522 0.0028769727827902 0.00310774778286198 0.00292956928889603 0.0022254183627193 0.00176769906671862 0.00120565692452383 0.00249668076354098 0.00477051891781198 0.000756042404040011 0.00248288647009806 0.00352187939819565 0.00324992206411701 0.00196790995058521 0.00201702909385833 0.00253723197161077 0.00131769743987921 0.00183500603479069 0.0045614504388458 0.00221105551769874 0.00176930760808449 0.00242762901587925 0.00293238872440608 0.00141471396579344 0.00336117139149878 0.000766280239668275 0.00421394847361571 0.000637712172939179
"PTFM" 0.00356603584106819 0.00510040757153085 0.0057975105205085 0.0057572243578469 0.00447783853518398 0.00234813192598987 0.00306841952704889 0.00375585714700328 0.00554407004751742 0.00410527448368695 0.00134396510305527 0.00429047600224943 0.000512267600600146 0.00292956928889603 0.0182511240288381 0.00498473880750529 0.00244075298453348 -0.000480567959959582 0.00796376526573672 0.0143026303377977 0.000788453120659271 0.00671829504681513 0.0101635380894378 0.00565170664608645 0.00692773929347139 0.00673857599181977 0.0073650240141053 0.00448004408447745 0.00475168188934333 0.00687595428880574 0.004491195441506 0.0050457076430709 0.00812617040839789 0.00396654108136803 0.00265089355291635 0.00335707202959042 -0.00117105244260606 0.0104820239955815 0.00269684810553997
"PTAPET" 0.00344116632335178 0.00301789216291682 0.00337954383191133 0.002885537429131 0.00200899466886628 0.00169954929189979 0.00471142388324016 0.00196966962531022 0.00209954226152106 0.00139875924593307 0.00021338811077687 0.00302340965712349 -0.000962406680288431 0.0022254183627193 0.00498473880750529 0.00875071870624805 0.00359113356958063 0.00109336775236571 0.00401658111325177 0.0160075876996437 6.74989718108738e-05 0.0028304715411795 0.00409114484431933 0.00174842407739572 0.000688471609204858 0.00190712629839921 0.00438286982279211 -0.000195223762810462 0.000273553280897814 0.00729055376970524 0.00193038245201173 0.000922420250772453 0.00299984887209618 0.0016474639827778 0.00111488218069442 0.000889302081465092 -0.00140474161264141 0.00518472421165364 0.00190567275594309
"PTBA" 0.00254222435016704 0.00209448638113076 0.00246953901401134 0.00233395165444514 0.00196156250932029 0.00158193273179925 0.00265704247380747 0.00154128264808731 0.00199980497492717 0.00166931753968166 0.000767014784510332 0.00220663047291957 0.00098371775792778 0.00176769906671862 0.00244075298453348 0.00359113356958063 0.00345653470620885 0.00187215320314029 0.00217129665961571 0.00545229317590309 0.000506444949560766 0.00232223458616309 0.00322942719787527 0.00233280214754842 0.00105989522488999 0.00170037353465147 0.00283271687053554 0.00160346848825883 0.00276043199041409 0.00452469651013688 0.00225578262624105 0.00175237818318197 0.0016873936294292 0.00225911133210198 0.000388444425121689 0.00237717174557212 0.00103335988898015 0.00347600698482361 0.00069741313401621
"PTEAM" 0.00160656824318517 0.001947483809315 0.00162434555398966 0.00185839293105214 0.00166383172488478 0.00117097448577594 0.00140714099878893 0.00128134417156695 0.00167332717335069 0.00179849669728862 0.00133845227866905 0.00131443108518764 0.00083905375137512 0.00120565692452383 -0.000480567959959582 0.00109336775236571 0.00187215320314029 0.00453688469103149 0.00336474292701602 -0.000171245378386532 0.00155415142458572 0.00201556031721829 0.00235489703967786 0.00192273560528689 0.00105219135825976 0.00337362712336202 0.00187348547432327 0.00225090075657371 0.00216666575611432 0.00354101012303185 0.0017764762017036 0.0031188139846385 0.00286794377423088 0.00147247601622156 0.000923071474192957 0.00153529116091212 0.00327805769779586 0.00237040908869404 -0.000863072184101835
"PTZYGO" 0.00288336737366281 0.00443433752646024 0.00435499445149829 0.00502529490382737 0.00356782343672226 0.00202766662781301 0.00355832699310475 0.0036084902151367 0.00470458001461162 0.00321018359631395 0.00249334308823036 0.00352454881794477 0.000184629379057009 0.00249668076354098 0.00796376526573672 0.00401658111325177 0.00217129665961571 0.00336474292701602 0.00925209710642839 0.00764711191400913 0.00228944045965461 0.00534407981580295 0.00821494786593267 0.00413206621603578 0.00442130635730429 0.00775374498098842 0.00581163419739783 0.004006079964285 0.0031472778549895 0.00572207964666068 0.00397206181403117 0.00601041638282687 0.0091418076581973 0.00274438917675141 0.00280340573536394 0.0024342296421387 0.00145410821586556 0.00810801928269131 0.000631098074915853
"PTTSP" 0.00797377010845934 0.0128912484569797 0.0112554220139601 0.0105089348770997 0.00744726253895952 0.00581924750967928 0.0135689220138217 0.0074163756171176 0.00782774576657664 0.00317816602955798 -0.00185557304015653 0.00687597009000148 -1.40603091708518e-05 0.00477051891781198 0.0143026303377977 0.0160075876996437 0.00545229317590309 -0.000171245378386532 0.00764711191400913 0.159361251821823 0.00138246882692198 0.0075158835434739 0.0111594449093153 0.00576249293929453 0.0105833752852971 0.000103609060364953 0.0127863911314632 0.00111391961229849 -0.00101683876478202 0.0182462656651934 0.00259776721510898 -0.00302512813249115 0.0017767246545215 0.00603214446210486 -0.00323133035324597 0.00540988419876756 -0.00620211988303222 0.0143649397566349 0.007922641354424
"FMZS" 0.000399329845857751 0.00292670485383997 0.00125097848196065 0.00366302048778744 0.00302515818636434 0.000122225306484384 0.00648699917396924 -9.38078556546072e-05 0.00207053199402158 0.00201398393599146 0.000490512535355299 0.00253170904030499 0.000572569282182358 0.000756042404040011 0.000788453120659271 6.74989718108738e-05 0.000506444949560766 0.00155415142458572 0.00228944045965461 0.00138246882692198 0.010568162138468 0.00418643047138182 0.00296206837458868 0.00314385301313438 0.000813696109767767 0.00346966287012917 0.00114427003875821 0.0033281636195184 0.002243557948207 0.00684077781969479 0.00142795130079864 0.00131749565928392 0.00279395130443085 0.000132873890624811 0.00063995741447226 0.000645520186620017 0.000277013472624222 0.00258915392290721 -0.000925780403072774
"FMMT" 0.003148749659512 0.00504777740675321 0.00450464723275002 0.00673058164542099 0.00539611214580821 0.0022676972804601 0.00545095916950012 0.00401964762643938 0.00452597414416335 0.00351144351350148 0.00109716154287662 0.00362398724106875 0.00139471955702209 0.00248288647009806 0.00671829504681513 0.0028304715411795 0.00232223458616309 0.00201556031721829 0.00534407981580295 0.0075158835434739 0.00418643047138182 0.00723042911329477 0.00740268253633617 0.00664668204962964 0.00366258234415951 0.00480451379742251 0.00635218053491286 0.00464126441312893 0.0039735133056621 0.00622628152400294 0.00388070597215128 0.00369857165545339 0.00564845036884042 0.00347948985739743 0.00136883609885923 0.00387650718273878 0.00103310305755867 0.00765161860281557 0.000621448577792812
"ZSZI" 0.00575975913141862 0.00609439765726412 0.00672422358143344 0.00655951632447639 0.00603704528337841 0.00368452778729613 0.00354177505808171 0.00387513772448505 0.00837855064060767 0.00407567039115909 0.00245378480649213 0.00486187431524634 0.00207053777229887 0.00352187939819565 0.0101635380894378 0.00409114484431933 0.00322942719787527 0.00235489703967786 0.00821494786593267 0.0111594449093153 0.00296206837458868 0.00740268253633617 0.0154582871885471 0.00507540040267408 0.00534066394727582 0.00845775009704494 0.00707235278670746 0.00463022392547396 0.00548741981372051 0.00934436944948295 0.0048379459280509 0.00525255079953869 0.00819599389215678 0.00492677532600543 0.00347524072721891 0.00417871233769765 0.00251005730646135 0.0106046310197674 0.00174614496065062
"ZIMT" 0.00319893385201869 0.00383686354486195 0.00362026136407277 0.00635994747849303 0.00683790816179997 0.00258288428345072 0.00570246389002964 0.00427618231773703 0.00462211837001715 0.0043976256635066 0.00152057909859208 0.00315605187008232 0.00279326276619146 0.00324992206411701 0.00565170664608645 0.00174842407739572 0.00233280214754842 0.00192273560528689 0.00413206621603578 0.00576249293929453 0.00314385301313438 0.00664668204962964 0.00507540040267408 0.0131289328961052 0.000449837474786407 0.00213081916464498 0.00485291925414357 0.00494566102492824 0.0045845685710222 0.0053737907448015 0.00441287092355 0.00334964867904022 0.00416011480438736 0.00479128722632568 0.000692098374762775 0.00654660923363334 0.000679370968996371 0.00863169819665778 0.000581243566634131
"ZIZYGO" 0.000573537620084254 0.00466039646534018 0.00358728770494214 0.00494080820011356 -0.000760085019285577 0.00117486140298013 -0.00015508631258122 0.00288098737002829 0.00144654965992678 0.00380340557976708 0.00308983831799644 0.00131818901525448 0.00205114655709101 0.00196790995058521 0.00692773929347139 0.000688471609204858 0.00105989522488999 0.00105219135825976 0.00442130635730429 0.0105833752852971 0.000813696109767767 0.00366258234415951 0.00534066394727582 0.000449837474786407 0.0237573409090898 0.00681192567338144 0.0036705455956817 0.00630010715413916 0.00326576137685599 0.00271310353735343 0.00383750666345873 -0.00185224367531198 0.00423184832718892 0.00238876936375018 0.000966655136415006 0.0004758993959968 0.0034032851386419 0.00358861514264433 0.00149617517974937
"ZITSP" 0.00228403653762043 0.00390071054819995 0.00390496634745626 0.0043839850368264 0.00236997954287134 0.00125125354694132 0.00318287229792907 0.0026525847663461 0.00414699477099472 0.00321320754729552 0.00247909916492667 0.0034502870897731 0.00056771806978451 0.00201702909385833 0.00673857599181977 0.00190712629839921 0.00170037353465147 0.00337362712336202 0.00775374498098842 0.000103609060364953 0.00346966287012917 0.00480451379742251 0.00845775009704494 0.00213081916464498 0.00681192567338144 0.011055723547801 0.00478932379559697 0.00454041172441248 0.00344605916310573 0.00586285633041935 0.00390819306012459 0.00564184528932087 0.00863840011603951 0.00193436593838117 0.0030505359241889 0.00193703532597253 0.00255970809638065 0.00591371402383185 0.000113213691524462
"MTPNS" 0.00464690566266838 0.00573378036326617 0.0061781995468638 0.00706743051967776 0.005701005387225 0.0026951852226216 0.00723091065636554 0.0049946553360885 0.00471725486461331 0.0020942161770255 0.00145954520518552 0.00358189093849846 0.0010283008763153 0.00253723197161077 0.0073650240141053 0.00438286982279211 0.00283271687053554 0.00187348547432327 0.00581163419739783 0.0127863911314632 0.00114427003875821 0.00635218053491286 0.00707235278670746 0.00485291925414357 0.0036705455956817 0.00478932379559697 0.0108794067242334 0.00333549131317859 0.00349709767716299 0.00708888434491882 0.00384318058848535 0.00429036248290681 0.00605841977447135 0.00426686464247814 0.000709956814997993 0.00419230610043978 0.000176470363672469 0.0082213413257802 0.00185220984597851
"PNSAPET" 0.00130781494975732 0.00425900361102718 0.00187893113018938 0.00591334173417121 0.00435015492277142 0.00158361836679684 0.00336140848422388 0.00302748580237902 0.00286993403329673 0.00338123050284612 0.00196865817079935 0.00171792729228044 0.00151360833886505 0.00131769743987921 0.00448004408447745 -0.000195223762810462 0.00160346848825883 0.00225090075657371 0.004006079964285 0.00111391961229849 0.0033281636195184 0.00464126441312893 0.00463022392547396 0.00494566102492824 0.00630010715413916 0.00454041172441248 0.00333549131317859 0.010774091155842 0.00343239913130283 -0.00208278471437926 0.00383853180382526 0.00351369533719139 0.00408200681096507 0.00268100351812639 0.00140036499440828 0.00253242126317461 0.00254596983291895 0.00438871408915582 0.00125487702108261
"APETBA" 0.00244150625196944 0.00299911755970726 0.00342288230335967 0.00393109389006309 0.0035529744641527 0.00201884860646979 0.00274001820865393 0.0019169546806862 0.0034631972626618 0.00263907607836638 0.00169418057042472 0.00257130272190675 0.00203355671236587 0.00183500603479069 0.00475168188934333 0.000273553280897814 0.00276043199041409 0.00216666575611432 0.0031472778549895 -0.00101683876478202 0.002243557948207 0.0039735133056621 0.00548741981372051 0.0045845685710222 0.00326576137685599 0.00344605916310573 0.00349709767716299 0.00343239913130283 0.006824350106492 0.00516188002925948 0.00311353824023961 0.0040143939444987 0.00334999017935514 0.00311377881119673 0.000199178385640399 0.00289408657616659 0.00261733459927276 0.00436669241563592 -0.00055955684706393
"APETTS" 0.00656828157443982 0.00447141918251771 0.0074403145818186 0.00483504627452098 0.00491964169909436 0.00407163870100648 0.00643799769541747 0.0032746685137274 0.0061404535348361 0.0036115976809866 0.00266473605139895 0.00490228318015643 0.0024856308590952 0.0045614504388458 0.00687595428880574 0.00729055376970524 0.00452469651013688 0.00354101012303185 0.00572207964666068 0.0182462656651934 0.00684077781969479 0.00622628152400294 0.00934436944948295 0.0053737907448015 0.00271310353735343 0.00586285633041935 0.00708888434491882 -0.00208278471437926 0.00516188002925948 0.0653550502463712 0.00519508432250945 0.00463730946468168 0.00485308680825442 0.00511938456489407 0.00533958977828882 0.00490452447035805 0.00225439192097925 0.00640584416030038 -0.00118464900601496
"BAEAM" 0.00244533325974199 0.00265768656608745 0.0029183628372095 0.00375125672101054 0.00279969665908683 0.00158331793394665 0.00301246783684601 0.0029575113970464 0.00304577175408705 0.00265462365117549 0.00181534049943995 0.00245852955989917 0.00162939248079604 0.00221105551769874 0.004491195441506 0.00193038245201173 0.00225578262624105 0.0017764762017036 0.00397206181403117 0.00259776721510898 0.00142795130079864 0.00388070597215128 0.0048379459280509 0.00441287092355 0.00383750666345873 0.00390819306012459 0.00384318058848535 0.00383853180382526 0.00311353824023961 0.00519508432250945 0.00449314803714297 0.00258967298175708 0.00396578430976398 0.00318863017947361 0.00176539456005023 0.0031392926574598 0.001479191307722 0.00519693747285725 0.00122662104137116
"EAMZYGO" 0.0022329467595118 0.00196164381835323 0.00350125410153335 0.00290059202778423 0.00248285457712281 0.00184083684652212 0.00166915898655369 0.00259482373559548 0.00316056971144011 0.00212122306633561 0.00171842380243092 0.00258522774280249 0.00122373687799093 0.00176930760808449 0.0050457076430709 0.000922420250772453 0.00175237818318197 0.0031188139846385 0.00601041638282687 -0.00302512813249115 0.00131749565928392 0.00369857165545339 0.00525255079953869 0.00334964867904022 -0.00185224367531198 0.00564184528932087 0.00429036248290681 0.00351369533719139 0.0040143939444987 0.00463730946468168 0.00258967298175708 0.0112812255977548 0.00649794012788194 0.00267969544897152 0.00400787311555468 0.00245287069067213 0.00276918758705453 0.00486268739777717 0.000638343682883624
"ZYGOTSP" 0.00227720537890439 0.00420230220608015 0.00405421424873032 0.00511695742649487 0.00349211469735007 0.00148556890548709 0.00371673389940522 0.00359934195759299 0.00461825768344208 0.00330646274332504 0.00243961758752055 0.00356827576450809 0.000439828573710524 0.00242762901587925 0.00812617040839789 0.00299984887209618 0.0016873936294292 0.00286794377423088 0.0091418076581973 0.0017767246545215 0.00279395130443085 0.00564845036884042 0.00819599389215678 0.00416011480438736 0.00423184832718892 0.00863840011603951 0.00605841977447135 0.00408200681096507 0.00334999017935514 0.00485308680825442 0.00396578430976398 0.00649794012788194 0.0102460671147825 0.00247658286544211 0.00276790774109185 0.00280942496348412 0.0013317515465507 0.00842970202939564 0.000315230685508276
"LDAS" 0.00442996841311156 0.00327922087051953 0.00351925215411317 0.00285924493670556 0.0030264726483261 0.00270930374826658 0.000787898728555824 0.00275544094526312 0.00361836218221762 0.00279806068977586 0.00195218817583748 0.00210262104064704 0.00317067097251238 0.00293238872440608 0.00396654108136803 0.0016474639827778 0.00225911133210198 0.00147247601622156 0.00274438917675141 0.00603214446210486 0.000132873890624811 0.00347948985739743 0.00492677532600543 0.00479128722632568 0.00238876936375018 0.00193436593838117 0.00426686464247814 0.00268100351812639 0.00311377881119673 0.00511938456489407 0.00318863017947361 0.00267969544897152 0.00247658286544211 0.00759072556761514 0.00118002995476963 0.00640730769367835 0.000906478945509962 0.00499931858248097 0.00253619820271396
"BRLD" 0.00110779126280225 0.000158060038457919 0.00126678709552612 0.000790534792871346 -0.000516306130527409 0.00115367022347564 -0.00141692632083284 0.000856503065254299 0.00140160228723395 -0.000927252303824093 0.000752766543178296 0.000972724031463157 -2.51995524582453e-05 0.00141471396579344 0.00265089355291635 0.00111488218069442 0.000388444425121689 0.000923071474192957 0.00280340573536394 -0.00323133035324597 0.00063995741447226 0.00136883609885923 0.00347524072721891 0.000692098374762775 0.000966655136415006 0.0030505359241889 0.000709956814997993 0.00140036499440828 0.000199178385640399 0.00533958977828882 0.00176539456005023 0.00400787311555468 0.00276790774109185 0.00118002995476963 0.0171592057366537 0.000222636995891682 0.0019904282665113 0.00332067890848899 0.00236656975474908
"OPILD" 0.00420843028741156 0.00299690385528969 0.00320441168411139 0.00348088527381223 0.00365362968479967 0.00232189369643312 0.00264716007114596 0.00310207648242823 0.00347493883709474 0.00323647222014152 0.00108400212349009 0.0024846545013055 0.00364505054847851 0.00336117139149878 0.00335707202959042 0.000889302081465092 0.00237717174557212 0.00153529116091212 0.0024342296421387 0.00540988419876756 0.000645520186620017 0.00387650718273878 0.00417871233769765 0.00654660923363334 0.0004758993959968 0.00193703532597253 0.00419230610043978 0.00253242126317461 0.00289408657616659 0.00490452447035805 0.0031392926574598 0.00245287069067213 0.00280942496348412 0.00640730769367835 0.000222636995891682 0.0104843271549706 0.000345258773852073 0.0068541287674618 -0.000611250196004051
"PTAS" 0.000379467364269904 0.00135036184783595 0.000722281498811438 0.000905108378751265 0.000153074016923831 0.000885237666290878 -0.000797041301861127 8.96988307226534e-05 0.00101888614828655 0.00123261521922195 0.00124442057585807 0.000811379905556371 0.00185627391768167 0.000766280239668275 -0.00117105244260606 -0.00140474161264141 0.00103335988898015 0.00327805769779586 0.00145410821586556 -0.00620211988303222 0.000277013472624222 0.00103310305755867 0.00251005730646135 0.000679370968996371 0.0034032851386419 0.00255970809638065 0.000176470363672469 0.00254596983291895 0.00261733459927276 0.00225439192097925 0.001479191307722 0.00276918758705453 0.0013317515465507 0.000906478945509962 0.0019904282665113 0.000345258773852073 0.00913471305184649 0.00196901739913645 0.000881256174886226
"JPAS" 0.00463180123420149 0.0063095690967335 0.00592902853470694 0.00711929063067059 0.00627348142934877 0.00281742630930022 0.0053650756936896 0.00412474560960696 0.00650700137147667 0.00433585150851732 0.00176631513112757 0.00475883167996329 0.00200708344019737 0.00421394847361571 0.0104820239955815 0.00518472421165364 0.00347600698482361 0.00237040908869404 0.00810801928269131 0.0143649397566349 0.00258915392290721 0.00765161860281557 0.0106046310197674 0.00863169819665778 0.00358861514264433 0.00591371402383185 0.0082213413257802 0.00438871408915582 0.00436669241563592 0.00640584416030038 0.00519693747285725 0.00486268739777717 0.00842970202939564 0.00499931858248097 0.00332067890848899 0.0068541287674618 0.00196901739913645 0.0165485901504195 0.00310516881891836
"BAOPI" 0.00158404324471796 0.00115930425501568 0.000982373143728026 0.00055599416252572 0.00035578355719164 0.00106971157464265 0.0019176228851573 0.000894916037775843 0.000909131137590636 -0.00101273792320738 0.000463811776609803 0.00130054769985913 0.000167725098620924 0.000637712172939179 0.00269684810553997 0.00190567275594309 0.00069741313401621 -0.000863072184101835 0.000631098074915853 0.007922641354424 -0.000925780403072774 0.000621448577792812 0.00174614496065062 0.000581243566634131 0.00149617517974937 0.000113213691524462 0.00185220984597851 0.00125487702108261 -0.00055955684706393 -0.00118464900601496 0.00122662104137116 0.000638343682883624 0.000315230685508276 0.00253619820271396 0.00236656975474908 -0.000611250196004051 0.000881256174886226 0.00310516881891836 0.012715390449399
