"" "ISPM" "ISNSL" "ISPNS" "PMZS" "PMZI" "PMMT" "NSLNA" "NSLZS" "NSLZI" "NABR" "NAFM" "NAPNS" "BRPT" "BRAPET" "PTFM" "PTAPET" "PTBA" "PTEAM" "PTZYGO" "PTTSP" "FMZS" "FMMT" "ZSZI" "ZIMT" "ZIZYGO" "ZITSP" "MTPNS" "PNSAPET" "APETBA" "APETTS" "BAEAM" "EAMZYGO" "ZYGOTSP" "LDAS" "BRLD" "OPILD" "PTAS" "JPAS" "BAOPI"
"ISPM" 0.00318934404092341 0.00188950417753605 0.00117468998312699 0.000802837032724338 0.000466998267185236 0.00113613830164175 -0.00112313306982234 0.00108218320378832 0.000964319494084158 0.000691716095345797 0.000614932110944581 0.000502491760265145 0.00042071404997017 0.000391051299868444 0.0010114191186178 -0.000481177771680112 -0.000184967530284077 0.000150889740017086 0.000786713463491415 -0.00379816213602079 0.00020284333233107 0.000860367339111749 0.000615736285497816 0.00152514791032328 3.14510221842766e-05 0.000762823512668804 4.55354483299685e-05 0.00103858235167833 0.00036504405314314 0.00140722097637086 0.000598514344846266 0.00157336723502859 0.000742318467202633 0.000282218593283794 -0.000398579044727105 0.000304850199012519 0.00043477716453747 9.15768965282407e-05 0.000101178629294341
"ISNSL" 0.00188950417753605 0.00643312902713287 0.00213152113596407 0.00314380382215543 0.00209388328774309 0.000889205528045037 -0.00138722658056925 0.00183985725515236 0.00215414591204895 0.000435661511528011 0.00124275369269144 0.000425899814014492 6.76534962497738e-05 -0.000186731871970844 0.0012685429976476 -0.000106649743732101 -5.9583575812477e-05 -1.59960785420603e-05 0.000492906406202598 -0.0087795443634858 0.00108083094295416 0.00116334113188321 0.00215773487170305 0.00100126208218788 -0.000459696700507733 0.00109338142655065 0.00124425217412921 0.000969746457839912 0.000615517490882148 -0.000855100367205629 0.000420787492631668 0.00198915447561353 0.00105896504748527 -0.000446643620015658 -0.00121633905159191 -0.00128652064955482 0.000414456644569611 -0.000271160824949455 0.00131968261706857
"ISPNS" 0.00117468998312699 0.00213152113596407 0.00221709085618606 0.0016199814112767 0.00117883017745266 0.000819676834598357 0.00103883095035256 0.000646848009798747 0.000815746950720537 0.000233575458825209 0.000721044246120701 0.00048283096267506 7.43139097851562e-05 9.89067192905563e-05 0.000895714483620226 7.0223467141014e-05 0.000272775713869822 0.000530921429767396 0.000879796795239041 -0.00105035505312552 4.57504574900488e-05 0.000563195717965934 0.00157436620495934 0.000282454387650874 0.000618810777539961 0.0011274919436352 0.00129629073084347 4.75177226915179e-05 0.000650300032014445 0.000805671618076251 0.000413865012720937 0.00136165199137307 0.000692103365158467 0.000134584421127882 -0.000432904643137899 0.000151001497266185 0.000688115757548827 0.000463713165638104 0.000620964248321428
"PMZS" 0.000802837032724338 0.00314380382215543 0.0016199814112767 0.00517152316678509 0.00179440743344737 0.00114077183530728 0.00219492826363047 0.00254211999333851 0.000816871689756858 -0.000100001545748331 0.0013218511844508 0.000156763555675929 -0.000174762429206218 -7.13887642471709e-05 0.00140297512730024 0.00039425553696491 0.000602484549842203 0.000649034981215415 0.00120352151196553 -0.005331891576765 -0.00245605934809864 0.000480330568918877 -7.38717085874147e-05 0.000479126249238554 0.000662762828842766 0.00127676885305739 0.00151966090025729 0.00174244433961657 0.00116858987968125 0.000145704980696134 0.000791816351541663 0.00222703997617133 0.00156712046844605 0.000525881095184493 -0.000775015014321905 0.000460088390431668 0.000496247845616211 -0.00029131282684934 0.000265855999651184
"PMZI" 0.000466998267185236 0.00209388328774309 0.00117883017745266 0.00179440743344737 0.00312681642206806 0.000790660108842648 9.604783559361e-05 0.000729936302698975 0.00205820858422374 7.61737418788254e-05 0.000924747034640882 9.08195049779246e-05 -0.000100377783258876 4.30525069904755e-05 0.00100017117947038 -0.000214879869973767 -9.08500640957559e-05 0.000430729009194606 0.000870076691899343 0.000563349238543307 0.000739586606246017 0.000462642557413475 0.00354845337235206 0.000342714886609538 -0.000615265496477311 0.000656619902554583 0.00123283253316869 0.00094698515344575 0.000455092224147021 0.00112281903623263 0.000228852549682326 0.00104715096739251 0.000698192610352025 -0.000456115608914728 -0.000191353904783554 4.90940714528484e-05 0.00054258036252683 2.50635847001912e-05 0.0009865347328519
"PMMT" 0.00113613830164175 0.000889205528045037 0.000819676834598357 0.00114077183530728 0.000790660108842648 0.00133397561024432 0.00124635729638578 0.000710102377015163 0.000497232522224974 -6.39618781007896e-05 0.000501193605360063 3.93497247288781e-05 -4.63194635749329e-05 2.40123396945656e-05 0.000794531919069258 -0.000312851247894581 2.32595371682531e-05 0.000163651370813892 0.000626491827699166 -0.00362141040935289 0.000130804243080411 0.000418129407036575 0.000679448880203318 0.000674182234619961 0.000124714272867407 0.000788966567244073 0.000650504346734225 0.00149183806080205 0.000542566697604442 0.000500853104349 0.000382073438848184 0.00117037559250547 0.000808230633903015 -1.36255418844875e-05 8.34674546518637e-05 0.000558249457965632 0.000294798606096886 0.000170934150230605 -0.000533961329831783
"NSLNA" -0.00112313306982234 -0.00138722658056925 0.00103883095035256 0.00219492826363047 9.604783559361e-05 0.00124635729638578 0.0228825407900907 0.00103928426315748 -0.000388280143303901 -0.00242938402897233 -0.000343274063859254 0.00216963971120427 -0.00072325288106412 0.000778815138703936 0.00134503436178674 0.00320211602241426 0.00270503697633442 0.00221888541415477 0.00306748111510904 0.0152043002359942 -0.0012259923907023 7.54284494032701e-05 -0.000748217341611569 0.000221471976576795 0.00317801762331825 0.00264788663392586 0.00246855301905815 0.00149195543820979 0.0018394146117289 -0.000628788126684414 0.000836209764941079 -0.000840458153520195 0.00127915692483468 0.00134337270271047 0.0013791037230128 0.00223929817958458 0.000672604744577097 -4.6922477591078e-05 -0.0013933013603454
"NSLZS" 0.00108218320378832 0.00183985725515236 0.000646848009798747 0.00254211999333851 0.000729936302698975 0.000710102377015163 0.00103928426315748 0.00327300958946713 0.00133140758525746 8.74290268781631e-05 0.00103173498624235 0.000534074107217612 0.000293425597210487 5.31614972506494e-05 0.000987748447003821 -3.48168252525666e-05 0.00019789513817888 -0.000320748570167525 0.000614630636781814 -0.00190244980401821 -0.000982544117114573 0.000382623905461871 -0.00147646326029343 0.00068635007277567 -0.000313565584864128 0.0010002909617421 0.000152397302083707 0.00177010148162511 0.000571679529499563 3.84717788222209e-05 0.000508196017708492 0.002215992481942 0.000684987384522593 0.000876920277095173 -0.000474212040900112 0.000358862602692193 0.000228843927582889 -0.000367059264111123 0.000586716152621036
"NSLZI" 0.000964319494084158 0.00215414591204895 0.000815746950720537 0.000816871689756858 0.00205820858422374 0.000497232522224974 -0.000388280143303901 0.00133140758525746 0.00249653292107794 0.000397946092744003 0.000721661997779294 0.000469863534332879 0.000314327159398372 0.00019190122754493 0.000980987783940469 -0.000240062957898092 -0.00015014938525085 0.000137385738312736 0.00083425343298934 0.00104195163158407 0.00103122718536265 0.000705332249151796 0.00322985593784295 0.000908535773345959 -0.000966163481630375 0.000883254040260952 0.000817695148788866 0.000600062713671456 0.000370779360427853 0.000546589273532243 0.00027693669035832 0.00133202546685298 0.000480115533257965 -8.16021717445433e-05 -0.000193994731431306 -0.000226167928581895 0.000499471242978951 4.4318568212192e-05 0.00114472204958464
"NABR" 0.000691716095345797 0.000435661511528011 0.000233575458825209 -0.000100001545748331 7.61737418788254e-05 -6.39618781007896e-05 -0.00242938402897233 8.74290268781631e-05 0.000397946092744003 0.00153846144547659 0.000170066339342533 0.000498016282042349 0.000813228371380646 0.000514498272380403 0.000579287889855189 4.80006737749584e-05 -0.00023210083217523 -5.57346947980735e-05 0.000560110307703853 -0.000989085252924936 0.000553171429317404 0.000668161200968154 0.000650062097231754 0.00105053833306615 -0.00017790334446767 -1.21810819503173e-05 -0.000196452705575952 -0.00074532113023147 -0.00033301893583072 0.000379730491228174 0.000181597424940511 0.000626883991000409 0.000345109474572696 0.000268138482247693 -0.000840749474399066 -0.000554438620103992 -2.29166143913864e-05 0.000403810045188989 0.00118043270645493
"NAFM" 0.000614932110944581 0.00124275369269144 0.000721044246120701 0.0013218511844508 0.000924747034640882 0.000501193605360063 -0.000343274063859254 0.00103173498624235 0.000721661997779294 0.000170066339342533 0.0012104756767909 0.000375371670655535 7.78666728612565e-05 6.04923633135664e-05 0.000517573693301936 4.19840309662334e-05 8.53779551624556e-05 0.000192572290949448 0.00051475195457768 -0.00209427936007121 -0.000294908767695174 0.000204549340735766 0.000455830938075506 0.000340785955887735 0.000280974797090477 0.000570079592785854 0.000326464663172328 0.000689398662072638 0.000377433399123549 0.000479385963521739 0.000317064179091546 0.00119330636857101 0.000682885643325832 0.000400800508354966 0.000208286644238458 0.000270572371729916 0.000154088211924112 -3.44214503714821e-05 0.000325820584650617
"NAPNS" 0.000502491760265145 0.000425899814014492 0.00048283096267506 0.000156763555675929 9.08195049779246e-05 3.93497247288781e-05 0.00216963971120427 0.000534074107217612 0.000469863534332879 0.000498016282042349 0.000375371670655535 0.00193105053690429 0.000288420428132163 0.000463474873115557 0.000970161859751109 0.000408427388728819 0.0003200071164012 0.000760930485505338 0.0008274870120295 0.00450001366999468 0.000272489412075448 0.000986877088268199 0.000276557661989053 0.000710768102883034 0.000737634418895218 0.000256498726824434 5.05377287787296e-06 -0.000635971463839361 0.000432044738073895 -0.000121749971453764 0.00063326317451461 0.000964709286577873 0.000394174327567182 4.70226215742565e-05 0.000135083497923595 -0.000372636981500188 0.00049402956678357 0.000124534399197376 0.000408132666668437
"BRPT" 0.00042071404997017 6.76534962497738e-05 7.43139097851562e-05 -0.000174762429206218 -0.000100377783258876 -4.63194635749329e-05 -0.00072325288106412 0.000293425597210487 0.000314327159398372 0.000813228371380646 7.78666728612565e-05 0.000288420428132163 0.00134936150495729 0.000766425983788389 -8.70471710742161e-05 -0.000254616209541153 -6.08544076126736e-05 -0.000293407320886292 -0.000171325612740712 -0.000230681540998979 0.000257588416284548 0.000379612953314955 0.00040563819408603 0.000618353756655373 -0.000449633162847068 -0.000160537777560003 -0.000176685434240214 -4.63263326208457e-05 -9.46451984525544e-05 0.000258976340717636 0.000135118477501636 0.000652698411954948 -7.26873737655341e-05 0.00057101114692884 3.79283763134558e-05 -7.26070666735293e-05 2.51303253179185e-05 0.000137720551458539 0.000834477567526242
"BRAPET" 0.000391051299868444 -0.000186731871970844 9.89067192905563e-05 -7.13887642471709e-05 4.30525069904755e-05 2.40123396945656e-05 0.000778815138703936 5.31614972506494e-05 0.00019190122754493 0.000514498272380403 6.04923633135664e-05 0.000463474873115557 0.000766425983788389 0.000911417057785063 0.000333390947964956 0.000305362788469067 0.00024758190129191 0.000402986070492453 0.000784608561359786 0.00254311340513031 -9.5774212544794e-06 0.000366305832622097 0.000521907057051733 0.00076792202339319 4.87141143567514e-05 0.000229498357559092 -0.000116724555479452 8.39574795263581e-06 0.000111672353424539 0.0004627173307745 0.000309401513094586 0.000466246704182706 0.000494399902165261 0.000629747099511406 0.000546328562733272 0.000324126341023033 0.000148910400357422 0.000110805970135865 0.000562195969099091
"PTFM" 0.0010114191186178 0.0012685429976476 0.000895714483620226 0.00140297512730024 0.00100017117947038 0.000794531919069258 0.00134503436178674 0.000987748447003821 0.000980987783940469 0.000579287889855189 0.000517573693301936 0.000970161859751109 -8.70471710742161e-05 0.000333390947964956 0.00523880332322384 0.000171090787761191 -0.000204976264509915 -0.000805067366257869 0.00100589194696604 0.00289312186892128 -7.87284759090745e-05 0.0014813203347059 0.00121837696594344 0.00109244639917724 0.000369858133948061 0.000905319142834593 0.00121906647746416 0.00107892742068987 0.000852905173374237 0.0009963544923694 0.000841034263661945 0.00242453723971668 0.000650958079284423 0.000721548663806291 -0.000142280148539703 0.000997801161932555 -0.000395011355318526 0.000488665848782116 0.000307789165926174
"PTAPET" -0.000481177771680112 -0.000106649743732101 7.0223467141014e-05 0.00039425553696491 -0.000214879869973767 -0.000312851247894581 0.00320211602241426 -3.48168252525666e-05 -0.000240062957898092 4.80006737749584e-05 4.19840309662334e-05 0.000408427388728819 -0.000254616209541153 0.000305362788469067 0.000171090787761191 0.00328352489484833 0.0014786027372698 0.000696715151404243 0.00137430235393736 0.0078446294739368 -0.000835648736352459 -0.000280350278337652 6.09883484613658e-05 1.07898496097061e-05 0.00143042241650343 0.000656854621979626 1.94039890119659e-05 -9.77806261021617e-05 -0.000146078800174045 -0.000255748251791223 -2.01327858876314e-05 -0.00119480614765497 0.00115161704218094 0.000871414818790706 -0.000752240561821519 0.000274342838436026 -0.000283629398365002 0.000305445579039087 0.000378666232648122
"PTBA" -0.000184967530284077 -5.9583575812477e-05 0.000272775713869822 0.000602484549842203 -9.08500640957559e-05 2.32595371682531e-05 0.00270503697633442 0.00019789513817888 -0.00015014938525085 -0.00023210083217523 8.53779551624556e-05 0.0003200071164012 -6.08544076126736e-05 0.00024758190129191 -0.000204976264509915 0.0014786027372698 0.00123151314694932 0.000962427548253931 0.00114822046441313 0.00434020272504744 -0.00044150184313654 3.7299482362551e-05 -9.65345490856746e-05 -1.73181832937678e-05 0.00127853132464543 0.000939374680777856 0.000174787023797285 0.000488613218948048 0.000824502836500775 -0.000154295006415185 0.000257697028363309 -0.000145185209035692 0.000769961400947748 0.000709185745422964 -2.12696746303357e-06 0.000501618340809353 0.00032171537284249 0.00023857898830879 0.000181648953381326
"PTEAM" 0.000150889740017086 -1.59960785420603e-05 0.000530921429767396 0.000649034981215415 0.000430729009194606 0.000163651370813892 0.00221888541415477 -0.000320748570167525 0.000137385738312736 -5.57346947980735e-05 0.000192572290949448 0.000760930485505338 -0.000293407320886292 0.000402986070492453 -0.000805067366257869 0.000696715151404243 0.000962427548253931 0.00393071501344646 0.00277979960089441 0.00695824902458959 -0.000991943200654402 0.000395727802631342 0.00143716604429667 0.00045197395115685 0.00147035150918877 0.00177576003213182 0.000848891337612746 7.76408387481358e-05 0.000482463985459497 -0.000426548658148936 0.000626016735863249 0.000493673387002519 0.00103288737932771 -5.81487857439815e-05 0.00106587262125892 -0.000122477235084674 0.00204386995718202 0.000266515802505941 0.000592793013471948
"PTZYGO" 0.000786713463491415 0.000492906406202598 0.000879796795239041 0.00120352151196553 0.000870076691899343 0.000626491827699166 0.00306748111510904 0.000614630636781814 0.00083425343298934 0.000560110307703853 0.00051475195457768 0.0008274870120295 -0.000171325612740712 0.000784608561359786 0.00100589194696604 0.00137430235393736 0.00114822046441313 0.00277979960089441 0.00485620871223308 0.0071456424065646 -2.83696076102147e-05 0.00091330956756654 0.00123795592845175 0.00127549004976877 0.00178726753876894 0.0027705908917278 0.000788963666961825 0.000853042803273647 0.000826812529161265 -0.000179388315241157 0.000644294873684173 0.00103640187732996 0.00324565590461585 0.000800359968910098 0.000949590577888229 0.000151664597519467 0.00130582613828979 0.000471180185234064 0.00160006616928127
"PTTSP" -0.00379816213602079 -0.0087795443634858 -0.00105035505312552 -0.005331891576765 0.000563349238543307 -0.00362141040935289 0.0152043002359942 -0.00190244980401821 0.00104195163158407 -0.000989085252924936 -0.00209427936007121 0.00450001366999468 -0.000230681540998979 0.00254311340513031 0.00289312186892128 0.0078446294739368 0.00434020272504744 0.00695824902458959 0.0071456424065646 0.266184574415474 0.00432136047804583 0.00225167026692912 -0.000545892078512737 0.000629099738778813 0.00727360218526226 0.00427212531996895 0.00175096543446541 0.00449368574923823 -0.00243839555791454 0.00231235049828159 0.00274862517265267 -0.00788789291982954 -0.0189857064598549 0.00632047379997846 0.00299357408535276 0.00223018086639942 0.00425476573513491 -0.00181150680954161 0.0131452412349405
"FMZS" 0.00020284333233107 0.00108083094295416 4.57504574900488e-05 -0.00245605934809864 0.000739586606246017 0.000130804243080411 -0.0012259923907023 -0.000982544117114573 0.00103122718536265 0.000553171429317404 -0.000294908767695174 0.000272489412075448 0.000257588416284548 -9.5774212544794e-06 -7.87284759090745e-05 -0.000835648736352459 -0.00044150184313654 -0.000991943200654402 -2.83696076102147e-05 0.00432136047804583 0.00806546563203078 0.00208352395336852 0.00180621708724048 0.00066454775142149 0.000481291805745869 0.000846603768526121 -1.89955996085225e-05 -0.000397291607619865 0.000415135886480803 0.000337230643329208 3.66674392843658e-05 -0.00074755869095906 -0.00124726891416752 -0.000666504428918689 0.00118822797157094 -0.00136459771890147 -0.000489159379088566 -0.000474233204676132 0.00125179505669448
"FMMT" 0.000860367339111749 0.00116334113188321 0.000563195717965934 0.000480330568918877 0.000462642557413475 0.000418129407036575 7.54284494032701e-05 0.000382623905461871 0.000705332249151796 0.000668161200968154 0.000204549340735766 0.000986877088268199 0.000379612953314955 0.000366305832622097 0.0014813203347059 -0.000280350278337652 3.7299482362551e-05 0.000395727802631342 0.00091330956756654 0.00225167026692912 0.00208352395336852 0.00191577379350612 0.00104482966958965 0.00124433935001164 0.000690428203420238 0.000852362784523292 0.00052456135768527 4.78412835084471e-05 0.000711282081513374 0.000267826378576855 0.000794038141718466 0.001199449738009 0.000187056715747067 -0.000165550888332838 0.0005171514830462 -0.000623403113206168 0.000408543481500681 4.65867641215261e-05 0.000794864759856897
"ZSZI" 0.000615736285497816 0.00215773487170305 0.00157436620495934 -7.38717085874147e-05 0.00354845337235206 0.000679448880203318 -0.000748217341611569 -0.00147646326029343 0.00322985593784295 0.000650062097231754 0.000455830938075506 0.000276557661989053 0.00040563819408603 0.000521907057051733 0.00121837696594344 6.09883484613658e-05 -9.65345490856746e-05 0.00143716604429667 0.00123795592845175 -0.000545892078512737 0.00180621708724048 0.00104482966958965 0.0106801707493011 0.000606574937099754 -0.00103321167234961 0.00124936950630506 0.00295293360593277 -0.000520548348851672 0.00056712190429 0.000861949541288148 6.39596222579853e-05 0.00073570676013021 0.00134125633058633 -0.00106750558025608 0.000464000752762681 6.79286887700314e-05 0.000932896763109464 0.00083318247742287 -8.51946075634406e-05
"ZIMT" 0.00152514791032328 0.00100126208218788 0.000282454387650874 0.000479126249238554 0.000342714886609538 0.000674182234619961 0.000221471976576795 0.00068635007277567 0.000908535773345959 0.00105053833306615 0.000340785955887735 0.000710768102883034 0.000618353756655373 0.00076792202339319 0.00109244639917724 1.07898496097061e-05 -1.73181832937678e-05 0.00045197395115685 0.00127549004976877 0.000629099738778813 0.00066454775142149 0.00124433935001164 0.000606574937099754 0.00336233617937873 8.45439543705904e-06 0.000290974340417035 -0.000682978972176109 -1.18928819628582e-06 7.28769305164097e-05 -0.000315117500117265 0.000876100488097471 0.00102139038466637 0.000608276930523548 9.21196757937613e-05 -9.70642944803162e-05 -0.000521874955867398 0.000371797628797038 0.00053630187996 0.00151573335721104
"ZIZYGO" 3.14510221842766e-05 -0.000459696700507733 0.000618810777539961 0.000662762828842766 -0.000615265496477311 0.000124714272867407 0.00317801762331825 -0.000313565584864128 -0.000966163481630375 -0.00017790334446767 0.000280974797090477 0.000737634418895218 -0.000449633162847068 4.87141143567514e-05 0.000369858133948061 0.00143042241650343 0.00127853132464543 0.00147035150918877 0.00178726753876894 0.00727360218526226 0.000481291805745869 0.000690428203420238 -0.00103321167234961 8.45439543705904e-06 0.0042102885115377 0.00161095358131707 0.00028700666210968 -0.000248187689049932 0.00152642730690035 -0.000116672271422678 0.000788045627382615 -0.00116525787505157 0.0008288483405453 0.000864449192494481 0.000649435692416973 0.000703728032356384 0.000664233381189859 0.000204385231559895 -2.06104155379989e-05
"ZITSP" 0.000762823512668804 0.00109338142655065 0.0011274919436352 0.00127676885305739 0.000656619902554583 0.000788966567244073 0.00264788663392586 0.0010002909617421 0.000883254040260952 -1.21810819503173e-05 0.000570079592785854 0.000256498726824434 -0.000160537777560003 0.000229498357559092 0.000905319142834593 0.000656854621979626 0.000939374680777856 0.00177576003213182 0.0027705908917278 0.00427212531996895 0.000846603768526121 0.000852362784523292 0.00124936950630506 0.000290974340417035 0.00161095358131707 0.00386266560802664 0.00156137520377252 0.00168766119769785 0.00136947457797408 0.000373964406527401 0.0007310348014817 0.00187932694467191 0.00157409265401599 0.00126509346595143 0.00113051021493541 0.000490305269647899 0.00100538845531979 -4.69630516285684e-05 0.000846992197846637
"MTPNS" 4.55354483299685e-05 0.00124425217412921 0.00129629073084347 0.00151966090025729 0.00123283253316869 0.000650504346734225 0.00246855301905815 0.000152397302083707 0.000817695148788866 -0.000196452705575952 0.000326464663172328 5.05377287787296e-06 -0.000176685434240214 -0.000116724555479452 0.00121906647746416 1.94039890119659e-05 0.000174787023797285 0.000848891337612746 0.000788963666961825 0.00175096543446541 -1.89955996085225e-05 0.00052456135768527 0.00295293360593277 -0.000682978972176109 0.00028700666210968 0.00156137520377252 0.00313844725586513 0.00060281357214954 0.000553291133939817 0.000830947525034401 0.0001594777794622 0.000836405399653908 0.000168186970295842 -0.000101932160537535 -0.000105576249934394 0.000202246696110294 0.0004952252222258 -0.000215304244390725 -0.000193438780807962
"PNSAPET" 0.00103858235167833 0.000969746457839912 4.75177226915179e-05 0.00174244433961657 0.00094698515344575 0.00149183806080205 0.00149195543820979 0.00177010148162511 0.000600062713671456 -0.00074532113023147 0.000689398662072638 -0.000635971463839361 -4.63263326208457e-05 8.39574795263581e-06 0.00107892742068987 -9.77806261021617e-05 0.000488613218948048 7.76408387481358e-05 0.000853042803273647 0.00449368574923823 -0.000397291607619865 4.78412835084471e-05 -0.000520548348851672 -1.18928819628582e-06 -0.000248187689049932 0.00168766119769785 0.00060281357214954 0.00537271627258517 0.000629179096443084 -0.000164673466354457 0.000238093327621307 0.00206992245190661 0.000830508333698761 0.000733379649676539 0.000960327712475545 0.00132422577406623 9.32024751490515e-05 -0.000784923626663513 -0.00106922863033768
"APETBA" 0.00036504405314314 0.000615517490882148 0.000650300032014445 0.00116858987968125 0.000455092224147021 0.000542566697604442 0.0018394146117289 0.000571679529499563 0.000370779360427853 -0.00033301893583072 0.000377433399123549 0.000432044738073895 -9.46451984525544e-05 0.000111672353424539 0.000852905173374237 -0.000146078800174045 0.000824502836500775 0.000482463985459497 0.000826812529161265 -0.00243839555791454 0.000415135886480803 0.000711282081513374 0.00056712190429 7.28769305164097e-05 0.00152642730690035 0.00136947457797408 0.000553291133939817 0.000629179096443084 0.00254085651526782 0.00083520873293779 0.000778233215414206 0.00119120514775902 0.000587325883994129 0.000771964495058553 0.00058528274546599 0.00113591824321736 0.000523461724918653 0.000293908184172676 -0.000421425240535353
"APETTS" 0.00140722097637086 -0.000855100367205629 0.000805671618076251 0.000145704980696134 0.00112281903623263 0.000500853104349 -0.000628788126684414 3.84717788222209e-05 0.000546589273532243 0.000379730491228174 0.000479385963521739 -0.000121749971453764 0.000258976340717636 0.0004627173307745 0.0009963544923694 -0.000255748251791223 -0.000154295006415185 -0.000426548658148936 -0.000179388315241157 0.00231235049828159 0.000337230643329208 0.000267826378576855 0.000861949541288148 -0.000315117500117265 -0.000116672271422678 0.000373964406527401 0.000830947525034401 -0.000164673466354457 0.00083520873293779 0.00774640418095981 0.000459500691646226 0.0015587610668383 -0.000952241595333838 0.000937111775638328 -0.000350272873444731 0.00191017746076558 -9.9277163779965e-05 0.000238358660446755 -0.000151072023935244
"BAEAM" 0.000598514344846266 0.000420787492631668 0.000413865012720937 0.000791816351541663 0.000228852549682326 0.000382073438848184 0.000836209764941079 0.000508196017708492 0.00027693669035832 0.000181597424940511 0.000317064179091546 0.00063326317451461 0.000135118477501636 0.000309401513094586 0.000841034263661945 -2.01327858876314e-05 0.000257697028363309 0.000626016735863249 0.000644294873684173 0.00274862517265267 3.66674392843658e-05 0.000794038141718466 6.39596222579853e-05 0.000876100488097471 0.000788045627382615 0.0007310348014817 0.0001594777794622 0.000238093327621307 0.000778233215414206 0.000459500691646226 0.0010342825834829 0.000987062036745269 -7.85862397347059e-05 0.000399072106595788 0.000498840571381986 0.000141797931482661 0.000566347249858684 0.00023345989610135 0.000670286004337712
"EAMZYGO" 0.00157336723502859 0.00198915447561353 0.00136165199137307 0.00222703997617133 0.00104715096739251 0.00117037559250547 -0.000840458153520195 0.002215992481942 0.00133202546685298 0.000626883991000409 0.00119330636857101 0.000964709286577873 0.000652698411954948 0.000466246704182706 0.00242453723971668 -0.00119480614765497 -0.000145185209035692 0.000493673387002519 0.00103640187732996 -0.00788789291982954 -0.00074755869095906 0.001199449738009 0.00073570676013021 0.00102139038466637 -0.00116525787505157 0.00187932694467191 0.000836405399653908 0.00206992245190661 0.00119120514775902 0.0015587610668383 0.000987062036745269 0.00623832120978845 0.00172668052204634 0.000695702111737121 0.00119039019966241 0.000184088582965731 0.000396368832755112 -2.94734946449872e-05 8.90736413676051e-05
"ZYGOTSP" 0.000742318467202633 0.00105896504748527 0.000692103365158467 0.00156712046844605 0.000698192610352025 0.000808230633903015 0.00127915692483468 0.000684987384522593 0.000480115533257965 0.000345109474572696 0.000682885643325832 0.000394174327567182 -7.26873737655341e-05 0.000494399902165261 0.000650958079284423 0.00115161704218094 0.000769961400947748 0.00103288737932771 0.00324565590461585 -0.0189857064598549 -0.00124726891416752 0.000187056715747067 0.00134125633058633 0.000608276930523548 0.0008288483405453 0.00157409265401599 0.000168186970295842 0.000830508333698761 0.000587325883994129 -0.000952241595333838 -7.85862397347059e-05 0.00172668052204634 0.00674888865308667 -5.42633864887013e-05 0.000336137708915954 -0.00014356708480743 -0.000123487573962135 0.000229420225776072 -0.00111103597477872
"LDAS" 0.000282218593283794 -0.000446643620015658 0.000134584421127882 0.000525881095184493 -0.000456115608914728 -1.36255418844875e-05 0.00134337270271047 0.000876920277095173 -8.16021717445433e-05 0.000268138482247693 0.000400800508354966 4.70226215742565e-05 0.00057101114692884 0.000629747099511406 0.000721548663806291 0.000871414818790706 0.000709185745422964 -5.81487857439815e-05 0.000800359968910098 0.00632047379997846 -0.000666504428918689 -0.000165550888332838 -0.00106750558025608 9.21196757937613e-05 0.000864449192494481 0.00126509346595143 -0.000101932160537535 0.000733379649676539 0.000771964495058553 0.000937111775638328 0.000399072106595788 0.000695702111737121 -5.42633864887013e-05 0.00288522593818603 0.0004749561887013 0.00191092094104151 -0.000158164449991804 0.000266423986348161 0.000901691799223309
"BRLD" -0.000398579044727105 -0.00121633905159191 -0.000432904643137899 -0.000775015014321905 -0.000191353904783554 8.34674546518637e-05 0.0013791037230128 -0.000474212040900112 -0.000193994731431306 -0.000840749474399066 0.000208286644238458 0.000135083497923595 3.79283763134558e-05 0.000546328562733272 -0.000142280148539703 -0.000752240561821519 -2.12696746303357e-06 0.00106587262125892 0.000949590577888229 0.00299357408535276 0.00118822797157094 0.0005171514830462 0.000464000752762681 -9.70642944803162e-05 0.000649435692416973 0.00113051021493541 -0.000105576249934394 0.000960327712475545 0.00058528274546599 -0.000350272873444731 0.000498840571381986 0.00119039019966241 0.000336137708915954 0.0004749561887013 0.00592920613264148 0.000140303377391525 0.000592011844760518 -0.000638052830614409 -0.000219037160880289
"OPILD" 0.000304850199012519 -0.00128652064955482 0.000151001497266185 0.000460088390431668 4.90940714528484e-05 0.000558249457965632 0.00223929817958458 0.000358862602692193 -0.000226167928581895 -0.000554438620103992 0.000270572371729916 -0.000372636981500188 -7.26070666735293e-05 0.000324126341023033 0.000997801161932555 0.000274342838436026 0.000501618340809353 -0.000122477235084674 0.000151664597519467 0.00223018086639942 -0.00136459771890147 -0.000623403113206168 6.79286887700314e-05 -0.000521874955867398 0.000703728032356384 0.000490305269647899 0.000202246696110294 0.00132422577406623 0.00113591824321736 0.00191017746076558 0.000141797931482661 0.000184088582965731 -0.00014356708480743 0.00191092094104151 0.000140303377391525 0.00435248652599793 5.09632077059909e-05 0.000885447394826956 -0.00269311771840171
"PTAS" 0.00043477716453747 0.000414456644569611 0.000688115757548827 0.000496247845616211 0.00054258036252683 0.000294798606096886 0.000672604744577097 0.000228843927582889 0.000499471242978951 -2.29166143913864e-05 0.000154088211924112 0.00049402956678357 2.51303253179185e-05 0.000148910400357422 -0.000395011355318526 -0.000283629398365002 0.00032171537284249 0.00204386995718202 0.00130582613828979 0.00425476573513491 -0.000489159379088566 0.000408543481500681 0.000932896763109464 0.000371797628797038 0.000664233381189859 0.00100538845531979 0.0004952252222258 9.32024751490515e-05 0.000523461724918653 -9.9277163779965e-05 0.000566347249858684 0.000396368832755112 -0.000123487573962135 -0.000158164449991804 0.000592011844760518 5.09632077059909e-05 0.00184699014287402 0.000693916054076835 0.000853045248962201
"JPAS" 9.15768965282407e-05 -0.000271160824949455 0.000463713165638104 -0.00029131282684934 2.50635847001912e-05 0.000170934150230605 -4.6922477591078e-05 -0.000367059264111123 4.4318568212192e-05 0.000403810045188989 -3.44214503714821e-05 0.000124534399197376 0.000137720551458539 0.000110805970135865 0.000488665848782116 0.000305445579039087 0.00023857898830879 0.000266515802505941 0.000471180185234064 -0.00181150680954161 -0.000474233204676132 4.65867641215261e-05 0.00083318247742287 0.00053630187996 0.000204385231559895 -4.69630516285684e-05 -0.000215304244390725 -0.000784923626663513 0.000293908184172676 0.000238358660446755 0.00023345989610135 -2.94734946449872e-05 0.000229420225776072 0.000266423986348161 -0.000638052830614409 0.000885447394826956 0.000693916054076835 0.00217440114187752 0.000595566138367446
"BAOPI" 0.000101178629294341 0.00131968261706857 0.000620964248321428 0.000265855999651184 0.0009865347328519 -0.000533961329831783 -0.0013933013603454 0.000586716152621036 0.00114472204958464 0.00118043270645493 0.000325820584650617 0.000408132666668437 0.000834477567526242 0.000562195969099091 0.000307789165926174 0.000378666232648122 0.000181648953381326 0.000592793013471948 0.00160006616928127 0.0131452412349405 0.00125179505669448 0.000794864759856897 -8.51946075634406e-05 0.00151573335721104 -2.06104155379989e-05 0.000846992197846637 -0.000193438780807962 -0.00106922863033768 -0.000421425240535353 -0.000151072023935244 0.000670286004337712 8.90736413676051e-05 -0.00111103597477872 0.000901691799223309 -0.000219037160880289 -0.00269311771840171 0.000853045248962201 0.000595566138367446 0.00793431145406249
