"" "ISPM" "ISNSL" "ISPNS" "PMZS" "PMZI" "PMMT" "NSLNA" "NSLZS" "NSLZI" "NABR" "NAFM" "NAPNS" "BRPT" "BRAPET" "PTFM" "PTAPET" "PTBA" "PTEAM" "PTZYGO" "PTTSP" "FMZS" "FMMT" "ZSZI" "ZIMT" "ZIZYGO" "ZITSP" "MTPNS" "PNSAPET" "APETBA" "APETTS" "BAEAM" "EAMZYGO" "ZYGOTSP" "LDAS" "BRLD" "OPILD" "PTAS" "JPAS" "BAOPI"
"ISPM" 0.00298044728365553 0.00160757655439286 0.00120753763563425 0.000620471005861099 0.000304141365017485 0.00103016879002398 -0.00123582783757099 0.00097337031210609 0.000942501413983702 0.000751197085153987 0.000596213296432413 0.000586189260848313 0.000556901854425545 0.000309816416699492 0.00041061422835312 -0.000589450900144023 -1.03362343672357e-06 0.000402014994661527 0.000783022973106476 -0.00247567313888212 0.000606361466933724 0.000884512265815704 0.000810903195333916 0.00126555501822744 0.000558517086374266 0.000959274517491463 0.000176934325601194 0.000805175393346903 0.000759986093840576 0.00111705602439125 0.00062774425334171 0.00122787878204087 0.000421548607563092 0.00037910825945039 -0.000441162630694381 0.000414134507779423 0.000719737752203703 0.00022622191643366 0.000201845463539593
"ISNSL" 0.00160757655439286 0.00622973603658489 0.00228047324125476 0.00301586371842908 0.00179004987751273 0.000667289128146074 -0.00149435988547189 0.00164766491652109 0.00193214281549935 0.000297445529644279 0.00127314983651668 0.000289388824479179 -4.60720471339559e-05 -0.00044122318382326 0.000906635097026013 -0.000191217954009138 6.51219013405752e-05 -0.000170098598942458 0.000400206401880697 -0.00914659750726469 0.00138970488683472 0.00110145049726552 0.00207159459212605 0.000458455004455659 8.80422682411299e-05 0.00150881764622643 0.00146192049577752 0.000830493303844537 0.000928396533376608 -0.00121472590238206 0.000413125990319579 0.0016889125247762 0.000927681352833193 -0.000467499236335943 -0.000854491592938628 -0.00149180385034169 0.000458089538574396 -0.000244445793183766 0.00150952928619022
"ISPNS" 0.00120753763563425 0.00228047324125476 0.00246504034203729 0.00176510933552957 0.00118657889844729 0.000889388679309608 0.00108399318033885 0.00071993248025811 0.000804099968445178 0.000188270314040568 0.000788317554148209 0.000502146693365626 8.12068432738781e-05 6.40415770355843e-05 0.000750322514376745 -7.64657447447277e-06 0.000364610032187333 0.000621615799689135 0.00090609706326835 -0.00108996496098835 2.15974862043354e-05 0.000548213493470301 0.00151972017980826 0.000162877987057035 0.000759524204716495 0.00129017603172512 0.00140408840420516 0.000138521485435842 0.00083409203117216 0.000678826081283067 0.000439265780899396 0.0014998638908097 0.000736826777083743 0.0001411751705217 -0.000412842060055674 0.000135074864742874 0.000803325172806621 0.000455410977882983 0.000634970079409348
"PMZS" 0.000620471005861099 0.00301586371842908 0.00176510933552957 0.00533845346845586 0.00175880894670967 0.00105332616292014 0.00167889512193208 0.00210316038502892 0.000528766740989454 -0.00016539762273208 0.00134879220571112 -5.90105168517465e-05 -0.000234875161393693 -0.000188297926798915 0.000947233230422636 0.000244111710648447 0.000577288634157447 0.000781549426072234 0.00111828674782933 -0.00757586340764334 -0.00257358501117338 0.000424907913366065 0.000209315482653014 0.000249474786588769 0.00112417662994497 0.00142776366823506 0.00165908608692343 0.00137528422941789 0.00128433834652385 -2.5587157025143e-06 0.000825241671956798 0.00194315179430529 0.00180998560994062 0.00023169280661054 -0.000375023261848159 0.000230160074185017 0.000628799673867937 -0.00030858243077441 0.000145395030721298
"PMZI" 0.000304141365017485 0.00179004987751273 0.00118657889844729 0.00175880894670967 0.0028036688347306 0.000702748452419055 0.000175212093752701 0.000965372818529337 0.00185853202400419 -0.000226560049871746 0.000880281777385924 -5.55804240190363e-05 -9.6687868104307e-05 -9.55833654624026e-05 0.00060841839243873 -0.000367870648385258 4.45432578122339e-05 0.000396975545858621 0.000686176627088119 0.000303707814724404 0.000359663838945797 0.00023807092673948 0.00287989259244986 -0.000137677215001165 -0.00050544974824069 0.0010305833832187 0.00120786263029816 0.00143851373571203 0.000602021562580488 0.000467152248526024 0.000259327687779312 0.00119645543728028 0.000782872727689222 -0.000363303602094744 0.000187381782514963 -0.000135026624239005 0.000659728567791269 -0.000209178485691615 0.000904336099066678
"PMMT" 0.00103016879002398 0.000667289128146074 0.000889388679309608 0.00105332616292014 0.000702748452419055 0.00134135509296896 0.0012851240754346 0.000562436491276365 0.000412190524385094 -8.12887041351006e-05 0.000492160532168912 1.24193558584441e-05 5.58207454669882e-07 -3.39722474833222e-05 0.000625384189756227 -0.000388329333406154 4.5984872865629e-05 0.000236994143422291 0.000595572679648794 -0.00410525169684902 0.0002268807753748 0.000431060680303891 0.00089164200295606 0.000536421776212451 0.000431366822761137 0.000988269594012967 0.000830264737398375 0.00137853766975351 0.000655172408559085 0.000333737812599377 0.000430433912831221 0.00101773764923505 0.000795684457083909 -2.72320379956454e-05 0.000193092996601014 0.000574027268407951 0.00043412102235279 0.000267887792278188 -0.000562065240945787
"NSLNA" -0.00123582783757099 -0.00149435988547189 0.00108399318033885 0.00167889512193208 0.000175212093752701 0.0012851240754346 0.0223591901167604 -0.000545015536586376 -0.00095305278768173 -0.0025380376178766 -0.000432652912289108 0.00200625440669297 -0.000757341633622194 0.000954081568400433 0.000774049745341561 0.00266306104954679 0.00227172608161888 0.00251032047213863 0.00262612211570666 0.00955959613926091 -0.00132647858519909 -8.20666565327025e-05 0.000223524485724375 0.000482935524636242 0.0033670152967714 0.00216112472433915 0.00251115697962356 0.000525275784808187 0.00151531832789566 -0.000933350655543374 0.000709352316364299 -0.00165009560765201 0.00193951794854374 0.000172890317483074 0.00194241403843831 0.00164877681213663 0.000665359082757964 -0.000288047179145984 -0.00194457800306218
"NSLZS" 0.00097337031210609 0.00164766491652109 0.00071993248025811 0.00210316038502892 0.000965372818529337 0.000562436491276365 -0.000545015536586376 0.00211245075425288 0.00117739594066917 0.000250289712380866 0.0010133130241588 0.000263996506203697 0.000239707832592766 4.69623202248336e-07 0.000301112539730234 -0.00035095349984594 -0.00013649204356504 -0.000189670318055695 0.00047464393680059 -0.00515218117807031 -0.000302181927839654 0.00044645441424996 -0.000172992707721962 0.000747812306665404 6.60780483148517e-05 0.000798274774794858 0.000102130792541672 0.000632978457755299 0.000442288388350026 0.00043004117008504 0.000426837700125703 0.0014735142483385 0.000938244715763523 9.58410303518943e-05 0.000140942576788086 -4.72759228790741e-05 0.000335497471569339 -0.000231939799717913 0.000460261499409943
"NSLZI" 0.000942501413983702 0.00193214281549935 0.000804099968445178 0.000528766740989454 0.00185853202400419 0.000412190524385094 -0.00095305278768173 0.00117739594066917 0.00238109442181095 0.000244908064692879 0.00068197877776248 0.00028661131070083 0.000284714859616634 9.83396026430669e-05 0.000556755657690001 -0.000498818999806838 -0.000189655149450713 6.68763808629343e-05 0.000673502779967138 -8.31990491523784e-05 0.00103082147120914 0.000572647741007988 0.00312963257389177 0.000683748117232227 -0.000949317256996494 0.00105610499194556 0.000695368060357544 0.000696935610215508 0.000424878833073769 0.000245719519570826 0.000247310814163095 0.00131406133063202 0.00063308670283375 -0.000279336131884277 0.000307101070558922 -0.000522111706512227 0.000537760523552743 -0.00012673661158763 0.00103660717814015
"NABR" 0.000751197085153987 0.000297445529644279 0.000188270314040568 -0.00016539762273208 -0.000226560049871746 -8.12887041351006e-05 -0.0025380376178766 0.000250289712380866 0.000244908064692879 0.00153862286649515 9.93563216582826e-05 0.000466227658214465 0.000864739872198578 0.000511989397922322 0.00029957709672189 3.76737155591416e-05 -0.000122456698570256 -6.30029739302593e-05 0.000594816711741569 -0.000836154977643956 0.000478519141857473 0.000615746997143396 3.53930762032937e-05 0.000987120129314712 -0.000184106127805075 0.000103096383567569 -0.000457482842466908 -0.000466863819966126 -0.00026970992719188 0.000138633991589509 0.000190945288807803 0.00081602443298682 0.000448555387831539 0.000365486186892353 -0.000652374059731449 -0.00069561982851576 -2.19290130150482e-05 0.000289045104524026 0.0011059094163124
"NAFM" 0.000596213296432413 0.00127314983651668 0.000788317554148209 0.00134879220571112 0.000880281777385924 0.000492160532168912 -0.000432652912289108 0.0010133130241588 0.00068197877776248 9.93563216582826e-05 0.00124810476642985 0.000347945616559027 0.000103268876540745 2.3729704395329e-05 0.000127092517899299 5.61464712753039e-05 0.00016052356850078 0.000372631486904832 0.000534908016374425 -0.00257084778685731 -0.000268911839422753 0.00018210569686796 0.000480162696553608 0.00025436469429767 0.000480096427199333 0.000724552502440955 0.000249437140210746 0.000681999173716467 0.000450923659572158 0.000305885372095132 0.000359197609834642 0.0011978031742951 0.000834816181349215 0.000377248233145306 0.000518466764283844 0.000169090669866061 0.000303040052478875 -7.47200504875283e-05 0.000186654839036998
"NAPNS" 0.000586189260848313 0.000289388824479179 0.000502146693365626 -5.90105168517465e-05 -5.55804240190363e-05 1.24193558584441e-05 0.00200625440669297 0.000263996506203697 0.00028661131070083 0.000466227658214465 0.000347945616559027 0.00201471977050461 0.000236003826617455 0.000479983858771145 0.000759772529336775 0.000317960019727349 0.000295358946870224 0.000839098940817808 0.000825180575772393 0.0039247698661171 0.000340852687206035 0.00102169867929239 0.000189311286993656 0.000725738090084994 0.00086050643498247 0.000227541042528489 -0.000208233389960126 -0.000779270986444729 0.000442132833837273 -0.000159904245201471 0.000663417692951842 0.000969387243506014 0.000608442391175674 -0.000204711035609156 0.000559960231580955 -0.000628020000631817 0.000517325492706804 3.21577739265858e-05 0.000223490805011665
"BRPT" 0.000556901854425545 -4.60720471339559e-05 8.12068432738781e-05 -0.000234875161393693 -9.6687868104307e-05 5.58207454669882e-07 -0.000757341633622194 0.000239707832592766 0.000284714859616634 0.000864739872198578 0.000103268876540745 0.000236003826617455 0.00138818721254394 0.000842757203389375 -6.99515058062855e-05 -0.000296139640679043 -7.24054913611749e-05 -0.000447391163028914 -0.000110238683572533 -0.000176284833192054 0.000398732731149846 0.000401940500175331 0.000352363471181735 0.000701284567774755 -0.000545280192893954 -0.000209542234440853 -0.000306745712964428 6.5333477122581e-05 -7.54919930045261e-05 0.000604298223602816 0.000114626867002435 0.000757309505392643 -1.86594130097121e-05 0.000575703890425846 0.000274454002687501 -5.5361745140132e-05 -9.94514959536416e-05 0.000129649559040276 0.000860450620528336
"BRAPET" 0.000309816416699492 -0.00044122318382326 6.40415770355843e-05 -0.000188297926798915 -9.55833654624026e-05 -3.39722474833222e-05 0.000954081568400433 4.69623202248336e-07 9.83396026430669e-05 0.000511989397922322 2.3729704395329e-05 0.000479983858771145 0.000842757203389375 0.000983438291973185 0.000156646572496356 0.000331130418509203 0.00035117634306985 0.000466219811135624 0.000866788241797345 0.00329654141058 3.69356981602642e-05 0.000350471726390159 0.000419609997728966 0.000709246963983695 0.000179082647803985 0.000314769190290951 -0.000176184436663231 2.600990282499e-05 0.000220596858412434 0.000418529438961416 0.000330739190154121 0.000424842256436725 0.000502852379985772 0.000729752854633661 0.000766846787176794 0.000366218158918928 0.000184288361712176 0.000108823643957365 0.000590270168749064
"PTFM" 0.00041061422835312 0.000906635097026013 0.000750322514376745 0.000947233230422636 0.00060841839243873 0.000625384189756227 0.000774049745341561 0.000301112539730234 0.000556755657690001 0.00029957709672189 0.000127092517899299 0.000759772529336775 -6.99515058062855e-05 0.000156646572496356 0.00359901043359592 -6.62186776412972e-05 6.64814423654208e-05 -0.000175852874910231 0.00081358526427051 0.00338395574365523 0.000524665411403133 0.00138043927850568 0.00123327053492644 0.000618108453471407 0.000994971475503342 0.000979833591174061 0.000789098704964866 0.000859082701021873 0.00136391629106408 -7.21127236499487e-06 0.000795346362701579 0.00192782006185561 0.000725808985109862 0.000281422010240304 0.000773219219788557 0.000645593471957034 5.3934899947699e-05 0.000326792958161176 -0.000441145779951401
"PTAPET" -0.000589450900144023 -0.000191217954009138 -7.64657447447277e-06 0.000244111710648447 -0.000367870648385258 -0.000388329333406154 0.00266306104954679 -0.00035095349984594 -0.000498818999806838 3.76737155591416e-05 5.61464712753039e-05 0.000317960019727349 -0.000296139640679043 0.000331130418509203 -6.62186776412972e-05 0.00340338609730185 0.0015220571551187 0.000710522646179741 0.00126276467251465 0.00711708618248066 -0.00107899663016701 -0.000462288590513496 -0.000100378547160505 -4.45252567884105e-05 0.00151004383881505 0.000521347025110656 -0.000126585747340868 -0.000156785399603845 -0.000233244477172386 -0.000525898685550241 -0.000115633301877284 -0.00144819763528125 0.00139038658135604 0.000697946582462283 -0.000770647387211246 9.66167647343869e-05 -0.000408486831164857 0.000183601559723167 0.000308687012114554
"PTBA" -1.03362343672357e-06 6.51219013405752e-05 0.000364610032187333 0.000577288634157447 4.45432578122339e-05 4.5984872865629e-05 0.00227172608161888 -0.00013649204356504 -0.000189655149450713 -0.000122456698570256 0.00016052356850078 0.000295358946870224 -7.24054913611749e-05 0.00035117634306985 6.64814423654208e-05 0.0015220571551187 0.0011109555464481 0.000952737248903493 0.00118646753778371 0.00270397240435735 -0.000565138369280446 8.96839369122102e-05 0.000333935899641405 0.000204465610929168 0.00130006750904581 0.000876558321218242 0.000237024761598172 0.000242202353733492 0.000661178613740771 9.9157592537819e-05 0.000274355437207725 -0.000208533785759584 0.00106384916327826 0.000528039073536031 -1.49087270459072e-05 0.000407857952797971 0.000244643255226241 0.000286415817160792 0.000252921446817837
"PTEAM" 0.000402014994661527 -0.000170098598942458 0.000621615799689135 0.000781549426072234 0.000396975545858621 0.000236994143422291 0.00251032047213863 -0.000189670318055695 6.68763808629343e-05 -6.30029739302593e-05 0.000372631486904832 0.000839098940817808 -0.000447391163028914 0.000466219811135624 -0.000175852874910231 0.000710522646179741 0.000952737248903493 0.00401637244798967 0.00313221458910705 0.00718322348673863 -0.00152909977187831 0.000398424698853699 0.00117211040973504 0.000539001592652081 0.00147126239519277 0.00204517631201703 0.00105468269209407 0.000392513073345683 0.000422725823542962 -0.000175078768348298 0.000716344497551934 0.000853512374944468 0.00122035056369487 5.37235623950109e-05 0.00114482602806878 -5.42780677178296e-05 0.00200980684007083 0.000251695638896248 0.00085468223179462
"PTZYGO" 0.000783022973106476 0.000400206401880697 0.00090609706326835 0.00111828674782933 0.000686176627088119 0.000595572679648794 0.00262612211570666 0.00047464393680059 0.000673502779967138 0.000594816711741569 0.000534908016374425 0.000825180575772393 -0.000110238683572533 0.000866788241797345 0.00081358526427051 0.00126276467251465 0.00118646753778371 0.00313221458910705 0.00516882385456594 0.00629397884107794 -0.000312360125761807 0.000882777537721857 0.00111544559125374 0.00129025060515911 0.0020277155842155 0.00307304333360379 0.000802811315062978 0.000890717377366774 0.000853385997509257 -0.000734820959500773 0.00068786476249998 0.00107972861751217 0.00375323338351587 0.000732342507181448 0.00116358655991172 -9.06921127220941e-05 0.00150211373642953 0.000377207346474238 0.00172961898587913
"PTTSP" -0.00247567313888212 -0.00914659750726469 -0.00108996496098835 -0.00757586340764334 0.000303707814724404 -0.00410525169684902 0.00955959613926091 -0.00515218117807031 -8.31990491523784e-05 -0.000836154977643956 -0.00257084778685731 0.0039247698661171 -0.000176284833192054 0.00329654141058 0.00338395574365523 0.00711708618248066 0.00270397240435735 0.00718322348673863 0.00629397884107794 0.280542331021814 0.00328125430508499 0.00229774980576907 0.000486625952064122 0.00196248744096907 0.00681673046712267 0.00350684899821572 0.000940841359805761 0.00355636638936746 -0.00529791896714775 0.00261492309903268 0.00294493452664099 -0.0090348239003262 -0.0192693291895425 0.00444886147876957 0.00491046310204487 -1.25846124792437e-05 0.00424045645354516 -0.0029931172166498 0.0138219475876779
"FMZS" 0.000606361466933724 0.00138970488683472 2.15974862043354e-05 -0.00257358501117338 0.000359663838945797 0.0002268807753748 -0.00132647858519909 -0.000302181927839654 0.00103082147120914 0.000478519141857473 -0.000268911839422753 0.000340852687206035 0.000398732731149846 3.69356981602642e-05 0.000524665411403133 -0.00107899663016701 -0.000565138369280446 -0.00152909977187831 -0.000312360125761807 0.00328125430508499 0.00807425888533526 0.00221473793818442 0.00062739161252533 0.000741103928121013 9.48705313737216e-05 0.00114025757755438 -0.000110073787031242 0.000440202132396239 0.00024958477684475 -0.000206857827447778 0.000132067329131799 -6.97782265524274e-05 -0.00123092335867373 -0.000394786163532077 0.0011416386918154 -0.00165360380746055 -0.000746154230408635 -0.000885360834244107 0.00143626085368744
"FMMT" 0.000884512265815704 0.00110145049726552 0.000548213493470301 0.000424907913366065 0.00023807092673948 0.000431060680303891 -8.20666565327025e-05 0.00044645441424996 0.000572647741007988 0.000615746997143396 0.00018210569686796 0.00102169867929239 0.000401940500175331 0.000350471726390159 0.00138043927850568 -0.000462288590513496 8.96839369122102e-05 0.000398424698853699 0.000882777537721857 0.00229774980576907 0.00221473793818442 0.0020289283164881 0.000624140351057925 0.00120669111825394 0.000797689931872073 0.000992582205617 0.000437931166371154 0.000282547742074509 0.00088774689454892 -2.1382559977947e-05 0.000864150755625365 0.00138267151142921 0.000215818433387344 -0.000210253171397201 0.000781724603838242 -0.000803881658212967 0.000438297067979428 -0.000104721984798001 0.000756364392261259
"ZSZI" 0.000810903195333916 0.00207159459212605 0.00151972017980826 0.000209315482653014 0.00287989259244986 0.00089164200295606 0.000223524485724375 -0.000172992707721962 0.00312963257389177 3.53930762032937e-05 0.000480162696553608 0.000189311286993656 0.000352363471181735 0.000419609997728966 0.00123327053492644 -0.000100378547160505 0.000333935899641405 0.00117211040973504 0.00111544559125374 0.000486625952064122 0.00062739161252533 0.000624140351057925 0.00869867211761853 4.32664799389066e-05 -0.00162174136661426 0.00185472988090863 0.00278839714753096 0.00158774173503629 0.00098686438368194 -0.000291276098293736 7.85168857345065e-05 0.00197478596274578 0.00157626106625345 -0.000495926934211111 0.000787783074390291 0.000123763657300876 0.000801528930615652 0.000187441320324611 -0.000530918102236165
"ZIMT" 0.00126555501822744 0.000458455004455659 0.000162877987057035 0.000249474786588769 -0.000137677215001165 0.000536421776212451 0.000482935524636242 0.000747812306665404 0.000683748117232227 0.000987120129314712 0.00025436469429767 0.000725738090084994 0.000701284567774755 0.000709246963983695 0.000618108453471407 -4.45252567884105e-05 0.000204465610929168 0.000539001592652081 0.00129025060515911 0.00196248744096907 0.000741103928121013 0.00120669111825394 4.32664799389066e-05 0.00327903470254706 0.000404708426045058 0.000550178991864535 -0.000825883612427261 6.39750004537399e-05 0.000359133988338705 -0.000942882018333677 0.000962017061811876 0.000879848336383668 0.000434400048937895 0.00025657135029507 0.000154046307424786 -0.00060141262312201 0.000518309272683418 0.000558886719106486 0.00166567745192688
"ZIZYGO" 0.000558517086374266 8.80422682411299e-05 0.000759524204716495 0.00112417662994497 -0.00050544974824069 0.000431366822761137 0.0033670152967714 6.60780483148517e-05 -0.000949317256996494 -0.000184106127805075 0.000480096427199333 0.00086050643498247 -0.000545280192893954 0.000179082647803985 0.000994971475503342 0.00151004383881505 0.00130006750904581 0.00147126239519277 0.0020277155842155 0.00681673046712267 9.48705313737216e-05 0.000797689931872073 -0.00162174136661426 0.000404708426045058 0.00418686503653415 0.0016346832063576 0.000160157364798055 0.000325804095288334 0.00155139921994665 3.54997501459834e-05 0.000905507043852499 -0.00068772426919388 0.00123730895625762 0.000954763142427206 0.000509608115084733 0.000779164466382799 0.000533788738216772 8.93243469602729e-07 -0.000100460867646476
"ZITSP" 0.000959274517491463 0.00150881764622643 0.00129017603172512 0.00142776366823506 0.0010305833832187 0.000988269594012967 0.00216112472433915 0.000798274774794858 0.00105610499194556 0.000103096383567569 0.000724552502440955 0.000227541042528489 -0.000209542234440853 0.000314769190290951 0.000979833591174061 0.000521347025110656 0.000876558321218242 0.00204517631201703 0.00307304333360379 0.00350684899821572 0.00114025757755438 0.000992582205617 0.00185472988090863 0.000550178991864535 0.0016346832063576 0.00407545519473869 0.00170474702083173 0.00173648625110047 0.00148188847321333 0.000626457017078242 0.000752586894285181 0.00207456715061781 0.00189891241925933 0.0010846080346835 0.00122995636322059 0.00045124174505238 0.00107559126715561 -9.51086700177143e-05 0.000910267732282387
"MTPNS" 0.000176934325601194 0.00146192049577752 0.00140408840420516 0.00165908608692343 0.00120786263029816 0.000830264737398375 0.00251115697962356 0.000102130792541672 0.000695368060357544 -0.000457482842466908 0.000249437140210746 -0.000208233389960126 -0.000306745712964428 -0.000176184436663231 0.000789098704964866 -0.000126585747340868 0.000237024761598172 0.00105468269209407 0.000802811315062978 0.000940841359805761 -0.000110073787031242 0.000437931166371154 0.00278839714753096 -0.000825883612427261 0.000160157364798055 0.00170474702083173 0.0031258514306913 0.00106955126470909 0.000646808940861057 0.000710958730089689 0.000117968792316074 0.00108128008734331 0.000475774990180753 -0.000363096919785675 0.000371310910053884 -1.59286044490422e-05 0.000559373977300293 -0.000537797558782044 -0.000710665268315519
"PNSAPET" 0.000805175393346903 0.000830493303844537 0.000138521485435842 0.00137528422941789 0.00143851373571203 0.00137853766975351 0.000525275784808187 0.000632978457755299 0.000696935610215508 -0.000466863819966126 0.000681999173716467 -0.000779270986444729 6.5333477122581e-05 2.600990282499e-05 0.000859082701021873 -0.000156785399603845 0.000242202353733492 0.000392513073345683 0.000890717377366774 0.00355636638936746 0.000440202132396239 0.000282547742074509 0.00158774173503629 6.39750004537399e-05 0.000325804095288334 0.00173648625110047 0.00106955126470909 0.00437167181546399 0.000490587313503895 0.000211639423845389 0.000236567004035898 0.00123539437241183 0.000847059215951148 0.000258962489396852 0.00121026763122149 0.00127921591487715 0.000358040509937252 -0.000409886082615193 -0.000990097743750257
"APETBA" 0.000759986093840576 0.000928396533376608 0.00083409203117216 0.00128433834652385 0.000602021562580488 0.000655172408559085 0.00151531832789566 0.000442288388350026 0.000424878833073769 -0.00026970992719188 0.000450923659572158 0.000442132833837273 -7.54919930045261e-05 0.000220596858412434 0.00136391629106408 -0.000233244477172386 0.000661178613740771 0.000422725823542962 0.000853385997509257 -0.00529791896714775 0.00024958477684475 0.00088774689454892 0.00098686438368194 0.000359133988338705 0.00155139921994665 0.00148188847321333 0.000646808940861057 0.000490587313503895 0.00252890755738711 0.00116906074090969 0.000927293680588773 0.0014549878138486 0.000967021940505693 0.000684877264653567 0.000705016727073503 0.00108763446411394 0.000516148643562181 0.000329873608998944 -0.000482954317756908
"APETTS" 0.00111705602439125 -0.00121472590238206 0.000678826081283067 -2.5587157025143e-06 0.000467152248526024 0.000333737812599377 -0.000933350655543374 0.00043004117008504 0.000245719519570826 0.000138633991589509 0.000305885372095132 -0.000159904245201471 0.000604298223602816 0.000418529438961416 -7.21127236499487e-06 -0.000525898685550241 9.9157592537819e-05 -0.000175078768348298 -0.000734820959500773 0.00261492309903268 -0.000206857827447778 -2.1382559977947e-05 -0.000291276098293736 -0.000942882018333677 3.54997501459834e-05 0.000626457017078242 0.000710958730089689 0.000211639423845389 0.00116906074090969 0.00712252605948336 0.000531082078914686 0.00179453075366503 -0.00124628412829633 0.00127768865158718 -0.000393319134829119 0.00190133725119585 0.000249005933794705 -7.75614043667671e-05 -0.000449153819624223
"BAEAM" 0.00062774425334171 0.000413125990319579 0.000439265780899396 0.000825241671956798 0.000259327687779312 0.000430433912831221 0.000709352316364299 0.000426837700125703 0.000247310814163095 0.000190945288807803 0.000359197609834642 0.000663417692951842 0.000114626867002435 0.000330739190154121 0.000795346362701579 -0.000115633301877284 0.000274355437207725 0.000716344497551934 0.00068786476249998 0.00294493452664099 0.000132067329131799 0.000864150755625365 7.85168857345065e-05 0.000962017061811876 0.000905507043852499 0.000752586894285181 0.000117968792316074 0.000236567004035898 0.000927293680588773 0.000531082078914686 0.00113582154681763 0.00103917883141218 -9.41517616417461e-05 0.000338258590942779 0.000653604576784386 0.000124991332034358 0.000622586721616328 0.000235004352524845 0.000705120379138915
"EAMZYGO" 0.00122787878204087 0.0016889125247762 0.0014998638908097 0.00194315179430529 0.00119645543728028 0.00101773764923505 -0.00165009560765201 0.0014735142483385 0.00131406133063202 0.00081602443298682 0.0011978031742951 0.000969387243506014 0.000757309505392643 0.000424842256436725 0.00192782006185561 -0.00144819763528125 -0.000208533785759584 0.000853512374944468 0.00107972861751217 -0.0090348239003262 -6.97782265524274e-05 0.00138267151142921 0.00197478596274578 0.000879848336383668 -0.00068772426919388 0.00207456715061781 0.00108128008734331 0.00123539437241183 0.0014549878138486 0.00179453075366503 0.00103917883141218 0.00613643685861892 0.00176110816308338 0.000389756540985767 0.0017109568993367 5.30414066257506e-05 0.000680197348776517 0.000240539197141176 0.000107909865119792
"ZYGOTSP" 0.000421548607563092 0.000927681352833193 0.000736826777083743 0.00180998560994062 0.000782872727689222 0.000795684457083909 0.00193951794854374 0.000938244715763523 0.00063308670283375 0.000448555387831539 0.000834816181349215 0.000608442391175674 -1.86594130097121e-05 0.000502852379985772 0.000725808985109862 0.00139038658135604 0.00106384916327826 0.00122035056369487 0.00375323338351587 -0.0192693291895425 -0.00123092335867373 0.000215818433387344 0.00157626106625345 0.000434400048937895 0.00123730895625762 0.00189891241925933 0.000475774990180753 0.000847059215951148 0.000967021940505693 -0.00124628412829633 -9.41517616417461e-05 0.00176110816308338 0.00726409726464551 0.000226024798064285 3.73262511715194e-05 0.000120422710670916 -6.37889154198047e-05 0.000430572827846491 -0.000952794846547819
"LDAS" 0.00037910825945039 -0.000467499236335943 0.0001411751705217 0.00023169280661054 -0.000363303602094744 -2.72320379956454e-05 0.000172890317483074 9.58410303518943e-05 -0.000279336131884277 0.000365486186892353 0.000377248233145306 -0.000204711035609156 0.000575703890425846 0.000729752854633661 0.000281422010240304 0.000697946582462283 0.000528039073536031 5.37235623950109e-05 0.000732342507181448 0.00444886147876957 -0.000394786163532077 -0.000210253171397201 -0.000495926934211111 0.00025657135029507 0.000954763142427206 0.0010846080346835 -0.000363096919785675 0.000258962489396852 0.000684877264653567 0.00127768865158718 0.000338258590942779 0.000389756540985767 0.000226024798064285 0.00260648792719848 0.000979788930424286 0.0018031620945158 -0.000185376587075193 0.000253178811963654 0.000718482847919048
"BRLD" -0.000441162630694381 -0.000854491592938628 -0.000412842060055674 -0.000375023261848159 0.000187381782514963 0.000193092996601014 0.00194241403843831 0.000140942576788086 0.000307101070558922 -0.000652374059731449 0.000518466764283844 0.000559960231580955 0.000274454002687501 0.000766846787176794 0.000773219219788557 -0.000770647387211246 -1.49087270459072e-05 0.00114482602806878 0.00116358655991172 0.00491046310204487 0.0011416386918154 0.000781724603838242 0.000787783074390291 0.000154046307424786 0.000509608115084733 0.00122995636322059 0.000371310910053884 0.00121026763122149 0.000705016727073503 -0.000393319134829119 0.000653604576784386 0.0017109568993367 3.73262511715194e-05 0.000979788930424286 0.00567990179468247 0.00055115811107048 0.00066267102776061 -0.000559185491790458 0.000362997073276642
"OPILD" 0.000414134507779423 -0.00149180385034169 0.000135074864742874 0.000230160074185017 -0.000135026624239005 0.000574027268407951 0.00164877681213663 -4.72759228790741e-05 -0.000522111706512227 -0.00069561982851576 0.000169090669866061 -0.000628020000631817 -5.5361745140132e-05 0.000366218158918928 0.000645593471957034 9.66167647343869e-05 0.000407857952797971 -5.42780677178296e-05 -9.06921127220941e-05 -1.25846124792437e-05 -0.00165360380746055 -0.000803881658212967 0.000123763657300876 -0.00060141262312201 0.000779164466382799 0.00045124174505238 -1.59286044490422e-05 0.00127921591487715 0.00108763446411394 0.00190133725119585 0.000124991332034358 5.30414066257506e-05 0.000120422710670916 0.0018031620945158 0.00055115811107048 0.00457774172328668 0.000119510232609382 0.000861679034581155 -0.00339147136042808
"PTAS" 0.000719737752203703 0.000458089538574396 0.000803325172806621 0.000628799673867937 0.000659728567791269 0.00043412102235279 0.000665359082757964 0.000335497471569339 0.000537760523552743 -2.19290130150482e-05 0.000303040052478875 0.000517325492706804 -9.94514959536416e-05 0.000184288361712176 5.3934899947699e-05 -0.000408486831164857 0.000244643255226241 0.00200980684007083 0.00150211373642953 0.00424045645354516 -0.000746154230408635 0.000438297067979428 0.000801528930615652 0.000518309272683418 0.000533788738216772 0.00107559126715561 0.000559373977300293 0.000358040509937252 0.000516148643562181 0.000249005933794705 0.000622586721616328 0.000680197348776517 -6.37889154198047e-05 -0.000185376587075193 0.00066267102776061 0.000119510232609382 0.0018450272739376 0.000734392944296432 0.00104020737621493
"JPAS" 0.00022622191643366 -0.000244445793183766 0.000455410977882983 -0.00030858243077441 -0.000209178485691615 0.000267887792278188 -0.000288047179145984 -0.000231939799717913 -0.00012673661158763 0.000289045104524026 -7.47200504875283e-05 3.21577739265858e-05 0.000129649559040276 0.000108823643957365 0.000326792958161176 0.000183601559723167 0.000286415817160792 0.000251695638896248 0.000377207346474238 -0.0029931172166498 -0.000885360834244107 -0.000104721984798001 0.000187441320324611 0.000558886719106486 8.93243469602729e-07 -9.51086700177143e-05 -0.000537797558782044 -0.000409886082615193 0.000329873608998944 -7.75614043667671e-05 0.000235004352524845 0.000240539197141176 0.000430572827846491 0.000253178811963654 -0.000559185491790458 0.000861679034581155 0.000734392944296432 0.00220830735865689 0.000411530833532883
"BAOPI" 0.000201845463539593 0.00150952928619022 0.000634970079409348 0.000145395030721298 0.000904336099066678 -0.000562065240945787 -0.00194457800306218 0.000460261499409943 0.00103660717814015 0.0011059094163124 0.000186654839036998 0.000223490805011665 0.000860450620528336 0.000590270168749064 -0.000441145779951401 0.000308687012114554 0.000252921446817837 0.00085468223179462 0.00172961898587913 0.0138219475876779 0.00143626085368744 0.000756364392261259 -0.000530918102236165 0.00166567745192688 -0.000100460867646476 0.000910267732282387 -0.000710665268315519 -0.000990097743750257 -0.000482954317756908 -0.000449153819624223 0.000705120379138915 0.000107909865119792 -0.000952794846547819 0.000718482847919048 0.000362997073276642 -0.00339147136042808 0.00104020737621493 0.000411530833532883 0.00851177149354372
