"" "ISPM" "ISNSL" "ISPNS" "PMZS" "PMZI" "PMMT" "NSLNA" "NSLZS" "NSLZI" "NABR" "NAFM" "NAPNS" "BRPT" "BRAPET" "PTFM" "PTAPET" "PTBA" "PTEAM" "PTZYGO" "PTTSP" "FMZS" "FMMT" "ZSZI" "ZIMT" "ZIZYGO" "ZITSP" "MTPNS" "PNSAPET" "APETBA" "APETTS" "BAEAM" "EAMZYGO" "ZYGOTSP" "LDAS" "BRLD" "OPILD" "PTAS" "JPAS" "BAOPI"
"ISPM" 0.00346641964882409 0.0022995281238831 0.00135271418134079 0.000815246144277298 0.000421737337428541 0.00116937109947652 -0.000876778665311926 0.00107601318101099 0.000978419729341051 0.000746991763256131 0.00035003934012204 0.000614751309487007 0.000398424199111059 0.000413738657640916 0.0014503840970558 -0.000279273930096337 -3.740799002772e-05 9.70261072425799e-05 0.000789360510759312 -0.00374611845532136 0.000432077636255073 0.00108771597038917 0.00046485900526876 0.00155905791289637 0.000353299077152064 0.0006774505397963 5.67985401949438e-05 0.00135757670559973 0.000279570510810575 0.00115600992523962 0.00040124354325591 0.00121929427232695 0.000786538322412404 0.000204322026948459 -0.000289484547295442 -0.000208637224156156 0.000365895435100568 0.00022567468483218 0.000733900664140291
"ISNSL" 0.0022995281238831 0.00685220768648973 0.00234270803088947 0.00288013279303854 0.00181454674598082 0.00099087290219681 -0.00146842531380098 0.00200020159639211 0.00209814564316538 0.000632901480694389 0.00088507566019005 0.000748229962767977 0.000370914457076358 -4.96262245611282e-05 0.00208518883550206 -0.000244566087143051 -9.09885417415379e-05 -0.000303751984435012 0.000289341117318035 -0.00788704421416594 0.00146846991422781 0.00166596284814047 0.00138968364558323 0.00159778188292329 -3.48948850443225e-05 0.000750721553095905 0.00116062825735668 0.00150649359716623 0.000613010202715027 -0.000532854579718169 0.000374510879382499 0.00213957449108527 0.00061071555695279 -0.000267663589576327 -0.00129373908095046 -0.00181032045867911 0.000312494444107478 -0.000281014796282271 0.00172709111516457
"ISPNS" 0.00135271418134079 0.00234270803088947 0.00241138436833874 0.00169852232559979 0.00116842781473858 0.000911379798866108 0.000815046840835109 0.000880738052722979 0.000882205349804274 0.000274612506844474 0.000429255316350356 0.000592025880139974 0.000217222750481688 0.000211253671665524 0.00155630251019729 -1.8666644957479e-05 0.000164330727597564 6.39769288608168e-05 0.000738152522523669 -0.00167290204984385 -6.07459218962386e-05 0.00073153936282846 0.00110919162487851 0.000552048050618598 0.000506087094604491 0.00114975979104145 0.00119575266660379 0.000106030287445031 0.000666064125510467 0.000707137407126567 0.000403643213457646 0.00154503313242224 0.000746556466190144 -2.90889242814279e-06 -0.000553270779977639 -0.000449546365174802 0.000491992228436207 0.000487838654530925 0.000908298656177229
"PMZS" 0.000815246144277298 0.00288013279303854 0.00169852232559979 0.00537664623208857 0.00180292560758092 0.00120108383390208 0.00214639188538804 0.00306216565094149 0.000969330572173265 -4.64279259974403e-05 0.00116092121370628 0.000305894697320167 -0.000219614303996033 -9.11021213377334e-05 0.00161452871473481 0.000376010998739976 0.000504872273474551 0.000363604235338277 0.00121218872470722 -0.00286114275034769 -0.00270583974062153 0.000507359024366202 -0.000469503793412846 0.000912243116879043 0.000477778751890913 0.00138800865425937 0.00136662902910326 0.00187707689285613 0.00102933176479727 -0.000384553754703741 0.000603723699362771 0.00220390892893372 0.00127274243320527 0.00045433868558843 -0.000778895840021794 0.000595111850395178 0.000463887613489364 0.000125834038631003 6.76003315010061e-05
"PMZI" 0.000421737337428541 0.00181454674598082 0.00116842781473858 0.00180292560758092 0.00305928924061435 0.000832222607261799 0.000568210314835283 0.000790602018939716 0.00205100740952427 1.5844799101873e-05 0.000848434169143667 8.32673806103539e-05 -6.31913194991931e-05 2.83444740619742e-05 0.000722456212823187 -0.000240669483355644 -6.1480268753561e-05 0.000264175607815944 0.000911993260380167 0.000326338071559342 0.000258442155677661 0.000238374055513582 0.00347375711863596 0.000564997007678231 -0.00072973709023663 0.00077234567949527 0.00113057240757837 0.000822728697113058 0.000469558655016796 0.000769248777597833 0.000209599171069289 0.000692900169957629 0.00078970129930876 -0.000353428083373866 -0.000469433428702054 2.84446364621725e-05 0.000439948065406366 0.000153082005328423 0.000710386411218602
"PMMT" 0.00116937109947652 0.00099087290219681 0.000911379798866108 0.00120108383390208 0.000832222607261799 0.00128227078413034 0.00118227518442944 0.000784243894105382 0.000560336039988504 1.65156271918381e-05 0.000372286891166067 8.39601868338478e-05 9.44065764846052e-06 3.02844295271855e-05 0.000849560318102256 -0.000299435761482861 1.42110130234348e-05 5.69692854004871e-06 0.000564762161526089 -0.00342633142593808 -3.60453229102844e-05 0.000396692105354158 0.000554224353056081 0.000803503797885693 1.01450621345789e-05 0.000717301033107001 0.000577988016641521 0.001401819532729 0.000478401979463597 0.00033713990468211 0.000319091675777593 0.000987175017942357 0.000769681633895973 -6.22724199686464e-05 -0.000197872355414551 0.000313233157563503 0.000191371880557699 0.000252475776553798 -0.000371601802832212
"NSLNA" -0.000876778665311926 -0.00146842531380098 0.000815046840835109 0.00214639188538804 0.000568210314835283 0.00118227518442944 0.0208720967198304 0.000793064896977673 -0.000169219339329871 -0.00218965032298763 -0.000294765109588418 0.00175054256246399 -0.0008550830727155 0.00059413867276431 0.00105303398820654 0.00322494565404454 0.0026090850561754 0.00192158961159922 0.00302909835658996 0.014223309736198 -0.00133821410257459 -0.000122256546657072 -0.000124698989288717 0.000356854782455896 0.00220224623741564 0.0021995817446189 0.00211190895463514 0.00178778237959792 0.00147063130623867 -0.00117707466725272 0.000688189794780658 -0.000948124749128201 0.00142642730034755 0.001118463145159 0.00115454912787243 0.00232412356214301 0.000527183931254487 0.000303440220372742 -0.00175618774159177
"NSLZS" 0.00107601318101099 0.00200020159639211 0.000880738052722979 0.00306216565094149 0.000790602018939716 0.000784243894105382 0.000793064896977673 0.00372772723962954 0.00142628370898757 0.000130221521700012 0.000950414009226926 0.000700952053386611 0.000244973697319188 3.93657817394106e-05 0.00136079484552724 -0.000102085428748565 0.000105297352374418 -0.000421176549363346 0.000638484868584937 1.58283858850957e-05 -0.00126712532682949 0.00055867591398697 -0.00166614844023383 0.00110167000402115 -7.09481251194522e-05 0.00118346944472422 0.000242454124196718 0.00188048066769264 0.000562156022691756 -0.000290612182596734 0.000362850614786652 0.00224750922471294 0.000376631217900847 0.000829558745419148 -0.00038420649700802 0.000389403168975311 0.000304673423038003 -6.90161705918315e-05 0.000538293778864622
"NSLZI" 0.000978419729341051 0.00209814564316538 0.000882205349804274 0.000969330572173265 0.00205100740952427 0.000560336039988504 -0.000169219339329871 0.00142628370898757 0.00248469900396115 0.000323568947005821 0.000711452204843278 0.000498247245411305 0.000318083822977819 0.000175957935994052 0.000872408803663883 -0.000329333424174642 -0.000141974853881894 8.77550401320134e-05 0.000856549764800727 0.000990389228982106 0.000641041969210085 0.000601398620397357 0.00324911974222715 0.00105131330820305 -0.000647953703834226 0.00106757628525685 0.000817094697003946 0.000618759034466975 0.00040347261683466 0.000406406958583205 0.000213141392970772 0.000869346710242736 0.000462500815345541 2.20453455850673e-06 -0.000247434337829682 -0.000311074943898102 0.000504678457599578 8.33663201865383e-05 0.00109605503362177
"NABR" 0.000746991763256131 0.000632901480694389 0.000274612506844474 -4.64279259974403e-05 1.5844799101873e-05 1.65156271918381e-05 -0.00218965032298763 0.000130221521700012 0.000323568947005821 0.00158076442945137 7.29072516789799e-05 0.000470105248216023 0.000840463239175433 0.000451352006416143 0.000404117929082572 1.60626361995951e-06 -0.000213761746242342 6.19681712771023e-07 0.000310793283298463 -0.000364724745184028 0.000715740541958113 0.000695208698714474 0.000347620694718513 0.000903085183781281 -0.000129928468245334 -0.000301109639297108 -0.00024967101312414 -0.000555456814594331 -0.00038869481077971 0.000358069135084137 0.000103745188567503 0.000317160134355256 -0.000120174366498843 -1.61704975392304e-05 -0.00101399477667265 -0.000691403289637213 1.4595353385891e-05 0.000450592576464055 0.00109966555368945
"NAFM" 0.00035003934012204 0.00088507566019005 0.000429255316350356 0.00116092121370628 0.000848434169143667 0.000372286891166067 -0.000294765109588418 0.000950414009226926 0.000711452204843278 7.29072516789799e-05 0.00120999625375682 0.000279253865129416 6.87597340758599e-06 -1.40820661645736e-05 -7.02842254698814e-05 -4.67211987953945e-05 7.24794856463908e-05 0.00036273809777625 0.000530836820528105 -0.00130749089579132 -0.000370791017895471 9.76349940753214e-06 0.000673368994488419 0.000313024103943736 0.000317735832195264 0.000585505959497464 0.000276656378511566 0.000507018548514741 0.000341209576051262 0.000346138780013141 0.000207104987342553 0.000748374443926038 0.000534220226979077 0.000524340606877827 0.00022153399170991 0.000533353527971112 0.000233255093813164 -2.30597026330632e-05 0.000168232047614184
"NAPNS" 0.000614751309487007 0.000748229962767977 0.000592025880139974 0.000305894697320167 8.32673806103539e-05 8.39601868338478e-05 0.00175054256246399 0.000700952053386611 0.000498247245411305 0.000470105248216023 0.000279253865129416 0.00178651230354249 0.000305586646129491 0.000447846297132959 0.001238599725852 0.0003563890441933 0.000272386128375485 0.000570967331363331 0.000712078476064079 0.00429051588491504 0.000358862005373109 0.00107916705778063 8.36583214409763e-05 0.000778753640902471 0.000826794497177998 0.000269689996685155 5.85540308864977e-05 -0.000342158396312724 0.000400764830864972 -0.00010372509256566 0.000522712674777648 0.00101922335835937 0.000212748415861356 6.39814947350571e-05 0.000239856602130079 -0.000505549347528336 0.00047078173765009 0.000134014087489045 0.000556709729622541
"BRPT" 0.000398424199111059 0.000370914457076358 0.000217222750481688 -0.000219614303996033 -6.31913194991931e-05 9.44065764846052e-06 -0.0008550830727155 0.000244973697319188 0.000318083822977819 0.000840463239175433 6.87597340758599e-06 0.000305586646129491 0.00134478440557 0.000698752761929954 1.47801188989146e-05 -0.000385613861499206 -0.000146060985324549 -0.00036223581661062 -0.000327046965241287 -0.000555429098792065 0.000418341300839209 0.000434960507679632 0.000302855734377435 0.000595250583802414 -0.000385040384154288 -0.000270629155952498 -0.000141990010449324 -0.000137422867571444 -5.99907744776033e-05 0.000417221472022065 0.000161385270523117 0.000566280828869596 -0.000303723098915875 0.000347809872441995 -0.000260978934465208 -0.000422933839847717 3.49983817579433e-06 5.97111476383633e-05 0.000834160357990518
"BRAPET" 0.000413738657640916 -4.96262245611282e-05 0.000211253671665524 -9.11021213377334e-05 2.83444740619742e-05 3.02844295271855e-05 0.00059413867276431 3.93657817394106e-05 0.000175957935994052 0.000451352006416143 -1.40820661645736e-05 0.000447846297132959 0.000698752761929954 0.000839073294998222 0.000498527346308902 0.000273134882289267 0.000205989120325002 0.000280785828488747 0.000655274347304857 0.00207686068084651 9.62263221877849e-05 0.000404367795570945 0.000427841227973029 0.000601971119979272 0.000115212988618602 0.000238633917300068 -8.11203019712066e-05 -8.08588946598021e-05 0.000121153794466846 0.00045733207884174 0.000269837610344296 0.000478495456430023 0.000428553649031405 0.000468139478798239 0.000554189415117018 4.5541361645995e-05 0.000141543693404204 0.000105904461159971 0.000667815798889121
"PTFM" 0.0014503840970558 0.00208518883550206 0.00155630251019729 0.00161452871473481 0.000722456212823187 0.000849560318102256 0.00105303398820654 0.00136079484552724 0.000872408803663883 0.000404117929082572 -7.02842254698814e-05 0.001238599725852 1.47801188989146e-05 0.000498527346308902 0.00754754195757925 0.000342262448290738 -0.000289850638748155 -0.00170053070729812 0.000656855277884636 0.00221121519370292 -0.000178084728519711 0.00216741429196688 0.000257799157374088 0.0012921912192369 0.000707696804685952 0.00122608000186499 0.00143172446126061 0.00184379718554694 0.000842953894499754 0.000989976746123123 0.00105996007410076 0.0035656924879191 0.000729600474278996 0.000250680489923203 0.000484902976059427 -0.000101754459178583 -0.00056618782367319 2.96037078166655e-05 0.00050874305946478
"PTAPET" -0.000279273930096337 -0.000244566087143051 -1.8666644957479e-05 0.000376010998739976 -0.000240669483355644 -0.000299435761482861 0.00322494565404454 -0.000102085428748565 -0.000329333424174642 1.60626361995951e-06 -4.67211987953945e-05 0.0003563890441933 -0.000385613861499206 0.000273134882289267 0.000342262448290738 0.00317664568982466 0.00145243861699211 0.000707279215707586 0.00134060891009036 0.0078713170038812 -0.000580751368516074 -0.0001468738501597 -8.65786847423819e-05 -0.000126456758782261 0.00121440602949165 0.000459669620611755 -3.09680342626522e-05 0.000195487996621898 -0.000225966128719158 -0.000493873813700065 -7.8738389261257e-05 -0.000955525034912977 0.0010362006217619 0.000687535966010099 -0.000229541256094404 0.000414303719631185 -0.000195230101813534 0.000437093655641673 0.000252964719073085
"PTBA" -3.740799002772e-05 -9.09885417415379e-05 0.000164330727597564 0.000504872273474551 -6.1480268753561e-05 1.42110130234348e-05 0.0026090850561754 0.000105297352374418 -0.000141974853881894 -0.000213761746242342 7.24794856463908e-05 0.000272386128375485 -0.000146060985324549 0.000205989120325002 -0.000289850638748155 0.00145243861699211 0.00118099903771026 0.000967431736988941 0.00112702554072726 0.00420052780297597 -0.000252168042143938 4.27272554860127e-05 -3.61916570003349e-05 -3.07970243572538e-05 0.00109526706524073 0.000721449024720993 0.000102026102886373 0.000558361141223161 0.000648028200560212 -0.000295785632582335 0.000140019211650539 -0.000235627279590662 0.000724528988676971 0.000665224925986961 0.000169187240885873 0.000558203409807277 0.000316582753169439 0.000338548128736509 0.000188587199085953
"PTEAM" 9.70261072425799e-05 -0.000303751984435012 6.39769288608168e-05 0.000363604235338277 0.000264175607815944 5.69692854004871e-06 0.00192158961159922 -0.000421176549363346 8.77550401320134e-05 6.19681712771023e-07 0.00036273809777625 0.000570967331363331 -0.00036223581661062 0.000280785828488747 -0.00170053070729812 0.000707279215707586 0.000967431736988941 0.00390539496882412 0.00251533013154683 0.00712906786397916 -0.000552278002684167 0.000170563714444898 0.00153809715038582 0.000132574464612542 0.00149155892392358 0.00134913326297287 0.000556132322383641 -4.38857469206742e-05 0.000286460339721938 -0.000471346030195028 0.000301998337249465 -0.000292671444323434 0.000669210801713907 0.000105680938829622 0.00115992743074775 0.000302620181238646 0.00196346674298646 0.000400917323399793 0.000603580214798512
"PTZYGO" 0.000789360510759312 0.000289341117318035 0.000738152522523669 0.00121218872470722 0.000911993260380167 0.000564762161526089 0.00302909835658996 0.000638484868584937 0.000856549764800727 0.000310793283298463 0.000530836820528105 0.000712078476064079 -0.000327046965241287 0.000655274347304857 0.000656855277884636 0.00134060891009036 0.00112702554072726 0.00251533013154683 0.00445263412212104 0.00644949715983663 -0.000201710425734055 0.000670787194468058 0.00134350367342715 0.00115747734632169 0.00157041887992765 0.00259156655769498 0.000682033873540113 0.000795831768957793 0.000743550708951771 -0.000431235644326218 0.000428667265589434 0.00072197250760156 0.00309262865360137 0.000915112513823809 0.00109392960434534 0.000380758697812131 0.00118673884500363 0.000606954568440885 0.00145650441506499
"PTTSP" -0.00374611845532136 -0.00788704421416594 -0.00167290204984385 -0.00286114275034769 0.000326338071559342 -0.00342633142593808 0.014223309736198 1.58283858850957e-05 0.000990389228982106 -0.000364724745184028 -0.00130749089579132 0.00429051588491504 -0.000555429098792065 0.00207686068084651 0.00221121519370292 0.0078713170038812 0.00420052780297597 0.00712906786397916 0.00644949715983663 0.240491944164062 0.00397834955366979 0.00253268136298984 -0.000807831936946776 2.6801569979085e-05 0.00732222131329882 0.003285439799007 0.0013664179037432 0.00510010832595046 -0.00271696710748813 0.000427571543474317 0.00182031911432863 -0.00733959598775632 -0.018813581479856 0.0046816000633989 0.00449986666637228 0.00347724100470946 0.00486981483175167 -0.000503950759646439 0.0098427638174383
"FMZS" 0.000432077636255073 0.00146846991422781 -6.07459218962386e-05 -0.00270583974062153 0.000258442155677661 -3.60453229102844e-05 -0.00133821410257459 -0.00126712532682949 0.000641041969210085 0.000715740541958113 -0.000370791017895471 0.000358862005373109 0.000418341300839209 9.62263221877849e-05 -0.000178084728519711 -0.000580751368516074 -0.000252168042143938 -0.000552278002684167 -0.000201710425734055 0.00397834955366979 0.00800285711810003 0.00216181134363698 0.00120301377040451 0.000438350175206669 0.000714969303211949 3.44234696563262e-05 -0.000181106449238564 -0.000263446461051194 0.000252147909214259 0.000598581074914091 -5.23039701945473e-05 -0.000646794932621762 -0.00154593161750799 -0.000518924202751657 0.00116974538725218 -0.00152664363872061 -0.000312287171413999 -0.000451695571584998 0.00155896982706737
"FMMT" 0.00108771597038917 0.00166596284814047 0.00073153936282846 0.000507359024366202 0.000238374055513582 0.000396692105354158 -0.000122256546657072 0.00055867591398697 0.000601398620397357 0.000695208698714474 9.76349940753214e-06 0.00107916705778063 0.000434960507679632 0.000404367795570945 0.00216741429196688 -0.0001468738501597 4.27272554860127e-05 0.000170563714444898 0.000670787194468058 0.00253268136298984 0.00216181134363698 0.00212391101549478 0.000419837786280614 0.00125540897926554 0.000914417124047236 0.000615565954344207 0.000502434411540516 0.000484683962453897 0.000593851613794162 0.000308010458756672 0.000692560824768942 0.00145827805188534 -0.000111565643362015 -0.00019935367070352 0.000664344356878939 -0.000916650170515904 0.000369589687074996 -1.00227291304257e-05 0.000987009928898846
"ZSZI" 0.00046485900526876 0.00138968364558323 0.00110919162487851 -0.000469503793412846 0.00347375711863596 0.000554224353056081 -0.000124698989288717 -0.00166614844023383 0.00324911974222715 0.000347620694718513 0.000673368994488419 8.36583214409763e-05 0.000302855734377435 0.000427841227973029 0.000257799157374088 -8.65786847423819e-05 -3.61916570003349e-05 0.00153809715038582 0.00134350367342715 -0.000807831936946776 0.00120301377040451 0.000419837786280614 0.0111479230432353 0.000193408060254861 -0.000479649234640568 0.00168765614733211 0.0026787382510797 -0.000747953925979878 0.00052071431185159 0.000894617213470219 4.68981985204162e-05 -0.000817279476318662 0.00142388842058318 -0.000940090107452115 0.000602772625094546 2.61299371340111e-05 0.00101261800622857 0.00048776665482262 -4.94482819985019e-05
"ZIMT" 0.00155905791289637 0.00159778188292329 0.000552048050618598 0.000912243116879043 0.000564997007678231 0.000803503797885693 0.000356854782455896 0.00110167000402115 0.00105131330820305 0.000903085183781281 0.000313024103943736 0.000778753640902471 0.000595250583802414 0.000601971119979272 0.0012921912192369 -0.000126456758782261 -3.07970243572538e-05 0.000132574464612542 0.00115747734632169 2.6801569979085e-05 0.000438350175206669 0.00125540897926554 0.000193408060254861 0.00365172740823968 -0.000139468080892095 0.000237105957210524 -0.000477548385322687 0.000558285042332777 0.000200081091254412 -0.000439888913933905 0.000755291649413906 0.00131699055223722 0.000605011485938931 0.000413490229390474 -0.000536062458690373 -0.000455842369301565 0.0001965418378777 0.000528392770439819 0.00128225878654679
"ZIZYGO" 0.000353299077152064 -3.48948850443225e-05 0.000506087094604491 0.000477778751890913 -0.00072973709023663 1.01450621345789e-05 0.00220224623741564 -7.09481251194522e-05 -0.000647953703834226 -0.000129928468245334 0.000317735832195264 0.000826794497177998 -0.000385040384154288 0.000115212988618602 0.000707696804685952 0.00121440602949165 0.00109526706524073 0.00149155892392358 0.00157041887992765 0.00732222131329882 0.000714969303211949 0.000914417124047236 -0.000479649234640568 -0.000139468080892095 0.00450020551845026 0.00169674473653613 0.000343323486420657 -9.54616499593226e-07 0.00126639601794308 0.000105745226532927 0.000560422734721219 -0.00129957367431955 0.000440397026432767 0.000766153583739775 0.00134382118451994 0.000392948314145581 0.000860385947393913 1.05472291956119e-05 0.000549149126439386
"ZITSP" 0.0006774505397963 0.000750721553095905 0.00114975979104145 0.00138800865425937 0.00077234567949527 0.000717301033107001 0.0021995817446189 0.00118346944472422 0.00106757628525685 -0.000301109639297108 0.000585505959497464 0.000269689996685155 -0.000270629155952498 0.000238633917300068 0.00122608000186499 0.000459669620611755 0.000721449024720993 0.00134913326297287 0.00259156655769498 0.003285439799007 3.44234696563262e-05 0.000615565954344207 0.00168765614733211 0.000237105957210524 0.00169674473653613 0.00412247213058949 0.00154744073369641 0.00127970411068079 0.00132672934598591 0.000292278635170636 0.000646943275697682 0.0015565356642949 0.00182801209836667 0.00115304486757992 0.00143019674176785 0.000370867216389095 0.000929713959311294 -0.00012238757154712 0.000903395911704629
"MTPNS" 5.67985401949438e-05 0.00116062825735668 0.00119575266660379 0.00136662902910326 0.00113057240757837 0.000577988016641521 0.00211190895463514 0.000242454124196718 0.000817094697003946 -0.00024967101312414 0.000276656378511566 5.85540308864977e-05 -0.000141990010449324 -8.11203019712066e-05 0.00143172446126061 -3.09680342626522e-05 0.000102026102886373 0.000556132322383641 0.000682033873540113 0.0013664179037432 -0.000181106449238564 0.000502434411540516 0.0026787382510797 -0.000477548385322687 0.000343323486420657 0.00154744073369641 0.00276827517263229 0.000617302320040179 0.000532081495313892 0.00073992473959967 0.000209787028072778 0.000826293576281142 0.000227691620130276 -8.13263812832659e-05 1.10478251267932e-05 7.29884235922954e-05 0.000406239123705195 -0.000303882231985426 -0.000187172123320345
"PNSAPET" 0.00135757670559973 0.00150649359716623 0.000106030287445031 0.00187707689285613 0.000822728697113058 0.001401819532729 0.00178778237959792 0.00188048066769264 0.000618759034466975 -0.000555456814594331 0.000507018548514741 -0.000342158396312724 -0.000137422867571444 -8.08588946598021e-05 0.00184379718554694 0.000195487996621898 0.000558361141223161 -4.38857469206742e-05 0.000795831768957793 0.00510010832595046 -0.000263446461051194 0.000484683962453897 -0.000747953925979878 0.000558285042332777 -9.54616499593226e-07 0.00127970411068079 0.000617302320040179 0.00578025067425123 0.000420865663394028 -0.000449467813882748 0.00021127365253291 0.00199611651978142 0.000526303186714064 0.000683285516781869 0.000910348720720643 0.00127695525685799 3.80024049727569e-05 -0.000682136906441998 -0.00112712519861421
"APETBA" 0.000279570510810575 0.000613010202715027 0.000666064125510467 0.00102933176479727 0.000469558655016796 0.000478401979463597 0.00147063130623867 0.000562156022691756 0.00040347261683466 -0.00038869481077971 0.000341209576051262 0.000400764830864972 -5.99907744776033e-05 0.000121153794466846 0.000842953894499754 -0.000225966128719158 0.000648028200560212 0.000286460339721938 0.000743550708951771 -0.00271696710748813 0.000252147909214259 0.000593851613794162 0.00052071431185159 0.000200081091254412 0.00126639601794308 0.00132672934598591 0.000532081495313892 0.000420865663394028 0.00226357137594496 0.000758659656187063 0.0006940081421546 0.00122981807400151 0.00069640591238203 0.000808938495085617 0.000495936520771633 0.000880555614940732 0.00040678744654066 0.000197442623785907 -0.000256737275589264
"APETTS" 0.00115600992523962 -0.000532854579718169 0.000707137407126567 -0.000384553754703741 0.000769248777597833 0.00033713990468211 -0.00117707466725272 -0.000290612182596734 0.000406406958583205 0.000358069135084137 0.000346138780013141 -0.00010372509256566 0.000417221472022065 0.00045733207884174 0.000989976746123123 -0.000493873813700065 -0.000295785632582335 -0.000471346030195028 -0.000431235644326218 0.000427571543474317 0.000598581074914091 0.000308010458756672 0.000894617213470219 -0.000439888913933905 0.000105745226532927 0.000292278635170636 0.00073992473959967 -0.000449467813882748 0.000758659656187063 0.0070435430796607 0.000495307588848552 0.00130650618041982 -0.000887081440511293 0.000711140643183182 -0.000338986939349052 0.00114264880812468 -0.000125690182480844 -0.000159970914832636 0.000153799397789586
"BAEAM" 0.00040124354325591 0.000374510879382499 0.000403643213457646 0.000603723699362771 0.000209599171069289 0.000319091675777593 0.000688189794780658 0.000362850614786652 0.000213141392970772 0.000103745188567503 0.000207104987342553 0.000522712674777648 0.000161385270523117 0.000269837610344296 0.00105996007410076 -7.8738389261257e-05 0.000140019211650539 0.000301998337249465 0.000428667265589434 0.00182031911432863 -5.23039701945473e-05 0.000692560824768942 4.68981985204162e-05 0.000755291649413906 0.000560422734721219 0.000646943275697682 0.000209787028072778 0.00021127365253291 0.0006940081421546 0.000495307588848552 0.000998233107258325 0.00106727769876184 -3.10044835669673e-05 0.000259917275057275 0.000344629321344732 -2.14910061305217e-06 0.000379239959726508 2.69581472421869e-05 0.00040611648556955
"EAMZYGO" 0.00121929427232695 0.00213957449108527 0.00154503313242224 0.00220390892893372 0.000692900169957629 0.000987175017942357 -0.000948124749128201 0.00224750922471294 0.000869346710242736 0.000317160134355256 0.000748374443926038 0.00101922335835937 0.000566280828869596 0.000478495456430023 0.0035656924879191 -0.000955525034912977 -0.000235627279590662 -0.000292671444323434 0.00072197250760156 -0.00733959598775632 -0.000646794932621762 0.00145827805188534 -0.000817279476318662 0.00131699055223722 -0.00129957367431955 0.0015565356642949 0.000826293576281142 0.00199611651978142 0.00122981807400151 0.00130650618041982 0.00106727769876184 0.00710895109933672 0.00170078047862423 0.000839433277888341 0.0011510470177187 -8.71726902309675e-06 3.76344896289776e-05 -0.000170182039615499 -1.65095398487969e-05
"ZYGOTSP" 0.000786538322412404 0.00061071555695279 0.000746556466190144 0.00127274243320527 0.00078970129930876 0.000769681633895973 0.00142642730034755 0.000376631217900847 0.000462500815345541 -0.000120174366498843 0.000534220226979077 0.000212748415861356 -0.000303723098915875 0.000428553649031405 0.000729600474278996 0.0010362006217619 0.000724528988676971 0.000669210801713907 0.00309262865360137 -0.018813581479856 -0.00154593161750799 -0.000111565643362015 0.00142388842058318 0.000605011485938931 0.000440397026432767 0.00182801209836667 0.000227691620130276 0.000526303186714064 0.00069640591238203 -0.000887081440511293 -3.10044835669673e-05 0.00170078047862423 0.00687249759985411 0.000313807083720144 0.00042228256526699 -7.45059613878657e-05 -0.00033004599372231 0.000189401288118076 -0.000717299814775324
"LDAS" 0.000204322026948459 -0.000267663589576327 -2.90889242814279e-06 0.00045433868558843 -0.000353428083373866 -6.22724199686464e-05 0.001118463145159 0.000829558745419148 2.20453455850673e-06 -1.61704975392304e-05 0.000524340606877827 6.39814947350571e-05 0.000347809872441995 0.000468139478798239 0.000250680489923203 0.000687535966010099 0.000665224925986961 0.000105680938829622 0.000915112513823809 0.0046816000633989 -0.000518924202751657 -0.00019935367070352 -0.000940090107452115 0.000413490229390474 0.000766153583739775 0.00115304486757992 -8.13263812832659e-05 0.000683285516781869 0.000808938495085617 0.000711140643183182 0.000259917275057275 0.000839433277888341 0.000313807083720144 0.00307764563217847 0.000561486095902201 0.00199469552847575 -0.000127032483255955 0.000214869104850879 0.00087329871978411
"BRLD" -0.000289484547295442 -0.00129373908095046 -0.000553270779977639 -0.000778895840021794 -0.000469433428702054 -0.000197872355414551 0.00115454912787243 -0.00038420649700802 -0.000247434337829682 -0.00101399477667265 0.00022153399170991 0.000239856602130079 -0.000260978934465208 0.000554189415117018 0.000484902976059427 -0.000229541256094404 0.000169187240885873 0.00115992743074775 0.00109392960434534 0.00449986666637228 0.00116974538725218 0.000664344356878939 0.000602772625094546 -0.000536062458690373 0.00134382118451994 0.00143019674176785 1.10478251267932e-05 0.000910348720720643 0.000495936520771633 -0.000338986939349052 0.000344629321344732 0.0011510470177187 0.00042228256526699 0.000561486095902201 0.00645727553154892 0.000312677413051153 0.000785415101602889 -0.000639781019006482 0.000127164180114084
"OPILD" -0.000208637224156156 -0.00181032045867911 -0.000449546365174802 0.000595111850395178 2.84446364621725e-05 0.000313233157563503 0.00232412356214301 0.000389403168975311 -0.000311074943898102 -0.000691403289637213 0.000533353527971112 -0.000505549347528336 -0.000422933839847717 4.5541361645995e-05 -0.000101754459178583 0.000414303719631185 0.000558203409807277 0.000302620181238646 0.000380758697812131 0.00347724100470946 -0.00152664363872061 -0.000916650170515904 2.61299371340111e-05 -0.000455842369301565 0.000392948314145581 0.000370867216389095 7.29884235922954e-05 0.00127695525685799 0.000880555614940732 0.00114264880812468 -2.14910061305217e-06 -8.71726902309675e-06 -7.45059613878657e-05 0.00199469552847575 0.000312677413051153 0.00479372687482086 0.000124396181557262 0.000882553485209813 -0.00296312661489641
"PTAS" 0.000365895435100568 0.000312494444107478 0.000491992228436207 0.000463887613489364 0.000439948065406366 0.000191371880557699 0.000527183931254487 0.000304673423038003 0.000504678457599578 1.4595353385891e-05 0.000233255093813164 0.00047078173765009 3.49983817579433e-06 0.000141543693404204 -0.00056618782367319 -0.000195230101813534 0.000316582753169439 0.00196346674298646 0.00118673884500363 0.00486981483175167 -0.000312287171413999 0.000369589687074996 0.00101261800622857 0.0001965418378777 0.000860385947393913 0.000929713959311294 0.000406239123705195 3.80024049727569e-05 0.00040678744654066 -0.000125690182480844 0.000379239959726508 3.76344896289776e-05 -0.00033004599372231 -0.000127032483255955 0.000785415101602889 0.000124396181557262 0.00175360557216655 0.000663829961237033 0.000837129236413585
"JPAS" 0.00022567468483218 -0.000281014796282271 0.000487838654530925 0.000125834038631003 0.000153082005328423 0.000252475776553798 0.000303440220372742 -6.90161705918315e-05 8.33663201865383e-05 0.000450592576464055 -2.30597026330632e-05 0.000134014087489045 5.97111476383633e-05 0.000105904461159971 2.96037078166655e-05 0.000437093655641673 0.000338548128736509 0.000400917323399793 0.000606954568440885 -0.000503950759646439 -0.000451695571584998 -1.00227291304257e-05 0.00048776665482262 0.000528392770439819 1.05472291956119e-05 -0.00012238757154712 -0.000303882231985426 -0.000682136906441998 0.000197442623785907 -0.000159970914832636 2.69581472421869e-05 -0.000170182039615499 0.000189401288118076 0.000214869104850879 -0.000639781019006482 0.000882553485209813 0.000663829961237033 0.00228868383644856 0.000608020608052541
"BAOPI" 0.000733900664140291 0.00172709111516457 0.000908298656177229 6.76003315010061e-05 0.000710386411218602 -0.000371601802832212 -0.00175618774159177 0.000538293778864622 0.00109605503362177 0.00109966555368945 0.000168232047614184 0.000556709729622541 0.000834160357990518 0.000667815798889121 0.00050874305946478 0.000252964719073085 0.000188587199085953 0.000603580214798512 0.00145650441506499 0.0098427638174383 0.00155896982706737 0.000987009928898846 -4.94482819985019e-05 0.00128225878654679 0.000549149126439386 0.000903395911704629 -0.000187172123320345 -0.00112712519861421 -0.000256737275589264 0.000153799397789586 0.00040611648556955 -1.65095398487969e-05 -0.000717299814775324 0.00087329871978411 0.000127164180114084 -0.00296312661489641 0.000837129236413585 0.000608020608052541 0.00784921144699369
