"" "ISPM" "ISNSL" "ISPNS" "PMZS" "PMZI" "PMMT" "NSLNA" "NSLZS" "NSLZI" "NABR" "NAFM" "NAPNS" "BRPT" "BRAPET" "PTFM" "PTAPET" "PTBA" "PTEAM" "PTZYGO" "PTTSP" "FMZS" "FMMT" "ZSZI" "ZIMT" "ZIZYGO" "ZITSP" "MTPNS" "PNSAPET" "APETBA" "APETTS" "BAEAM" "EAMZYGO" "ZYGOTSP" "LDAS" "BRLD" "OPILD" "PTAS" "JPAS" "BAOPI"
"ISPM" 0.00315331215005408 0.00106788540049135 0.00132444297905758 0.000918905469231593 0.000651275534322787 0.0007790145063833 -0.000682763481273779 0.000922204258168419 0.000666785042376763 0.000283510125050447 0.000461859238610613 0.000279372193389082 0.000495916330290518 0.000475929296142224 0.000632045908434646 0.000188888133078519 0.000349391758453961 0.000630895980662869 0.00039410744226466 0.00017431093567491 -0.000582400644749621 0.000222404138833613 0.000576156023426937 0.00037604611529653 0.000716563481561547 0.000391550171472081 0.00111419987046396 0.000738691085793142 0.000667647024351506 0.00119820833277018 0.000702953190375741 0.000833135345701076 0.000724799266563869 0.000288942254891133 0.00132130270914049 0.000650939635075456 0.00070222743844301 0.000844149128088444 0.000318605152853253
"ISNSL" 0.00106788540049135 0.00496633143308438 0.00177699976568204 0.00339598908962828 0.00141216435893946 0.00099953272415931 -0.000496621813918054 0.00190171773802685 0.0011675948470976 0.000185873941272622 0.000256393154635387 0.00050266790152664 -0.000111431711640747 -0.000173592290823992 0.00127404385126009 -0.000617498520681101 -0.000192096450900906 0.00027768296240641 0.000661775546864958 -0.000485272816380342 -0.000945417468950429 0.000382489016021667 9.83662009899896e-05 0.000294733806920387 0.000671539991379655 0.000914545922780911 0.0014467518538635 0.000684151615358255 0.00110659302932093 0.0015210051816798 0.000881167882665601 0.00185488238815676 0.00133870264579159 7.4562338554789e-05 -0.000738465609703237 0.00013955606432558 0.000215685112099784 0.000817665314360417 2.28038831345334e-05
"ISPNS" 0.00132444297905758 0.00177699976568204 0.00261915403754167 0.00186122602112639 0.000926061337757656 0.0010135699072307 0.000370871525353236 0.000637159330788379 0.000628433454336879 0.000179250430075334 0.000185084755706768 0.000936087498559861 8.1297059888959e-05 0.000191769115404238 0.00131165719562445 8.44089525405976e-05 0.000292027367169191 0.00037915841257828 0.000716149645596165 0.00197590717383313 -0.000238176245643329 0.000418758008740215 0.000736587196878005 0.000324929380461414 0.000866035442245239 0.00103228734528023 0.000872708355110888 -0.000756218850754266 0.00122902038109373 0.00118034871157655 0.000732584350243089 0.00161301760697947 0.00094775282395181 -7.34220468971791e-05 6.57464939434395e-06 0.000283636733647802 0.000425737952807366 0.000610698666452627 -5.23067559346816e-05
"PMZS" 0.000918905469231593 0.00339598908962828 0.00186122602112639 0.00643351145222874 0.0023345891714925 0.00141304369696438 0.00125395559733504 0.00400880133246643 0.000877670034024617 0.000745863864944456 0.000205039321319302 0.000419834358689672 -2.12575194734461e-05 0.000159603317187356 0.0015525205888731 -0.000135682506311151 0.000187783237385954 0.000723835006780665 0.000854216448471235 -0.0023023948398695 -0.00379511797222652 0.000105479731079785 -0.00276928989727193 -0.000179797761948971 -5.16582397884918e-05 0.000568719530134637 0.00188052858969916 0.000933706862576662 0.00173920120038137 0.00161228897940918 0.00122979268844192 0.00244506953776575 0.00209711365671888 -0.000388680694121615 -0.00111147133472746 3.22670881348645e-05 0.000218436204323466 0.000993878728836196 -0.000605129464402285
"PMZI" 0.000651275534322787 0.00141216435893946 0.000926061337757656 0.0023345891714925 0.00359323594031924 0.000555732413835036 0.00126723480033215 0.00153336458701746 0.00190923341970777 0.000570242891178328 0.000496068584175604 0.000525293986012639 0.000122509038536081 0.000229260074733484 0.00150869431210837 0.0001774679782784 8.48038116362443e-05 -9.25665021621861e-06 0.000335818898116184 -0.00129301159984719 -0.00052319901033677 0.000431185589688696 0.00289359709740463 0.000539965942887818 -0.0006596485139788 0.00019714789501915 0.00146752707695526 0.000473280732593105 0.000755607517172917 0.000758131830832778 0.0010238267372639 0.000847789997680332 0.00100583278512156 -0.000405541165411168 -0.000263803182571986 -0.000215385902139159 0.000124799165642341 0.00087564543239982 0.000233248555788755
"PMMT" 0.0007790145063833 0.00099953272415931 0.0010135699072307 0.00141304369696438 0.000555732413835036 0.00120096972976561 0.000125360077860917 0.000552645430573379 0.000249156275460275 9.35076728526485e-05 4.9628281103338e-06 0.000159788162014788 0.000175299475716089 0.00021357025207756 9.2514883452242e-05 0.000369350366476972 0.000348645398141161 0.000530586186084166 0.000271470906319005 0.000629854570560447 -0.000399673418965945 0.000224041997628229 -4.74240160428084e-06 0.000537656102569895 0.000355900404244498 0.000662971076722634 0.000675563915738308 0.0006138826032904 0.000410928851294217 0.000416329407191799 0.000417619788261647 0.000972924462282474 0.000560198354880344 -6.49866017799016e-05 0.00026776859017991 0.000320273523801094 0.000383732284340429 0.000588094894906023 2.46797258392871e-05
"NSLNA" -0.000682763481273779 -0.000496621813918054 0.000370871525353236 0.00125395559733504 0.00126723480033215 0.000125360077860917 0.0153425753785785 5.749372536014e-05 0.000223692920776647 -0.00150406403555492 8.37346437433806e-05 0.00132979132206501 -0.000880054691389315 -0.000726790076961217 -1.77909278379234e-05 7.25034248247936e-05 3.01093084155836e-05 0.000292899429226105 0.000692308284127364 0.00698049534991218 0.00149960224095428 0.000239305701239788 0.000939660758599424 -0.000192164396758305 0.00027236315661433 0.00141769550342282 0.00029916247342822 8.40091186966182e-05 0.000268601186640368 -0.00136454810751317 0.000106673196685363 -0.000587655939349036 -7.34250062179153e-05 -0.000108281805505503 -0.00181063338436129 0.000530689358184423 -0.000347223931707859 -0.000694382655585551 -0.000962221977907178
"NSLZS" 0.000922204258168419 0.00190171773802685 0.000637159330788379 0.00400880133246643 0.00153336458701746 0.000552645430573379 5.749372536014e-05 0.00491442348851908 0.00104813634485025 0.000745492865725866 0.000519071070400498 0.000467691228596537 0.000192785957191866 0.000206170367159058 0.00163503045068846 -0.000104914308774715 -8.36108392224302e-07 0.000198499492558058 0.000337728353353323 -0.00494239145117203 -0.00379670617904879 -0.000243896038928516 -0.00403810214926756 -0.000102361556153175 0.000205520287023194 -0.000381690804274325 0.00117438375735331 0.000818261652169546 0.00093908534276747 0.00127431831647904 0.000912903744805767 0.0010233124555792 0.0012127090594459 -0.000370441642251395 -0.00070008695023552 -0.00022773317128421 -0.00010938406437623 0.000998338025434188 -0.000155360431093242
"NSLZI" 0.000666785042376763 0.0011675948470976 0.000628433454336879 0.000877670034024617 0.00190923341970777 0.000249156275460275 0.000223692920776647 0.00104813634485025 0.00183035139764561 0.000362813735298346 0.000631300179350686 0.000682837211445079 0.000263203471926248 0.000295131620955023 0.00108504240321448 -5.21726847948561e-05 2.49501289818807e-06 6.88368665406448e-05 0.000660577257823212 0.000302155135736396 2.48369860191606e-05 0.000391676644463129 0.00306824563529162 0.000519824298184116 0.000366944377467486 0.000556941793337816 0.000991206436330509 0.000454716142155063 0.000444896887900983 0.000711466933966058 0.000750455066987554 0.000424836797073378 0.000789381093736033 0.00038340364444534 0.000269790835605525 0.00049175969009719 0.000259984966995155 0.00059046439844769 0.000336934067513333
"NABR" 0.000283510125050447 0.000185873941272622 0.000179250430075334 0.000745863864944456 0.000570242891178328 9.35076728526485e-05 -0.00150406403555492 0.000745492865725866 0.000362813735298346 0.00260232759245419 0.000309932141120606 0.00023789374558415 0.00158897819694803 0.00102080994865 0.000848307668791702 0.000543853962802803 0.000398324356397977 0.000672053800889096 0.000690991261778167 0.000719784994528352 -0.000210528557553996 0.000441189624662722 -0.000406005606869246 0.000293406096113402 0.000232667507845323 -6.41774584984601e-06 0.000855233501749931 0.000871978188210469 5.1619995014274e-05 0.000598911801076987 0.000564927470968638 0.000723950929220598 0.000629168308451497 -2.22420975925784e-05 -0.00086829067821956 -0.000261669040640992 0.00062976752456702 0.000748863065922497 0.000804570708459399
"NAFM" 0.000461859238610613 0.000256393154635387 0.000185084755706768 0.000205039321319302 0.000496068584175604 4.9628281103338e-06 8.37346437433806e-05 0.000519071070400498 0.000631300179350686 0.000309932141120606 0.00116167905595512 0.000480126201558672 0.000388330303151119 0.000398620007013897 0.000140339711369916 -0.00025589921483072 -9.10299740906687e-05 0.000149263251108463 0.000401685645893236 0.000886074435422295 0.000297569508183658 0.000137916310195534 0.000776166933061861 6.02892141229746e-05 0.000829168385296413 6.54295652132362e-05 0.00046723830895207 0.000342369378922614 5.02172434555138e-05 0.000196466111409771 0.000332760406823619 -0.000256044182516337 0.000159388960382844 0.00044034296693184 0.000942409823468282 0.000427737657442025 0.00030162305795794 0.000303374010886039 0.000488974149114916
"NAPNS" 0.000279372193389082 0.00050266790152664 0.000936087498559861 0.000419834358689672 0.000525293986012639 0.000159788162014788 0.00132979132206501 0.000467691228596537 0.000682837211445079 0.00023789374558415 0.000480126201558672 0.0017589941537985 0.000155398361676356 0.000348740176490232 0.00121672905430215 0.000176956650353661 0.00021127564538537 0.000239263641383919 0.000821988371587861 0.00385863302209117 0.000314275608348549 0.00068703207114012 0.000833006861675236 0.000541198386235886 0.0012379850805693 0.000853403737098469 0.000132739416928273 -0.000134051818877993 0.000315902826419931 -1.63482383700716e-06 0.000494123670775417 0.000250872616434791 0.000433083624704283 0.000426854995626763 0.000294601712695868 0.000550041304392653 0.000146926158279858 0.000280194644198216 0.000527815793702265
"BRPT" 0.000495916330290518 -0.000111431711640747 8.1297059888959e-05 -2.12575194734461e-05 0.000122509038536081 0.000175299475716089 -0.000880054691389315 0.000192785957191866 0.000263203471926248 0.00158897819694803 0.000388330303151119 0.000155398361676356 0.00219217500107729 0.00128839075449154 -0.000308937877853288 -0.000252849627418696 1.6732089970145e-05 0.00013163421654659 -0.000330029331820575 -0.000393431461157617 0.00010011130566669 0.00030385927763683 0.000171337439526588 0.000391103402110062 0.000317332851231851 -0.000727956198164555 0.000555777736995207 0.000670939312326581 -4.72755598753627e-05 0.000298532006821559 0.000427820523982128 0.000125241419618751 -0.000535008985174333 0.000448270250251387 0.000428977544567926 0.000522647870116675 0.000593475159745512 0.000708867312812928 2.52874944917762e-05
"BRAPET" 0.000475929296142224 -0.000173592290823992 0.000191769115404238 0.000159603317187356 0.000229260074733484 0.00021357025207756 -0.000726790076961217 0.000206170367159058 0.000295131620955023 0.00102080994865 0.000398620007013897 0.000348740176490232 0.00128839075449154 0.0014317581028347 6.50740714808096e-06 0.000485072148201011 0.000376216930285289 0.000682605305160151 0.000383895085775317 0.00278370590825219 8.9158209395957e-06 0.000366469734031972 0.000370792939483483 0.00040891274275612 0.000790434421400372 -5.92623296717762e-05 0.000486001836553797 0.00031032228765108 9.76346130004201e-05 0.000478561062596604 0.000448319966494802 -6.04180546023119e-05 -0.000173810300144362 0.000549672732293336 0.0011698845621056 0.00080021007885415 0.000617786955796825 0.000814326508126017 0.000272478182954659
"PTFM" 0.000632045908434646 0.00127404385126009 0.00131165719562445 0.0015525205888731 0.00150869431210837 9.2514883452242e-05 -1.77909278379234e-05 0.00163503045068846 0.00108504240321448 0.000848307668791702 0.000140339711369916 0.00121672905430215 -0.000308937877853288 6.50740714808096e-06 0.00727939341840745 -0.000308519380478559 -0.000488566125683679 -0.00189577671293387 0.000135844700689513 -0.0061242489799877 -0.00147568708739336 0.000839141493271126 0.000286033430427908 0.000985677799020597 0.00106175408352064 0.000645883299399006 0.00139966743046518 0.00130285704412919 0.00112176599355504 0.00149053502053039 0.00121693685401345 0.00228501600750751 0.00107436479607859 -0.00024016300505366 4.59591386259705e-05 -0.000511316916267799 -0.00128646859444069 8.13896727875971e-05 0.000770140317440982
"PTAPET" 0.000188888133078519 -0.000617498520681101 8.44089525405976e-05 -0.000135682506311151 0.0001774679782784 0.000369350366476972 7.25034248247936e-05 -0.000104914308774715 -5.21726847948561e-05 0.000543853962802803 -0.00025589921483072 0.000176956650353661 -0.000252849627418696 0.000485072148201011 -0.000308519380478559 0.00338597391541938 0.00170647106937969 0.00162589894457974 0.0013742163902959 0.00133427382480386 0.000310014016158273 0.000295373949624432 2.28984616328324e-05 0.000381844669851354 0.000181799880079712 0.000689731587245596 0.000126876433948559 -9.78878449327189e-05 -0.000264555255028832 5.22664855080076e-05 1.89567182887172e-05 -0.000230979364709384 0.00103142168536687 -0.000277849115268975 -2.39650730611154e-06 -0.000320465715127399 0.000467318093797295 0.000255257972599677 0.000499151832774879
"PTBA" 0.000349391758453961 -0.000192096450900906 0.000292027367169191 0.000187783237385954 8.48038116362443e-05 0.000348645398141161 3.01093084155836e-05 -8.36108392224302e-07 2.49501289818807e-06 0.000398324356397977 -9.10299740906687e-05 0.00021127564538537 1.6732089970145e-05 0.000376216930285289 -0.000488566125683679 0.00170647106937969 0.00137345072992998 0.00143851448271138 0.000965552818691511 0.00312039236143698 0.000138158325286719 0.000304799235883096 3.36135933595456e-05 0.000343267933786057 7.98335931325693e-05 0.000485461340556358 0.000236967410900918 5.56438712760383e-05 0.000784346384146367 9.12369326675811e-05 0.000297432515419236 0.000222375246723299 0.000551817470029746 -6.91475473774802e-05 0.000320053368829986 -0.000142847468446162 0.000673177474891456 0.000213199142056589 0.000146948276221984
"PTEAM" 0.000630895980662869 0.00027768296240641 0.00037915841257828 0.000723835006780665 -9.25665021621861e-06 0.000530586186084166 0.000292899429226105 0.000198499492558058 6.88368665406448e-05 0.000672053800889096 0.000149263251108463 0.000239263641383919 0.00013163421654659 0.000682605305160151 -0.00189577671293387 0.00162589894457974 0.00143851448271138 0.00349359619310702 0.00230121108520844 0.00926917594507927 -0.000166263126403497 0.000348684270386921 0.000137848480108044 0.000188109850375056 0.000914746448416272 0.00112719746908385 0.000630118273439895 0.000212777826515574 0.000297553595591244 0.000465385355911812 0.000191210763021032 0.000251236016957125 0.00122779130123275 0.000521948470578851 0.000735572244299204 0.000510041345268783 0.00168400856270928 0.000477289555855449 0.000444406177554351
"PTZYGO" 0.00039410744226466 0.000661775546864958 0.000716149645596165 0.000854216448471235 0.000335818898116184 0.000271470906319005 0.000692308284127364 0.000337728353353323 0.000660577257823212 0.000690991261778167 0.000401685645893236 0.000821988371587861 -0.000330029331820575 0.000383895085775317 0.000135844700689513 0.0013742163902959 0.000965552818691511 0.00230121108520844 0.0042824145450864 0.00787037464161755 0.000127717658759656 0.000542360288564314 0.00106139996524941 0.000143563466822189 0.00139687287400223 0.00161723489188035 0.000646476939525489 0.000132413042768172 0.000274020509956 0.00108392788100445 0.000523433168895229 0.000592425726747287 0.00327738136164056 0.000947638375715496 -0.00045624987327673 0.000819249387791384 0.000787166846986517 -2.42697971001224e-05 0.000576778193420096
"PTTSP" 0.00017431093567491 -0.000485272816380342 0.00197590717383313 -0.0023023948398695 -0.00129301159984719 0.000629854570560447 0.00698049534991218 -0.00494239145117203 0.000302155135736396 0.000719784994528352 0.000886074435422295 0.00385863302209117 -0.000393431461157617 0.00278370590825219 -0.0061242489799877 0.00133427382480386 0.00312039236143698 0.00926917594507927 0.00787037464161755 0.133891154430981 0.00748183034102854 0.00224606588389508 0.00687528893309385 0.00111030397148435 0.00326306410415656 0.00842960060994878 -0.00160030664783654 -0.00122361761896146 0.00136069007724824 0.000751972959247398 0.000613352586432857 -0.000699996810229307 -0.00711982987661268 0.0061234993944644 0.00297371506356342 0.00602361273968865 0.00578060173732595 0.000952403622456178 0.00404080770633083
"FMZS" -0.000582400644749621 -0.000945417468950429 -0.000238176245643329 -0.00379511797222652 -0.00052319901033677 -0.000399673418965945 0.00149960224095428 -0.00379670617904879 2.48369860191606e-05 -0.000210528557553996 0.000297569508183658 0.000314275608348549 0.00010011130566669 8.9158209395957e-06 -0.00147568708739336 0.000310014016158273 0.000138158325286719 -0.000166263126403497 0.000127717658759656 0.00748183034102854 0.00680572794910617 0.00118399656307365 0.0044286191539028 0.000384930209304034 0.000895610959761364 0.00084532515815339 -0.000262755567516299 -0.000599768841503841 -0.000593572248079347 -0.000696743319844064 -0.000438061102196261 -0.00112664600561059 -0.00110997156411562 0.000104735438440502 -0.000258561459434305 0.000483791325986711 0.000508331488270235 -1.78938597621995e-05 0.000696995422415034
"FMMT" 0.000222404138833613 0.000382489016021667 0.000418758008740215 0.000105479731079785 0.000431185589688696 0.000224041997628229 0.000239305701239788 -0.000243896038928516 0.000391676644463129 0.000441189624662722 0.000137916310195534 0.00068703207114012 0.00030385927763683 0.000366469734031972 0.000839141493271126 0.000295373949624432 0.000304799235883096 0.000348684270386921 0.000542360288564314 0.00224606588389508 0.00118399656307365 0.0013625271919355 0.00126410008117853 0.00105000933300098 0.000801348181265904 0.000191558140371221 0.000646311791019646 0.000407102261701036 0.000235790332938865 0.000179679007423718 0.000406534434063534 0.00045854097001078 0.000207101730788119 4.04807585356449e-05 0.00012836575272655 0.000294344098741577 0.000417747433711969 0.000176818916941923 8.6501544401721e-05
"ZSZI" 0.000576156023426937 9.83662009899896e-05 0.000736587196878005 -0.00276928989727193 0.00289359709740463 -4.74240160428084e-06 0.000939660758599424 -0.00403810214926756 0.00306824563529162 -0.000406005606869246 0.000776166933061861 0.000833006861675236 0.000171337439526588 0.000370792939483483 0.000286033430427908 2.28984616328324e-05 3.36135933595456e-05 0.000137848480108044 0.00106139996524941 0.00687528893309385 0.0044286191539028 0.00126410008117853 0.0143786203969364 0.00110649411101116 0.000772032897561459 0.00190150108892722 0.000803560011250984 -1.60599035652054e-05 -8.71400349684007e-05 5.72190200329175e-05 0.000571793505857141 -0.000748618816480116 0.000110834355001562 0.00148337936313046 0.00220735996612613 0.00153202373156681 0.000993304455147971 -3.75145242735173e-05 0.000913766313655699
"ZIMT" 0.00037604611529653 0.000294733806920387 0.000324929380461414 -0.000179797761948971 0.000539965942887818 0.000537656102569895 -0.000192164396758305 -0.000102361556153175 0.000519824298184116 0.000293406096113402 6.02892141229746e-05 0.000541198386235886 0.000391103402110062 0.00040891274275612 0.000985677799020597 0.000381844669851354 0.000343267933786057 0.000188109850375056 0.000143563466822189 0.00111030397148435 0.000384930209304034 0.00105000933300098 0.00110649411101116 0.00321825428482886 0.000457533172638249 0.000474960244898803 -6.45126013803807e-05 0.000854926393388501 -4.39985582509694e-05 0.000259813720879489 0.000681935509718457 0.00136816571523838 0.000189777974553579 0.000357789077603006 0.000436852070212602 0.000736037183558007 0.000251712146044721 0.000128500639778731 -8.85365139476351e-06
"ZIZYGO" 0.000716563481561547 0.000671539991379655 0.000866035442245239 -5.16582397884918e-05 -0.0006596485139788 0.000355900404244498 0.00027236315661433 0.000205520287023194 0.000366944377467486 0.000232667507845323 0.000829168385296413 0.0012379850805693 0.000317332851231851 0.000790434421400372 0.00106175408352064 0.000181799880079712 7.98335931325693e-05 0.000914746448416272 0.00139687287400223 0.00326306410415656 0.000895610959761364 0.000801348181265904 0.000772032897561459 0.000457533172638249 0.00621795641200084 0.00142692124662686 0.000744485432156099 0.00109368530710711 -0.000201573273321916 0.000567196554497385 0.000809551284512063 -0.0016923661206579 2.11254636668013e-05 0.00086969873638575 0.00132866289438578 0.00147679398306602 0.00056520331945587 0.000421688355710833 0.000348267549158888
"ZITSP" 0.000391550171472081 0.000914545922780911 0.00103228734528023 0.000568719530134637 0.00019714789501915 0.000662971076722634 0.00141769550342282 -0.000381690804274325 0.000556941793337816 -6.41774584984601e-06 6.54295652132362e-05 0.000853403737098469 -0.000727956198164555 -5.92623296717762e-05 0.000645883299399006 0.000689731587245596 0.000485461340556358 0.00112719746908385 0.00161723489188035 0.00842960060994878 0.00084532515815339 0.000191558140371221 0.00190150108892722 0.000474960244898803 0.00142692124662686 0.00418146631634551 0.000297920222122736 0.000582553134681604 0.000413413099001533 0.00074990198054534 0.000354761628738861 0.00125831074175989 0.00184661307673378 0.000600093776556526 2.12670371830192e-05 0.000936359054013973 0.000543215790873321 0.000202970214413508 0.000723843943659788
"MTPNS" 0.00111419987046396 0.0014467518538635 0.000872708355110888 0.00188052858969916 0.00146752707695526 0.000675563915738308 0.00029916247342822 0.00117438375735331 0.000991206436330509 0.000855233501749931 0.00046723830895207 0.000132739416928273 0.000555777736995207 0.000486001836553797 0.00139966743046518 0.000126876433948559 0.000236967410900918 0.000630118273439895 0.000646476939525489 -0.00160030664783654 -0.000262755567516299 0.000646311791019646 0.000803560011250984 -6.45126013803807e-05 0.000744485432156099 0.000297920222122736 0.00313071165009893 0.00140918813798041 0.000876654198693396 0.00126934592537406 0.000906848472357804 0.00135742099864039 0.00108548651838571 -0.000242303861346971 0.000356428086666245 -1.72225727953504e-05 0.000533495032941406 0.000785493001369924 0.000126116718577926
"PNSAPET" 0.000738691085793142 0.000684151615358255 -0.000756218850754266 0.000933706862576662 0.000473280732593105 0.0006138826032904 8.40091186966182e-05 0.000818261652169546 0.000454716142155063 0.000871978188210469 0.000342369378922614 -0.000134051818877993 0.000670939312326581 0.00031032228765108 0.00130285704412919 -9.78878449327189e-05 5.56438712760383e-05 0.000212777826515574 0.000132413042768172 -0.00122361761896146 -0.000599768841503841 0.000407102261701036 -1.60599035652054e-05 0.000854926393388501 0.00109368530710711 0.000582553134681604 0.00140918813798041 0.0056466081732132 -0.000946889455243664 -0.0008626825092733 0.00040214109034031 0.00147402379422566 0.000754675078338234 0.000301809055145542 0.00053277691589797 0.000592536168641889 2.58279048876331e-05 -9.69405500603418e-05 0.000145945122397075
"APETBA" 0.000667647024351506 0.00110659302932093 0.00122902038109373 0.00173920120038137 0.000755607517172917 0.000410928851294217 0.000268601186640368 0.00093908534276747 0.000444896887900983 5.1619995014274e-05 5.02172434555138e-05 0.000315902826419931 -4.72755598753627e-05 9.76346130004201e-05 0.00112176599355504 -0.000264555255028832 0.000784346384146367 0.000297553595591244 0.000274020509956 0.00136069007724824 -0.000593572248079347 0.000235790332938865 -8.71400349684007e-05 -4.39985582509694e-05 -0.000201573273321916 0.000413413099001533 0.000876654198693396 -0.000946889455243664 0.00372014367281291 0.00202038813767401 0.00107730111555699 0.00133953180835812 0.000281821512237925 -0.000239705873845518 -3.97150578942343e-05 -0.000446837932870921 0.000469025641914065 0.000536708188159148 -0.000414311774107496
"APETTS" 0.00119820833277018 0.0015210051816798 0.00118034871157655 0.00161228897940918 0.000758131830832778 0.000416329407191799 -0.00136454810751317 0.00127431831647904 0.000711466933966058 0.000598911801076987 0.000196466111409771 -1.63482383700716e-06 0.000298532006821559 0.000478561062596604 0.00149053502053039 5.22664855080076e-05 9.12369326675811e-05 0.000465385355911812 0.00108392788100445 0.000751972959247398 -0.000696743319844064 0.000179679007423718 5.72190200329175e-05 0.000259813720879489 0.000567196554497385 0.00074990198054534 0.00126934592537406 -0.0008626825092733 0.00202038813767401 0.00694064557830008 0.00109447785521644 0.00202734823777936 0.00141157172699119 0.000351058295760745 -4.90137236547026e-05 0.000223696873223985 0.000652043005756266 0.000887051846475074 0.000461244652539153
"BAEAM" 0.000702953190375741 0.000881167882665601 0.000732584350243089 0.00122979268844192 0.0010238267372639 0.000417619788261647 0.000106673196685363 0.000912903744805767 0.000750455066987554 0.000564927470968638 0.000332760406823619 0.000494123670775417 0.000427820523982128 0.000448319966494802 0.00121693685401345 1.89567182887172e-05 0.000297432515419236 0.000191210763021032 0.000523433168895229 0.000613352586432857 -0.000438061102196261 0.000406534434063534 0.000571793505857141 0.000681935509718457 0.000809551284512063 0.000354761628738861 0.000906848472357804 0.00040214109034031 0.00107730111555699 0.00109447785521644 0.00161605308657177 0.00073133584341735 0.000609698706986004 0.000149229146407991 0.000152104808530368 0.000381610859697974 0.000427557546119872 0.000921688343187525 0.00030557211891857
"EAMZYGO" 0.000833135345701076 0.00185488238815676 0.00161301760697947 0.00244506953776575 0.000847789997680332 0.000972924462282474 -0.000587655939349036 0.0010233124555792 0.000424836797073378 0.000723950929220598 -0.000256044182516337 0.000250872616434791 0.000125241419618751 -6.04180546023119e-05 0.00228501600750751 -0.000230979364709384 0.000222375246723299 0.000251236016957125 0.000592425726747287 -0.000699996810229307 -0.00112664600561059 0.00045854097001078 -0.000748618816480116 0.00136816571523838 -0.0016923661206579 0.00125831074175989 0.00135742099864039 0.00147402379422566 0.00133953180835812 0.00202734823777936 0.00073133584341735 0.00578062400905363 0.00241452428345741 -0.000481143461980019 -0.0010847289553244 6.97699137255647e-05 0.000117553700395533 0.000193051399107917 -0.000189166010313254
"ZYGOTSP" 0.000724799266563869 0.00133870264579159 0.00094775282395181 0.00209711365671888 0.00100583278512156 0.000560198354880344 -7.34250062179153e-05 0.0012127090594459 0.000789381093736033 0.000629168308451497 0.000159388960382844 0.000433083624704283 -0.000535008985174333 -0.000173810300144362 0.00107436479607859 0.00103142168536687 0.000551817470029746 0.00122779130123275 0.00327738136164056 -0.00711982987661268 -0.00110997156411562 0.000207101730788119 0.000110834355001562 0.000189777974553579 2.11254636668013e-05 0.00184661307673378 0.00108548651838571 0.000754675078338234 0.000281821512237925 0.00141157172699119 0.000609698706986004 0.00241452428345741 0.00588937483039628 5.20153294247266e-06 -0.00141858278018844 0.00017799813725118 0.000129894046024027 0.000216177861182857 0.00023468364005997
"LDAS" 0.000288942254891133 7.4562338554789e-05 -7.34220468971791e-05 -0.000388680694121615 -0.000405541165411168 -6.49866017799016e-05 -0.000108281805505503 -0.000370441642251395 0.00038340364444534 -2.22420975925784e-05 0.00044034296693184 0.000426854995626763 0.000448270250251387 0.000549672732293336 -0.00024016300505366 -0.000277849115268975 -6.91475473774802e-05 0.000521948470578851 0.000947638375715496 0.0061234993944644 0.000104735438440502 4.04807585356449e-05 0.00148337936313046 0.000357789077603006 0.00086969873638575 0.000600093776556526 -0.000242303861346971 0.000301809055145542 -0.000239705873845518 0.000351058295760745 0.000149229146407991 -0.000481143461980019 5.20153294247266e-06 0.0040276657443391 0.0014992019723681 0.00235220451180758 0.000147960047153148 -0.0014262675383568 0.000289799800812099
"BRLD" 0.00132130270914049 -0.000738465609703237 6.57464939434395e-06 -0.00111147133472746 -0.000263803182571986 0.00026776859017991 -0.00181063338436129 -0.00070008695023552 0.000269790835605525 -0.00086829067821956 0.000942409823468282 0.000294601712695868 0.000428977544567926 0.0011698845621056 4.59591386259705e-05 -2.39650730611154e-06 0.000320053368829986 0.000735572244299204 -0.00045624987327673 0.00297371506356342 -0.000258561459434305 0.00012836575272655 0.00220735996612613 0.000436852070212602 0.00132866289438578 2.12670371830192e-05 0.000356428086666245 0.00053277691589797 -3.97150578942343e-05 -4.90137236547026e-05 0.000152104808530368 -0.0010847289553244 -0.00141858278018844 0.0014992019723681 0.00816338415965608 0.000950987426083705 0.000945337973219576 8.50513378826005e-05 0.000309317191408458
"OPILD" 0.000650939635075456 0.00013955606432558 0.000283636733647802 3.22670881348645e-05 -0.000215385902139159 0.000320273523801094 0.000530689358184423 -0.00022773317128421 0.00049175969009719 -0.000261669040640992 0.000427737657442025 0.000550041304392653 0.000522647870116675 0.00080021007885415 -0.000511316916267799 -0.000320465715127399 -0.000142847468446162 0.000510041345268783 0.000819249387791384 0.00602361273968865 0.000483791325986711 0.000294344098741577 0.00153202373156681 0.000736037183558007 0.00147679398306602 0.000936359054013973 -1.72225727953504e-05 0.000592536168641889 -0.000446837932870921 0.000223696873223985 0.000381610859697974 6.97699137255647e-05 0.00017799813725118 0.00235220451180758 0.000950987426083705 0.00401410297351187 0.000562429170635654 0.000518500373734288 -0.00142783437492058
"PTAS" 0.00070222743844301 0.000215685112099784 0.000425737952807366 0.000218436204323466 0.000124799165642341 0.000383732284340429 -0.000347223931707859 -0.00010938406437623 0.000259984966995155 0.00062976752456702 0.00030162305795794 0.000146926158279858 0.000593475159745512 0.000617786955796825 -0.00128646859444069 0.000467318093797295 0.000673177474891456 0.00168400856270928 0.000787166846986517 0.00578060173732595 0.000508331488270235 0.000417747433711969 0.000993304455147971 0.000251712146044721 0.00056520331945587 0.000543215790873321 0.000533495032941406 2.58279048876331e-05 0.000469025641914065 0.000652043005756266 0.000427557546119872 0.000117553700395533 0.000129894046024027 0.000147960047153148 0.000945337973219576 0.000562429170635654 0.00173299613204734 0.00121535269735625 0.000452097225749415
"JPAS" 0.000844149128088444 0.000817665314360417 0.000610698666452627 0.000993878728836196 0.00087564543239982 0.000588094894906023 -0.000694382655585551 0.000998338025434188 0.00059046439844769 0.000748863065922497 0.000303374010886039 0.000280194644198216 0.000708867312812928 0.000814326508126017 8.13896727875971e-05 0.000255257972599677 0.000213199142056589 0.000477289555855449 -2.42697971001224e-05 0.000952403622456178 -1.78938597621995e-05 0.000176818916941923 -3.75145242735173e-05 0.000128500639778731 0.000421688355710833 0.000202970214413508 0.000785493001369924 -9.69405500603418e-05 0.000536708188159148 0.000887051846475074 0.000921688343187525 0.000193051399107917 0.000216177861182857 -0.0014262675383568 8.50513378826005e-05 0.000518500373734288 0.00121535269735625 0.00484243722627765 0.000411567664018366
"BAOPI" 0.000318605152853253 2.28038831345334e-05 -5.23067559346816e-05 -0.000605129464402285 0.000233248555788755 2.46797258392871e-05 -0.000962221977907178 -0.000155360431093242 0.000336934067513333 0.000804570708459399 0.000488974149114916 0.000527815793702265 2.52874944917762e-05 0.000272478182954659 0.000770140317440982 0.000499151832774879 0.000146948276221984 0.000444406177554351 0.000576778193420096 0.00404080770633083 0.000696995422415034 8.6501544401721e-05 0.000913766313655699 -8.85365139476351e-06 0.000348267549158888 0.000723843943659788 0.000126116718577926 0.000145945122397075 -0.000414311774107496 0.000461244652539153 0.00030557211891857 -0.000189166010313254 0.00023468364005997 0.000289799800812099 0.000309317191408458 -0.00142783437492058 0.000452097225749415 0.000411567664018366 0.00527393208537962
