"" "ISPM" "ISNSL" "ISPNS" "PMZS" "PMZI" "PMMT" "NSLNA" "NSLZS" "NSLZI" "NABR" "NAFM" "NAPNS" "BRPT" "BRAPET" "PTFM" "PTAPET" "PTBA" "PTEAM" "PTZYGO" "PTTSP" "FMZS" "FMMT" "ZSZI" "ZIMT" "ZIZYGO" "ZITSP" "MTPNS" "PNSAPET" "APETBA" "APETTS" "BAEAM" "EAMZYGO" "ZYGOTSP" "LDAS" "BRLD" "OPILD" "PTAS" "JPAS" "BAOPI"
"ISPM" 0.00220198111459288 0.000433139367195392 0.00046448256432922 0.000796153168271758 -7.98644941598937e-05 0.000551777732420191 -0.000100653764120624 0.000772219623663688 2.02616725751199e-05 0.000308876507216762 -0.000335614413631922 -0.000277586983713952 0.000483303929827058 0.000323148822528354 0.000641158050953262 0.000505910515485777 0.000365937240398771 0.000143415734282405 -0.000446207141031868 -0.000754047255749534 -0.00063451605418516 0.00030535941064661 -0.000677291882535049 0.00029980809702174 0.000100315767476185 -0.000584823364234921 0.000375812624321818 0.000838131232733229 0.000317659391505923 0.000674914029570915 0.000231263340017377 0.000562096640105207 -0.000723960986973322 0.000167148248120735 0.00029459861271117 0.000348740704366033 0.000250789828716051 -2.63468579740422e-05 -0.000487509370611537
"ISNSL" 0.000433139367195392 0.00316621660408214 0.000773333782861043 0.00250321273537911 0.00130051149458328 0.00074009548429885 -0.000676520359442075 0.00182530036559816 0.000891502010878417 0.00022430576073826 -1.00516595170939e-05 0.000444742606201594 6.57907949538754e-05 8.23253602377059e-05 0.000484969575781849 0.000476363670807633 0.00043845043127093 0.000581414708949379 -0.000123724290570723 -0.00120216132212681 -0.000598113034939445 0.00047592180554594 -0.000714097835763917 0.000258463038480746 0.000297285218408232 -2.53238091462747e-05 0.000919465866072595 0.00066326699188372 0.000446852346880533 7.99213311060313e-05 0.000988381101545507 0.000548715307119843 0.000681045435263579 0.000363423656616281 -2.18186788389874e-05 -1.42590644237998e-05 0.000462963217353479 0.000368399617343034 0.000451638373720746
"ISPNS" 0.00046448256432922 0.000773333782861043 0.00131901708847545 0.000624450858924709 0.000132092879138352 0.000617875502478321 3.76468264844219e-05 0.000142771962945902 0.000330742053303746 0.000480116695925425 9.59102217356883e-05 0.000642548208500045 0.000576380944526244 0.000335377909685602 0.000459656557660285 0.00022683079850943 0.00023317143006266 0.000105199344957714 0.000321405972864397 3.73237374904182e-05 0.000219184319950486 0.000375864984032251 0.000490701453367113 0.000402960322798686 0.000892204006714526 0.000195697677229868 -2.25705697244056e-05 -0.000286208362168789 0.000137675410922234 0.000194542893621881 0.000262831906238501 0.000477421620290576 0.000200731934285639 0.00094957237035909 0.000646028397987137 0.000462010543804203 0.000248068726484108 -0.000297574314377281 0.000110916393690266
"PMZS" 0.000796153168271758 0.00250321273537911 0.000624450858924709 0.00572018989832615 0.00280493435888418 0.00133831358884701 0.00327058094339906 0.00468942959487415 0.00134166560611722 0.00020191530567815 -0.000400757670122013 0.000467462082047943 0.000159246238998844 6.80691366086981e-05 0.00221229700908745 0.000354425316051487 0.000232120812777898 9.48323945436259e-05 -0.000236914823174829 -0.00483631974181832 -0.00307062458271666 0.000836865482078415 -0.0025942613005928 0.000434302781240649 0.000169162344402316 -0.000402877067102461 0.00224687948631538 0.00224611740102008 0.000762558434961878 0.000137006624874649 0.00149770753368866 0.000404571707325255 0.0007169533466135 3.69714869956641e-05 -0.000387041232589184 0.000190179538427004 -2.66491355521754e-05 0.000320506724287977 -0.000538090015725565
"PMZI" -7.98644941598937e-05 0.00130051149458328 0.000132092879138352 0.00280493435888418 0.00254262395772226 0.000568403645913697 0.00215205792851526 0.00205084719877056 0.0012807854671131 -3.19068168952154e-05 0.000136721077263932 0.000277926264686901 0.000260401924255262 0.000199189458596943 0.000538138906186009 0.000324644259916909 0.000286319315159739 0.00018543191774036 -6.1296055397517e-05 -0.00138262844630047 -0.000880780284421641 0.000549197832694294 0.000160858012893789 -1.26076991882533e-05 -0.000693825756794068 -0.000561206885863998 0.00159594635493852 0.000652150326826101 0.000563198775818743 -0.00017010800909467 0.00081639428073473 -3.10901844518433e-05 0.000106477991175515 0.000202093645730851 0.000317235696619639 9.04867275441007e-05 8.33611495134853e-05 0.000198015164128525 -9.11279121165704e-05
"PMMT" 0.000551777732420191 0.00074009548429885 0.000617875502478321 0.00133831358884701 0.000568403645913697 0.00107633173012142 0.000620867380324813 0.00105370122132177 0.000283859978693679 0.000175756126577605 -0.000184354814033771 0.000202198117989867 0.000359788437173725 0.000161334933101672 0.000421525184133334 0.000493873426875195 0.0002939468222493 0.00015916151283319 -0.000196493601450715 0.000112454372134951 -0.00049010561011655 0.000375815178131484 -0.000657103387105436 0.000712572271573121 0.000330833302479366 0.000273302016343478 0.000577139480664133 0.00083289563751923 6.35442824818947e-05 4.09073766230628e-05 0.000351185895440226 0.000568562735298595 -0.000100372621789027 0.000490872004545816 0.000389256080479551 0.000317440746873262 0.00020129072568771 0.000182947840124633 0.000250025759393663
"NSLNA" -0.000100653764120624 -0.000676520359442075 3.76468264844219e-05 0.00327058094339906 0.00215205792851526 0.000620867380324813 0.0197867950528311 0.00149507244792876 0.000980229434114316 -0.00326147823218332 -0.00111774780139441 0.00144342967425437 -0.000866734513557018 -0.000641432223678269 0.00029594658376969 0.000577109373903764 -0.000277032983661707 -0.000781245709412635 0.000893296660602328 0.00781298640613285 -0.000555352378253984 0.000826663284428234 0.00128460639511023 0.000339603505501167 -0.000531556731040857 0.00125077780194297 0.000386538482692092 0.000450384246585496 0.000869562819370914 -0.00117246065750977 7.95696585458041e-05 -0.00122186825976192 -0.00027276427357 0.00172787937421948 -0.0019100487526135 0.0028339125589737 -0.000717800567952021 -0.000355140987360006 -0.00351354734875435
"NSLZS" 0.000772219623663688 0.00182530036559816 0.000142771962945902 0.00468942959487415 0.00205084719877056 0.00105370122132177 0.00149507244792876 0.00560188066443105 0.0011754721638093 0.000409963938361744 -0.00021155410408097 0.000383473807701851 9.22876195164736e-05 -0.00023106808328522 0.00341364028185022 -0.000151255527279098 -0.000148843469620955 -0.000670936820540481 -0.000813940157519952 -0.00851775498193638 -0.00371647973681998 0.000643147317439259 -0.00448150286556143 0.000748866185716382 0.000444498409564032 -0.000877904505724708 0.0020928347722906 0.00284869199341652 0.000512135559285734 0.000871085637152996 0.00162142134328227 0.000749528370682415 9.3572420800459e-05 -0.000767586850934156 -0.000204526185924935 -0.000511524157223021 -0.000401397030799426 0.000667887933854682 -0.000550400126464956
"NSLZI" 2.02616725751199e-05 0.000891502010878417 0.000330742053303746 0.00134166560611722 0.0012807854671131 0.000283859978693679 0.000980229434114316 0.0011754721638093 0.00142970529005076 4.92720403970084e-05 0.000376314740195339 0.000488382305985115 0.000410095922424133 0.000165785777359891 0.000340748329117316 -5.8976942506165e-05 4.6190401884145e-06 8.27491536495269e-05 0.000249123700350641 -0.0020596309996388 -0.000304435546212839 0.000423578611588475 0.00168523524170371 0.000193392432301209 0.000118579443597229 -0.000116619050340717 0.00106302978714603 0.000591087355948137 -5.46461390702492e-06 -2.79139263982697e-05 0.000431616144952944 0.000403600008560889 0.000493763541539311 0.000551630374511826 0.000348474072965845 0.000287479873957444 8.34200607398268e-07 -0.000367158714686654 -0.0003105921430389
"NABR" 0.000308876507216762 0.00022430576073826 0.000480116695925425 0.00020191530567815 -3.19068168952154e-05 0.000175756126577605 -0.00326147823218332 0.000409963938361744 4.92720403970084e-05 0.00213599137776626 0.000490588944476402 9.40825142341376e-05 0.00128753672597973 0.000915397243969526 0.00108001684024311 7.06252745614121e-05 0.000184677805530023 0.000423674273958356 0.000173653676100536 -0.00127801923796018 -0.000264832412336295 0.000144190001307554 -0.000924830778430603 0.000480658821004378 0.000376393381173023 0.000207872421306828 0.00039504532786728 0.000153010755141648 0.000127911684960827 0.000993871684347415 0.000517488841755137 0.00116637810925243 0.000108038389617994 -5.14782002558726e-05 0.000356400939820777 -0.000538970537051179 0.00056631806920932 0.000197301666048573 0.00103678143196827
"NAFM" -0.000335614413631922 -1.00516595170939e-05 9.59102217356883e-05 -0.000400757670122013 0.000136721077263932 -0.000184354814033771 -0.00111774780139441 -0.00021155410408097 0.000376314740195339 0.000490588944476402 0.000792835266450348 0.000233411233319992 0.000464177541373928 0.000403710399891565 0.00027536337297134 -0.000181766041571449 -4.69905525414136e-05 5.35246012140795e-05 0.000310769208211968 -0.00170009960186853 0.000744209471141955 0.000200173279205574 0.000846428416163406 5.01727171260614e-06 0.000718834720021618 -4.2744174826169e-05 0.000255746713081055 8.77717691664415e-05 5.78729383216309e-05 0.000263901229102524 0.000125485021342634 0.00019060810437917 2.99249199729558e-05 -0.000118366882018453 0.000696235825329907 -0.000177420508911156 8.90356390059006e-05 -7.56431824984351e-05 0.000120133260041891
"NAPNS" -0.000277586983713952 0.000444742606201594 0.000642548208500045 0.000467462082047943 0.000277926264686901 0.000202198117989867 0.00144342967425437 0.000383473807701851 0.000488382305985115 9.40825142341376e-05 0.000233411233319992 0.00114957472326343 0.000295954960734346 0.000169475642681986 0.00049903880888603 0.00016096714100144 0.000181343728299158 -1.20068522149607e-05 0.000543392173663466 0.00203170644026798 0.000138242960137178 0.000449970608727663 0.000420237677469721 0.000480313351146396 0.000406446105803513 0.000544825367493411 -0.000191143577281345 1.77410890981056e-05 0.000252916819891337 0.000161551664080134 0.00029118682867629 0.000330319242599387 0.000383158144127555 0.000850114555861583 0.000342544854445993 0.000417951238086756 -0.000102576760802903 -0.000578966234110446 -0.000408509734508702
"BRPT" 0.000483303929827058 6.57907949538754e-05 0.000576380944526244 0.000159246238998844 0.000260401924255262 0.000359788437173725 -0.000866734513557018 9.22876195164736e-05 0.000410095922424133 0.00128753672597973 0.000464177541373928 0.000295954960734346 0.00191284473713998 0.00123363456256534 -0.000388148463951959 -0.000415075803034957 -0.000221259516880117 -9.31210839291387e-07 -0.00027941270123318 -9.62215567788995e-06 5.84218807430765e-05 0.000255634222123809 0.000448975441531244 0.000452105808897211 0.000346861060995251 -0.000238223023495559 0.000193707360378827 -0.000154654993933513 -0.000493882360860144 7.92776001767338e-05 0.000245174006150066 0.000475687821790419 -0.000691122194982582 0.000166597725417107 0.00102713010358654 0.000332149109772919 0.000484360585433057 0.000495054860489149 -0.000476555218665686
"BRAPET" 0.000323148822528354 8.23253602377059e-05 0.000335377909685602 6.80691366086981e-05 0.000199189458596943 0.000161334933101672 -0.000641432223678269 -0.00023106808328522 0.000165785777359891 0.000915397243969526 0.000403710399891565 0.000169475642681986 0.00123363456256534 0.00122597218920839 -2.41255308992836e-05 0.000237571203192925 0.000117429453465155 0.000469616812298484 0.000385949417932392 0.000641167984171415 0.00024149573378141 0.000305875312152429 0.000444228169273929 0.00014216217822315 0.000399334063510071 -9.34586581419384e-05 0.000283235747002215 8.28130968591479e-05 -0.000251486133478583 0.000157775884599132 0.00012496382390023 0.000377750546874519 -6.84896873366088e-05 0.000134864538946178 0.00103819676286142 0.000196524496845504 0.00032595994559751 0.000135175440101317 -0.000220836744291753
"PTFM" 0.000641158050953262 0.000484969575781849 0.000459656557660285 0.00221229700908745 0.000538138906186009 0.000421525184133334 0.00029594658376969 0.00341364028185022 0.000340748329117316 0.00108001684024311 0.00027536337297134 0.00049903880888603 -0.000388148463951959 -2.41255308992836e-05 0.00847465372776395 0.000731410900494617 3.461146356302e-05 -0.00119719756623147 0.000202737562639292 -0.0145377764269131 -0.00228391642872496 0.00131658417937784 -0.00356916821467118 0.00142238347660418 0.00311249372611798 -0.000444561477032518 0.0012421503407253 0.00336901526486327 0.00139628455360402 0.00270289233209784 0.00166456541055384 0.00155012488058266 0.000670364785437271 -0.000888393984379187 3.04141568088062e-05 -0.000875988992663726 -0.00109617223476457 9.63784217662941e-05 0.000284270823754505
"PTAPET" 0.000505910515485777 0.000476363670807633 0.00022683079850943 0.000354425316051487 0.000324644259916909 0.000493873426875195 0.000577109373903764 -0.000151255527279098 -5.8976942506165e-05 7.06252745614121e-05 -0.000181766041571449 0.00016096714100144 -0.000415075803034957 0.000237571203192925 0.000731410900494617 0.00310401196821997 0.00163525156733071 0.0016270363275099 0.0014278162052586 0.00251141668125788 0.00031464425470747 0.000215857409302399 0.000342402458174391 0.000158224361349603 0.000103146472537077 0.000974850567715133 0.000466745125882681 0.000829436021633436 0.000332802425222509 0.000889875578606648 -0.000154658077103792 0.000655421031563808 0.0012498756734364 0.000909291545411186 0.000732458685364718 0.000211824018001214 0.000234594593006567 -0.000680142871172092 0.000494169111274498
"PTBA" 0.000365937240398771 0.00043845043127093 0.00023317143006266 0.000232120812777898 0.000286319315159739 0.0002939468222493 -0.000277032983661707 -0.000148843469620955 4.6190401884145e-06 0.000184677805530023 -4.69905525414136e-05 0.000181343728299158 -0.000221259516880117 0.000117429453465155 3.461146356302e-05 0.00163525156733071 0.00122537700896436 0.00119702231153059 0.000933826585358548 0.00352932439288435 0.000422649788946235 0.000259699296594643 0.000318497579293492 0.000174583565757286 -0.000360697342592744 0.000556951348408805 0.000272222041328601 0.000366000599675512 0.000593194198635624 0.000504546946898358 9.84145804102579e-05 0.000637826888628771 0.000706171261651179 0.000580079732636469 0.000837605695904048 -4.58662731514568e-05 0.000366419074381238 -0.000611270195939481 0.000511813132885555
"PTEAM" 0.000143415734282405 0.000581414708949379 0.000105199344957714 9.48323945436259e-05 0.00018543191774036 0.00015916151283319 -0.000781245709412635 -0.000670936820540481 8.27491536495269e-05 0.000423674273958356 5.35246012140795e-05 -1.20068522149607e-05 -9.31210839291387e-07 0.000469616812298484 -0.00119719756623147 0.0016270363275099 0.00119702231153059 0.00240446190383462 0.00167973382190921 0.0066004430989601 0.000369186096760609 0.000120688839856322 0.00101738337645649 0.000227190200127888 -0.000562698517346216 0.000870833498666396 0.000419982713271297 4.67957208564707e-05 1.38291210677103e-05 0.000258216567614342 -0.000312627172578822 0.000572184653487543 0.0011745126836771 0.000960097349547537 0.000948303050617232 9.9862771814429e-05 0.00083386617213016 -0.000770742078500573 0.000748940615504427
"PTZYGO" -0.000446207141031868 -0.000123724290570723 0.000321405972864397 -0.000236914823174829 -6.1296055397517e-05 -0.000196493601450715 0.000893296660602328 -0.000813940157519952 0.000249123700350641 0.000173653676100536 0.000310769208211968 0.000543392173663466 -0.00027941270123318 0.000385949417932392 0.000202737562639292 0.0014278162052586 0.000933826585358548 0.00167973382190921 0.00323255334716361 0.00251119634238918 0.000174550442102202 0.000340142388431461 0.00196861450409401 0.000222464805384289 0.000580674680011755 0.00115497601714277 -0.000110096054601479 0.000542830481474626 -4.51683995994655e-05 0.00022417057325991 -0.00028853977180021 0.000432761152837403 0.00288953271955214 0.00128797102554084 0.000136339150925108 0.000499492118084226 0.000110452931613978 -0.00141743282463434 0.000458366263020963
"PTTSP" -0.000754047255749534 -0.00120216132212681 3.73237374904182e-05 -0.00483631974181832 -0.00138262844630047 0.000112454372134951 0.00781298640613285 -0.00851775498193638 -0.0020596309996388 -0.00127801923796018 -0.00170009960186853 0.00203170644026798 -9.62215567788995e-06 0.000641167984171415 -0.0145377764269131 0.00251141668125788 0.00352932439288435 0.0066004430989601 0.00251119634238918 0.103931845754688 0.00565693238246278 -0.000589075850080218 0.00532946551344677 -0.00162723602556718 -0.00975038756694211 0.00338170803038651 -0.00433944551744222 -0.00812705963030306 6.27969950185444e-05 -0.00393619030834198 -0.00249169235687258 -0.00270945172199456 -0.00764490989088881 0.00760473183679342 0.00366941599407416 0.00408481746154947 0.00407455109138302 -0.00398084263263006 0.00159851229049047
"FMZS" -0.00063451605418516 -0.000598113034939445 0.000219184319950486 -0.00307062458271666 -0.000880780284421641 -0.00049010561011655 -0.000555352378253984 -0.00371647973681998 -0.000304435546212839 -0.000264832412336295 0.000744209471141955 0.000138242960137178 5.84218807430765e-05 0.00024149573378141 -0.00228391642872496 0.00031464425470747 0.000422649788946235 0.000369186096760609 0.000174550442102202 0.00565693238246278 0.00442526375869807 7.37640920314073e-05 0.00359065702637878 -0.000563088286203172 0.000283120076223959 0.00105976255401575 -0.000737923674625747 -0.00176452638357208 0.000343855102700663 -0.000232402803418888 -0.000714995439692456 6.31525408134396e-05 -0.000595064883668584 0.000239336381499835 0.000840983697595623 0.000232022259925213 0.00050523582899438 -0.000515360793844292 0.000346615755741653
"FMMT" 0.00030535941064661 0.00047592180554594 0.000375864984032251 0.000836865482078415 0.000549197832694294 0.000375815178131484 0.000826663284428234 0.000643147317439259 0.000423578611588475 0.000144190001307554 0.000200173279205574 0.000449970608727663 0.000255634222123809 0.000305875312152429 0.00131658417937784 0.000215857409302399 0.000259699296594643 0.000120688839856322 0.000340142388431461 -0.000589075850080218 7.37640920314073e-05 0.000920654849253627 0.000191330224777166 0.00061905749181902 0.000651675450783347 -0.00018305589537158 0.000647619225114408 0.00101068118032311 0.000328207912488681 0.000191555231953332 0.000384017315423441 0.000551724496612409 5.76625605447703e-05 5.55185100108153e-05 0.000564405396040932 0.000233646649798533 -1.62888466415659e-05 -0.000282183471724815 -0.000387579188389095
"ZSZI" -0.000677291882535049 -0.000714097835763917 0.000490701453367113 -0.0025942613005928 0.000160858012893789 -0.000657103387105436 0.00128460639511023 -0.00448150286556143 0.00168523524170371 -0.000924830778430603 0.000846428416163406 0.000420237677469721 0.000448975441531244 0.000444228169273929 -0.00356916821467118 0.000342402458174391 0.000318497579293492 0.00101738337645649 0.00196861450409401 0.00532946551344677 0.00359065702637878 0.000191330224777166 0.0105472776420012 -0.00108279740638234 3.26401180575267e-05 0.000623164462721146 -0.000104265646712305 -0.00157656965860139 -0.000776138180039692 -0.0013472130528484 -0.0013510308126904 -0.000533786876121838 0.0014244960981151 0.00197364778042833 0.00119336607381624 0.00140746203129296 0.000422200489725796 -0.00176237642241661 -0.000673834146363392
"ZIMT" 0.00029980809702174 0.000258463038480746 0.000402960322798686 0.000434302781240649 -1.26076991882533e-05 0.000712572271573121 0.000339603505501167 0.000748866185716382 0.000193392432301209 0.000480658821004378 5.01727171260614e-06 0.000480313351146396 0.000452105808897211 0.00014216217822315 0.00142238347660418 0.000158224361349603 0.000174583565757286 0.000227190200127888 0.000222464805384289 -0.00162723602556718 -0.000563088286203172 0.00061905749181902 -0.00108279740638234 0.00290651001146689 0.000593355187586648 0.000631458246418689 -0.000534078873804318 0.000925516357434063 -6.01612523980654e-05 0.00036091066420143 0.000493890400688138 0.00156732754097536 0.000355337509451656 0.000700896976235002 -4.3780042359075e-05 0.000223375240509614 -4.15911189552201e-05 -0.00014117353614389 0.000536800447952317
"ZIZYGO" 0.000100315767476185 0.000297285218408232 0.000892204006714526 0.000169162344402316 -0.000693825756794068 0.000330833302479366 -0.000531556731040857 0.000444498409564032 0.000118579443597229 0.000376393381173023 0.000718834720021618 0.000406446105803513 0.000346861060995251 0.000399334063510071 0.00311249372611798 0.000103146472537077 -0.000360697342592744 -0.000562698517346216 0.000580674680011755 -0.00975038756694211 0.000283120076223959 0.000651675450783347 3.26401180575267e-05 0.000593355187586648 0.00526540961579258 0.00065465597225335 0.000278777407948795 0.00210995520609853 -0.000221499528145876 0.0014067818434198 0.000682988040761027 -9.75273473203885e-05 0.000607820014796256 -0.000440851641758966 0.000705888866094428 0.000345108049402194 -0.000490367802612853 -0.000226855509365314 -0.000604208031416214
"ZITSP" -0.000584823364234921 -2.53238091462747e-05 0.000195697677229868 -0.000402877067102461 -0.000561206885863998 0.000273302016343478 0.00125077780194297 -0.000877904505724708 -0.000116619050340717 0.000207872421306828 -4.2744174826169e-05 0.000544825367493411 -0.000238223023495559 -9.34586581419384e-05 -0.000444561477032518 0.000974850567715133 0.000556951348408805 0.000870833498666396 0.00115497601714277 0.00338170803038651 0.00105976255401575 -0.00018305589537158 0.000623164462721146 0.000631458246418689 0.00065465597225335 0.00367993709906116 -0.000530632113131217 0.000131342042877921 0.000463963076075882 0.000910266511479283 6.84496769293917e-05 0.00105715982004645 0.00201810361326849 0.00127222407949076 -0.000800574868310159 0.000286261994850505 -1.81631644960503e-06 -0.0012391753524916 0.000935586001908591
"MTPNS" 0.000375812624321818 0.000919465866072595 -2.25705697244056e-05 0.00224687948631538 0.00159594635493852 0.000577139480664133 0.000386538482692092 0.0020928347722906 0.00106302978714603 0.00039504532786728 0.000255746713081055 -0.000191143577281345 0.000193707360378827 0.000283235747002215 0.0012421503407253 0.000466745125882681 0.000272222041328601 0.000419982713271297 -0.000110096054601479 -0.00433944551744222 -0.000737923674625747 0.000647619225114408 -0.000104265646712305 -0.000534078873804318 0.000278777407948795 -0.000530632113131217 0.00310916606001783 0.00164474946310152 0.00033556805119334 0.000251966863036797 0.000904840134576669 0.000685673174993941 6.10937393688005e-05 -0.000587864860607254 0.000656660753073711 -0.000185838115032942 0.000166377473204992 -1.05516804667066e-05 -9.37766609618474e-05
"PNSAPET" 0.000838131232733229 0.00066326699188372 -0.000286208362168789 0.00224611740102008 0.000652150326826101 0.00083289563751923 0.000450384246585496 0.00284869199341652 0.000591087355948137 0.000153010755141648 8.77717691664415e-05 1.77410890981056e-05 -0.000154654993933513 8.28130968591479e-05 0.00336901526486327 0.000829436021633436 0.000366000599675512 4.67957208564707e-05 0.000542830481474626 -0.00812705963030306 -0.00176452638357208 0.00101068118032311 -0.00157656965860139 0.000925516357434063 0.00210995520609853 0.000131342042877921 0.00164474946310152 0.00451590155201647 6.12994779285001e-05 0.000907494782169154 0.000827939387620859 0.000908579439274047 0.00119859279048055 -0.000895158846678039 0.000143001953905025 -0.000184709803025642 -0.000537878399190062 -9.78180511974367e-05 -0.000425345756628351
"APETBA" 0.000317659391505923 0.000446852346880533 0.000137675410922234 0.000762558434961878 0.000563198775818743 6.35442824818947e-05 0.000869562819370914 0.000512135559285734 -5.46461390702492e-06 0.000127911684960827 5.78729383216309e-05 0.000252916819891337 -0.000493882360860144 -0.000251486133478583 0.00139628455360402 0.000332802425222509 0.000593194198635624 1.38291210677103e-05 -4.51683995994655e-05 6.27969950185444e-05 0.000343855102700663 0.000328207912488681 -0.000776138180039692 -6.01612523980654e-05 -0.000221499528145876 0.000463963076075882 0.00033556805119334 6.12994779285001e-05 0.00198439545227998 0.000937827141072535 0.000867862461919676 0.000575712484059077 -0.000111699000050544 -0.000252750015149878 0.00019479845533004 -0.000645213762193369 0.000223574218284647 7.57320927460713e-05 0.000596076755543519
"APETTS" 0.000674914029570915 7.99213311060313e-05 0.000194542893621881 0.000137006624874649 -0.00017010800909467 4.09073766230628e-05 -0.00117246065750977 0.000871085637152996 -2.79139263982697e-05 0.000993871684347415 0.000263901229102524 0.000161551664080134 7.92776001767338e-05 0.000157775884599132 0.00270289233209784 0.000889875578606648 0.000504546946898358 0.000258216567614342 0.00022417057325991 -0.00393619030834198 -0.000232402803418888 0.000191555231953332 -0.0013472130528484 0.00036091066420143 0.0014067818434198 0.000910266511479283 0.000251966863036797 0.000907494782169154 0.000937827141072535 0.00428963493378275 0.000956384673387025 0.000920306937958604 0.000522369872961656 0.000502155415439508 0.00110013609761935 -0.000947615281281655 -4.33526718761735e-05 -0.000831609804184887 0.000983909726297005
"BAEAM" 0.000231263340017377 0.000988381101545507 0.000262831906238501 0.00149770753368866 0.00081639428073473 0.000351185895440226 7.95696585458041e-05 0.00162142134328227 0.000431616144952944 0.000517488841755137 0.000125485021342634 0.00029118682867629 0.000245174006150066 0.00012496382390023 0.00166456541055384 -0.000154658077103792 9.84145804102579e-05 -0.000312627172578822 -0.00028853977180021 -0.00249169235687258 -0.000714995439692456 0.000384017315423441 -0.0013510308126904 0.000493890400688138 0.000682988040761027 6.84496769293917e-05 0.000904840134576669 0.000827939387620859 0.000867862461919676 0.000956384673387025 0.0019291499006436 0.000698336536202928 -8.75844904707062e-05 -0.000353791195376976 0.00041552605277168 -0.00026729635298703 0.00015589047697407 0.000777300609125907 0.000402260492004847
"EAMZYGO" 0.000562096640105207 0.000548715307119843 0.000477421620290576 0.000404571707325255 -3.10901844518433e-05 0.000568562735298595 -0.00122186825976192 0.000749528370682415 0.000403600008560889 0.00116637810925243 0.00019060810437917 0.000330319242599387 0.000475687821790419 0.000377750546874519 0.00155012488058266 0.000655421031563808 0.000637826888628771 0.000572184653487543 0.000432761152837403 -0.00270945172199456 6.31525408134396e-05 0.000551724496612409 -0.000533786876121838 0.00156732754097536 -9.75273473203885e-05 0.00105715982004645 0.000685673174993941 0.000908579439274047 0.000575712484059077 0.000920306937958604 0.000698336536202928 0.0031951762986941 0.00110365552356594 0.000386388362320493 0.000402628517564144 -0.000526349527624579 0.000194742378456519 -0.000612186009916628 0.000943707596263086
"ZYGOTSP" -0.000723960986973322 0.000681045435263579 0.000200731934285639 0.0007169533466135 0.000106477991175515 -0.000100372621789027 -0.00027276427357 9.3572420800459e-05 0.000493763541539311 0.000108038389617994 2.99249199729558e-05 0.000383158144127555 -0.000691122194982582 -6.84896873366088e-05 0.000670364785437271 0.0012498756734364 0.000706171261651179 0.0011745126836771 0.00288953271955214 -0.00764490989088881 -0.000595064883668584 5.76625605447703e-05 0.0014244960981151 0.000355337509451656 0.000607820014796256 0.00201810361326849 6.10937393688005e-05 0.00119859279048055 -0.000111699000050544 0.000522369872961656 -8.75844904707062e-05 0.00110365552356594 0.00521364016233091 0.0010137173343884 -0.00120326699378702 -2.99197297123774e-05 -0.000436837533089887 -0.00154818596596382 0.000860353347736713
"LDAS" 0.000167148248120735 0.000363423656616281 0.00094957237035909 3.69714869956641e-05 0.000202093645730851 0.000490872004545816 0.00172787937421948 -0.000767586850934156 0.000551630374511826 -5.14782002558726e-05 -0.000118366882018453 0.000850114555861583 0.000166597725417107 0.000134864538946178 -0.000888393984379187 0.000909291545411186 0.000580079732636469 0.000960097349547537 0.00128797102554084 0.00760473183679342 0.000239336381499835 5.55185100108153e-05 0.00197364778042833 0.000700896976235002 -0.000440851641758966 0.00127222407949076 -0.000587864860607254 -0.000895158846678039 -0.000252750015149878 0.000502155415439508 -0.000353791195376976 0.000386388362320493 0.0010137173343884 0.00319322589213576 -9.65090871761331e-05 0.00128887194868865 -9.54234173535681e-05 -0.00208416130494793 0.000713356597945413
"BRLD" 0.00029459861271117 -2.18186788389874e-05 0.000646028397987137 -0.000387041232589184 0.000317235696619639 0.000389256080479551 -0.0019100487526135 -0.000204526185924935 0.000348474072965845 0.000356400939820777 0.000696235825329907 0.000342544854445993 0.00102713010358654 0.00103819676286142 3.04141568088062e-05 0.000732458685364718 0.000837605695904048 0.000948303050617232 0.000136339150925108 0.00366941599407416 0.000840983697595623 0.000564405396040932 0.00119336607381624 -4.3780042359075e-05 0.000705888866094428 -0.000800574868310159 0.000656660753073711 0.000143001953905025 0.00019479845533004 0.00110013609761935 0.00041552605277168 0.000402628517564144 -0.00120326699378702 -9.65090871761331e-05 0.00546830179920041 -0.000786183941942438 0.000821545987123181 0.000321561860184184 -0.000430457404516863
"OPILD" 0.000348740704366033 -1.42590644237998e-05 0.000462010543804203 0.000190179538427004 9.04867275441007e-05 0.000317440746873262 0.0028339125589737 -0.000511524157223021 0.000287479873957444 -0.000538970537051179 -0.000177420508911156 0.000417951238086756 0.000332149109772919 0.000196524496845504 -0.000875988992663726 0.000211824018001214 -4.58662731514568e-05 9.9862771814429e-05 0.000499492118084226 0.00408481746154947 0.000232022259925213 0.000233646649798533 0.00140746203129296 0.000223375240509614 0.000345108049402194 0.000286261994850505 -0.000185838115032942 -0.000184709803025642 -0.000645213762193369 -0.000947615281281655 -0.00026729635298703 -0.000526349527624579 -2.99197297123774e-05 0.00128887194868865 -0.000786183941942438 0.00190693279975393 -0.000244691677601432 -0.000582850706504859 -0.00122549955073999
"PTAS" 0.000250789828716051 0.000462963217353479 0.000248068726484108 -2.66491355521754e-05 8.33611495134853e-05 0.00020129072568771 -0.000717800567952021 -0.000401397030799426 8.34200607398268e-07 0.00056631806920932 8.90356390059006e-05 -0.000102576760802903 0.000484360585433057 0.00032595994559751 -0.00109617223476457 0.000234594593006567 0.000366419074381238 0.00083386617213016 0.000110452931613978 0.00407455109138302 0.00050523582899438 -1.62888466415659e-05 0.000422200489725796 -4.15911189552201e-05 -0.000490367802612853 -1.81631644960503e-06 0.000166377473204992 -0.000537878399190062 0.000223574218284647 -4.33526718761735e-05 0.00015589047697407 0.000194742378456519 -0.000436837533089887 -9.54234173535681e-05 0.000821545987123181 -0.000244691677601432 0.0010629853483293 0.000893554006287936 0.000626117172534229
"JPAS" -2.63468579740422e-05 0.000368399617343034 -0.000297574314377281 0.000320506724287977 0.000198015164128525 0.000182947840124633 -0.000355140987360006 0.000667887933854682 -0.000367158714686654 0.000197301666048573 -7.56431824984351e-05 -0.000578966234110446 0.000495054860489149 0.000135175440101317 9.63784217662941e-05 -0.000680142871172092 -0.000611270195939481 -0.000770742078500573 -0.00141743282463434 -0.00398084263263006 -0.000515360793844292 -0.000282183471724815 -0.00176237642241661 -0.00014117353614389 -0.000226855509365314 -0.0012391753524916 -1.05516804667066e-05 -9.78180511974367e-05 7.57320927460713e-05 -0.000831609804184887 0.000777300609125907 -0.000612186009916628 -0.00154818596596382 -0.00208416130494793 0.000321561860184184 -0.000582850706504859 0.000893554006287936 0.00435756611651318 7.93175633386423e-05
"BAOPI" -0.000487509370611537 0.000451638373720746 0.000110916393690266 -0.000538090015725565 -9.11279121165704e-05 0.000250025759393663 -0.00351354734875435 -0.000550400126464956 -0.0003105921430389 0.00103678143196827 0.000120133260041891 -0.000408509734508702 -0.000476555218665686 -0.000220836744291753 0.000284270823754505 0.000494169111274498 0.000511813132885555 0.000748940615504427 0.000458366263020963 0.00159851229049047 0.000346615755741653 -0.000387579188389095 -0.000673834146363392 0.000536800447952317 -0.000604208031416214 0.000935586001908591 -9.37766609618474e-05 -0.000425345756628351 0.000596076755543519 0.000983909726297005 0.000402260492004847 0.000943707596263086 0.000860353347736713 0.000713356597945413 -0.000430457404516863 -0.00122549955073999 0.000626117172534229 7.93175633386423e-05 0.00434395888425581
