"" "ISPM" "ISNSL" "ISPNS" "PMZS" "PMZI" "PMMT" "NSLNA" "NSLZS" "NSLZI" "NABR" "NAFM" "NAPNS" "BRPT" "BRAPET" "PTFM" "PTAPET" "PTBA" "PTEAM" "PTZYGO" "PTTSP" "FMZS" "FMMT" "ZSZI" "ZIMT" "ZIZYGO" "ZITSP" "MTPNS" "PNSAPET" "APETBA" "APETTS" "BAEAM" "EAMZYGO" "ZYGOTSP" "LDAS" "BRLD" "OPILD" "PTAS" "JPAS" "BAOPI"
"ISPM" 0.00432887997569956 0.0023446687525822 0.00167118839430704 0.00257313143404982 0.00180698574356363 0.00179365712840221 0.00518789840972363 0.0019911293761246 0.00121863053728011 0.000498165319888411 0.000461760289293119 0.00202956517910774 0.000967458781601035 0.00131346631013636 0.00105068771847839 0.000998481204531764 0.00148912934192905 0.00139778878302491 0.00113354348690849 0.00246375697436073 0.000115694157600937 0.00160141283000344 0.000295981546278386 0.00116979602983548 0.00094453265210315 0.000856932614404175 0.000940330050993953 0.00337258112947854 0.00132098777475418 0.000223658402678829 0.00148346658358932 0.00113223970091036 0.00111623025685177 0.000342828364583338 0.00078772886926826 0.00119231357362888 0.00155174520560903 0.00147451121980397 0.00104052405806735
"ISNSL" 0.0023446687525822 0.00519342624921731 0.00159276300183719 0.00381968491118098 0.00260761071641507 0.00144497874901559 0.00280193196729252 0.0012009772455877 0.00147563635160751 0.000624131949408531 0.000999790760252079 0.00161961590550717 0.000496413514802376 0.000753244245962157 0.00242550655873359 0.000528936727698485 0.000361551398588163 0.000338889624296995 0.0015393428901441 0.00160692992595783 0.00121074800213962 0.00184311650458515 0.000971718822254478 0.000328896553304236 0.00104310468523027 0.00124915069764023 0.00173045580048569 0.00425527453687249 0.000126213240186523 0.000729102861275437 0.00130771946846591 0.0014676141545403 0.00165630146276095 -0.000111240389063416 0.000781232891970954 -1.69246441606262e-05 0.000895133281563384 0.00136979974444131 0.000400116628824382
"ISPNS" 0.00167118839430704 0.00159276300183719 0.00366504873501649 0.00285310811441467 0.0018738255010091 0.00128038864831486 0.00291802770647095 0.0020235614711197 0.000934378360049093 0.000607489621970597 0.000766176888487442 0.00163122066459445 0.000484434816302335 0.00162988025788981 0.00199193145669651 0.000899835840360354 0.000991737450532906 0.000415587955048396 0.00164794468869904 0.00131949897896523 0.00060187402222576 0.00163035030623447 0.000790684791564652 0.000334892534388915 0.00122162608677768 0.00223867065202785 0.00224304067221459 6.93381369327556e-05 0.00145604361099439 -0.000536390382265239 0.00164638010986057 0.00104190939850437 0.00212378077988731 0.00089922050423495 0.00131462732445036 0.000879537411034916 0.000660025455920974 0.00098142465316204 0.00116729930476068
"PMZS" 0.00257313143404982 0.00381968491118098 0.00285310811441467 0.00610196933726293 0.00384466555163587 0.00186400407880523 0.00623846727413218 0.00355923044660181 0.00217406851109467 0.000554007489780256 0.00133981425898447 0.0021654111325582 -3.43453410650681e-05 0.00144885890177909 0.002947115373154 0.00171551318065454 0.00149509408375945 0.00190922867611477 0.00308276965054918 0.00444922788610711 -0.000251753062814937 0.0025079040009022 0.00227419245473189 7.17376888564136e-05 0.0016274220036305 0.00263588564196065 0.00319995689164891 0.00416210303797704 0.00174155595561824 0.00140192046663609 0.0021792081095488 0.0019878198179962 0.00293688639477772 0.00033699229413159 0.00163949464334767 0.000885076166284646 0.00163914030867238 0.00191397716973664 0.00104393437343719
"PMZI" 0.00180698574356363 0.00260761071641507 0.0018738255010091 0.00384466555163587 0.00381517356086207 0.00160219284310213 0.0051362042231807 0.00195917999020088 0.00201935149221258 -8.20231809133912e-05 0.00108703370403029 0.00176024791685758 -0.000441909348258513 0.000569866196188968 0.00147396150794935 0.00151166698748456 0.00101708165214844 0.00136581191293303 0.00227009278227662 0.00444236231441669 0.000837492097385626 0.00160749299001237 0.00219217313953637 -0.000292291393055795 0.000327871137053132 0.00152280687143645 0.00183699692323472 0.0036595649882944 0.000357980282730621 0.000493355689224263 0.00099296489254802 0.00108765197332901 0.00196514515749425 0.000121059199835769 0.00121338503085144 0.0003155799705172 0.000858073648496566 0.00101383549980277 0.000489482622070636
"PMMT" 0.00179365712840221 0.00144497874901559 0.00128038864831486 0.00186400407880523 0.00160219284310213 0.00192095997863254 0.00218818132002076 0.00156441788436487 0.00129603242005342 0.0007140839263638 0.000846400390260576 0.00137404451102891 0.000995207014467583 0.0011131155490942 0.00119919185982224 0.00053473157154524 0.000894446290284996 0.000564722545448745 0.000745044610070859 0.00288863169474528 0.000556734997747899 0.00126506881517316 0.000861608368107078 0.00206142557188696 0.000964601163783244 0.00117236303153546 0.000719894840538814 0.00221557639164687 0.00139118808221235 0.000386149019386119 0.00131440476023493 0.00148018365956239 0.000723356271983411 0.000725536140066026 0.000706583862390656 0.000959605431134614 0.00105272442730422 0.00143048672401656 0.000823673696852274
"NSLNA" 0.00518789840972363 0.00280193196729252 0.00291802770647095 0.00623846727413218 0.0051362042231807 0.00218818132002076 0.0210082491399396 0.00348953842012064 0.00293702159359328 -0.00105700926790075 -0.00022175018238544 0.00416674136063194 -0.000681969596900219 0.00134913462852921 0.000459195198630426 0.00292512396382822 0.00311308948181177 0.00409091638467793 0.00406211864466073 0.00357703212151359 0.000576689485528872 0.00199164516943485 0.00364254776395644 -0.000133121006644196 0.000791962421783565 0.00332364838100285 0.00299307251694093 0.00555802909925963 0.00319821080407872 0.000576046111524615 0.00200857945914196 0.001225383302687 0.00388526439874499 0.000140298389355593 0.0010146872289319 0.00150171278858474 0.00258334842335878 0.0013843047498413 0.000824421653560495
"NSLZS" 0.0019911293761246 0.0012009772455877 0.0020235614711197 0.00355923044660181 0.00195917999020088 0.00156441788436487 0.00348953842012064 0.0054998863953568 0.00215082327513933 0.000400704638232855 0.00182602266870884 0.00186372654928128 0.000911012623464561 0.00185522442089441 0.00202574631880198 0.00209127504598775 0.00203479418259118 0.00171635001797328 0.00206487457568804 0.00565536565445336 -0.00203267098511724 0.00183500772088207 0.00065508163724416 0.00147724846063932 0.00140849001318775 0.00206953957895675 0.00260929814539551 0.00202366920615883 0.00216810474348267 0.00134496691265728 0.00248501111734618 0.00241364864667884 0.00200948027449647 0.00152735090024406 0.00246945896183009 0.00135793662174105 0.0015397013615685 0.0023718259373707 0.00124630640605842
"NSLZI" 0.00121863053728011 0.00147563635160751 0.000934378360049093 0.00217406851109467 0.00201935149221258 0.00129603242005342 0.00293702159359328 0.00215082327513933 0.00232791661220612 0.000469161391215196 0.00125563373016026 0.0015300165730158 0.000641824990933449 0.00100916760659601 0.00111117714717724 0.00105770243077014 0.00114990050026374 0.00130158149542123 0.00162923800303925 0.00456853034699815 0.000194025531326607 0.00127849165696708 0.00266059782472817 0.00134847977284203 0.00063305276051868 0.00134837090352359 0.0013626735781918 0.0021834571475106 0.00155916547816683 0.000632042127906855 0.00131933035965403 0.00126707150423319 0.00127121649963688 0.000802054704914341 0.00132185541656529 0.000487740637988955 0.00128827749680499 0.001328619518542 0.000861975109299838
"NABR" 0.000498165319888411 0.000624131949408531 0.000607489621970597 0.000554007489780256 -8.20231809133912e-05 0.0007140839263638 -0.00105700926790075 0.000400704638232855 0.000469161391215196 0.0023302705831265 0.000744886867774102 0.000396910254358801 0.00199111998649136 0.00158738427245187 0.00155653049647251 0.000121955989000317 0.000685611504366875 0.000280107720170518 0.000415757869386968 0.00321120604391802 0.000395661956357842 0.000721151753297431 0.000864129726392311 0.00129166932547865 0.00087312694204833 0.00127658932466912 0.000600041863772478 0.000375763144887162 0.00194583381186356 0.000227769316084084 0.00136293461937329 0.0011701888273143 0.000221135220326422 0.00109853151501843 4.63257476362144e-05 0.000648480183907844 0.0007435202780979 0.00088150570675879 0.00118085722480225
"NAFM" 0.000461760289293119 0.000999790760252079 0.000766176888487442 0.00133981425898447 0.00108703370403029 0.000846400390260576 -0.00022175018238544 0.00182602266870884 0.00125563373016026 0.000744886867774102 0.00171396718788601 0.000805069332099483 0.000763953223520363 0.000755852459438578 0.0013886220197267 0.000656250341493865 0.000648523677184784 0.0005335147257472 0.00098509342177156 0.00272972402188953 -0.000146774108143495 0.000938210524577909 0.00113363984661906 0.000813687592321099 0.00106028037230241 0.000985637400715822 0.00135317496878369 0.00205098933196788 0.000592299624293138 0.000558278481927584 0.00129598451688604 0.00133226814990957 0.000912331963958692 0.00104222883337885 0.00148892134741402 0.000664473613902606 0.000813784352450815 0.000948491561852717 0.000492762276584551
"NAPNS" 0.00202956517910774 0.00161961590550717 0.00163122066459445 0.0021654111325582 0.00176024791685758 0.00137404451102891 0.00416674136063194 0.00186372654928128 0.0015300165730158 0.000396910254358801 0.000805069332099483 0.00272111498334221 0.00097409750801848 0.00131972629686869 0.00121551567243045 0.000929250508815695 0.00121575451374193 0.00103906929276499 0.000949283714162482 0.0010060790437361 0.000511277012745406 0.00164525586339823 0.00126546439921908 0.00076848801024944 0.00130339249441443 0.00118220933976164 0.00184642333262079 0.00207814467425061 0.00141558724843716 0.000138978577048418 0.00157130515561261 0.00113574028453894 0.0011299672753412 0.000559153350473853 0.000973636490110225 0.000510086345517912 0.00101874110048294 0.00155605371854593 0.000861919110031303
"BRPT" 0.000967458781601035 0.000496413514802376 0.000484434816302335 -3.43453410650681e-05 -0.000441909348258513 0.000995207014467583 -0.000681969596900219 0.000911012623464561 0.000641824990933449 0.00199111998649136 0.000763953223520363 0.00097409750801848 0.00328661790831248 0.00198570152185417 0.00108925826796861 -0.000645977439033356 0.00044403854227924 -0.000820030296764704 -0.0016008215983953 -0.00243816313746576 0.000319650672844666 0.000549890658000168 -6.26552713922332e-05 0.00184893084657255 0.000879241687849379 0.000608515027919035 0.000547480017341887 0.000588279870802634 0.00174753990281794 -0.0001217561104118 0.00139902458776021 0.00142703004542224 -0.000556318884013112 0.00173746112276411 0.00105175949386897 0.000884750390988488 0.000776145834640814 0.000990277233617965 0.001537963280878
"BRAPET" 0.00131346631013636 0.000753244245962157 0.00162988025788981 0.00144885890177909 0.000569866196188968 0.0011131155490942 0.00134913462852921 0.00185522442089441 0.00100916760659601 0.00158738427245187 0.000755852459438578 0.00131972629686869 0.00198570152185417 0.00264325254330717 0.00193354265436153 0.000696286654857443 0.00116867675215172 0.000632525820860669 0.000922993080057767 0.00279855107438762 -0.000724263563282997 0.00113048276295328 0.00127618006266265 0.00160373331911779 0.0012033919480455 0.0018149122949182 0.00124849436151258 -0.000272812445861957 0.00275008373932119 -0.000352886361516338 0.00172421223321979 0.00156974645900341 0.00102441097423389 0.00143341019805915 0.00130191349162225 0.00116366554095095 0.00106016800142452 0.00137625369023272 0.00165342697762292
"PTFM" 0.00105068771847839 0.00242550655873359 0.00199193145669651 0.002947115373154 0.00147396150794935 0.00119919185982224 0.000459195198630426 0.00202574631880198 0.00111117714717724 0.00155653049647251 0.0013886220197267 0.00121551567243045 0.00108925826796861 0.00193354265436153 0.00600790309349984 0.000707447131782356 0.000358113953157155 -0.000755033514786706 0.00181263139471565 0.00146774540095246 0.000616636296581406 0.00238459495209326 0.00194490694845398 0.000712856834233913 0.00123761451829659 0.00320702924620205 0.0023520200050805 0.00310847055333838 0.00106571364573501 -0.000268469996341119 0.00210799115072745 0.00388894129595646 0.00286399981786763 0.00176778759612008 0.00209563717937356 0.00134582871569858 0.000574910810035847 0.00118751650349255 0.00139821324639963
"PTAPET" 0.000998481204531764 0.000528936727698485 0.000899835840360354 0.00171551318065454 0.00151166698748456 0.00053473157154524 0.00292512396382822 0.00209127504598775 0.00105770243077014 0.000121955989000317 0.000656250341493865 0.000929250508815695 -0.000645977439033356 0.000696286654857443 0.000707447131782356 0.00394255294109114 0.00218538049319966 0.00320181468560827 0.0031941711102696 0.0102091443745478 -0.000712175108795037 0.000928039887708926 0.000779290250997515 0.000332748299026934 0.000919953173114383 0.000994845311313513 0.00116326005030881 0.000952346393055903 -0.000522624131972351 0.000692025590152922 0.000384584381988249 -9.12291011424289e-05 0.000944279728744832 0.000179647275063328 0.000319958125321519 0.000388580780885881 0.000666265149268398 0.000514098422396068 0.000905132988779875
"PTBA" 0.00148912934192905 0.000361551398588163 0.000991737450532906 0.00149509408375945 0.00101708165214844 0.000894446290284996 0.00311308948181177 0.00203479418259118 0.00114990050026374 0.000685611504366875 0.000648523677184784 0.00121575451374193 0.00044403854227924 0.00116867675215172 0.000358113953157155 0.00218538049319966 0.00233720751400641 0.00273789512176388 0.00233910619950769 0.00787215952356747 -0.000578069044219235 0.001034841875506 0.00127697836468599 0.00102319443126412 0.00123889002621353 0.00132766671092463 0.00120753596501041 0.00095473685441145 0.00230594011004715 0.00049391650771398 0.00133497800006758 0.000334814144475029 0.00115598163677075 0.000800180932892471 0.000703844031397672 0.000787672294751007 0.00142039943869169 0.00123861977758283 0.00111913685182049
"PTEAM" 0.00139778878302491 0.000338889624296995 0.000415587955048396 0.00190922867611477 0.00136581191293303 0.000564722545448745 0.00409091638467793 0.00171635001797328 0.00130158149542123 0.000280107720170518 0.0005335147257472 0.00103906929276499 -0.000820030296764704 0.000632525820860669 -0.000755033514786706 0.00320181468560827 0.00273789512176388 0.00603200522711126 0.00460193863567305 0.0157682684288216 -0.00165172564913354 0.000864164097521117 0.00217386065611629 0.000771930103638401 0.00184192181080593 0.00118879432392331 0.000775172551889847 0.00160269358176129 0.00148386516935109 0.00161846074672589 0.000296215360959578 -5.27056930746127e-06 0.00159955524492721 -7.7526666026817e-05 0.00021392670841974 0.000806466913645612 0.00241341002300503 0.00111394487962269 0.000925272922425324
"PTZYGO" 0.00113354348690849 0.0015393428901441 0.00164794468869904 0.00308276965054918 0.00227009278227662 0.000745044610070859 0.00406211864466073 0.00206487457568804 0.00162923800303925 0.000415757869386968 0.00098509342177156 0.000949283714162482 -0.0016008215983953 0.000922993080057767 0.00181263139471565 0.0031941711102696 0.00233910619950769 0.00460193863567305 0.00669729917888711 0.017917843948902 -0.000916839676791206 0.0016614155241856 0.00345533931474066 0.000518979007527934 0.001049242277605 0.00289824953554245 0.00189664506153883 0.00176774233076732 0.00201072955967096 0.0012904431886602 0.00129911064521572 0.00176520788829297 0.00378644351747714 0.000180163803164725 0.000687799658480789 0.000875252695931012 0.00186708731319832 0.00121836533666953 0.00039228364060782
"PTTSP" 0.00246375697436073 0.00160692992595783 0.00131949897896523 0.00444922788610711 0.00444236231441669 0.00288863169474528 0.00357703212151359 0.00565536565445336 0.00456853034699815 0.00321120604391802 0.00272972402188953 0.0010060790437361 -0.00243816313746576 0.00279855107438762 0.00146774540095246 0.0102091443745478 0.00787215952356747 0.0157682684288216 0.017917843948902 0.117654422217214 -0.00381604238476253 0.0024500916183711 0.00660278497157407 0.00372874749569124 -0.000722038861416324 0.00699468845397839 -0.00144458715039283 0.00195534195749665 0.00662069245226431 0.00287209540458026 0.00192305760832944 0.00426480796582399 0.00269997487608612 -0.000132537826929984 -0.0011257670401504 0.000487789675034422 0.00570822166208347 0.00344258791419759 -0.00042320181974114
"FMZS" 0.000115694157600937 0.00121074800213962 0.00060187402222576 -0.000251753062814937 0.000837492097385626 0.000556734997747899 0.000576689485528872 -0.00203267098511724 0.000194025531326607 0.000395661956357842 -0.000146774108143495 0.000511277012745406 0.000319650672844666 -0.000724263563282997 0.000616636296581406 -0.000712175108795037 -0.000578069044219235 -0.00165172564913354 -0.000916839676791206 -0.00381604238476253 0.00603387396463519 0.00111889398062607 1.64174247042544e-05 -0.000670182734780856 -2.91482440911085e-05 0.000618723664102594 -6.31120056310787e-05 0.00185319360592971 -0.000632667554449406 -0.000957755294016865 -0.000400872765356654 -0.000451102510509588 -5.84938940914298e-05 0.00101063912321584 -0.000642320021068679 -0.000278993879659033 -0.000646536851175189 -0.000913398073248154 0.000566648785110668
"FMMT" 0.00160141283000344 0.00184311650458515 0.00163035030623447 0.0025079040009022 0.00160749299001237 0.00126506881517316 0.00199164516943485 0.00183500772088207 0.00127849165696708 0.000721151753297431 0.000938210524577909 0.00164525586339823 0.000549890658000168 0.00113048276295328 0.00238459495209326 0.000928039887708926 0.001034841875506 0.000864164097521117 0.0016614155241856 0.0024500916183711 0.00111889398062607 0.00238155302083046 0.00145947127125268 0.00110202207618528 0.00136694491742386 0.00174498955260937 0.00198127705976433 0.00266500306570531 0.00139196634014188 0.00052905870696288 0.00144352741539662 0.00202284727629962 0.0017261588540176 0.000876508006089601 0.0010151451431263 0.000889990691646645 0.00100387388528396 0.00129114623553088 0.000834898884617715
"ZSZI" 0.000295981546278386 0.000971718822254478 0.000790684791564652 0.00227419245473189 0.00219217313953637 0.000861608368107078 0.00364254776395644 0.00065508163724416 0.00266059782472817 0.000864129726392311 0.00113363984661906 0.00126546439921908 -6.26552713922332e-05 0.00127618006266265 0.00194490694845398 0.000779290250997515 0.00127697836468599 0.00217386065611629 0.00345533931474066 0.00660278497157407 1.64174247042544e-05 0.00145947127125268 0.00706194027908093 0.000717101779868463 0.000221484678119507 0.00224653037805854 0.00140115521402206 0.00178087331460132 0.00330970198868048 -0.00010479770208303 0.00149349608477673 0.00153432880854493 0.00252829669907486 0.000566389652244773 0.00151489059947764 0.000353832987370685 0.00185205466947065 0.00092486496943069 0.000888762355906844
"ZIMT" 0.00116979602983548 0.000328896553304236 0.000334892534388915 7.17376888564136e-05 -0.000292291393055795 0.00206142557188696 -0.000133121006644196 0.00147724846063932 0.00134847977284203 0.00129166932547865 0.000813687592321099 0.00076848801024944 0.00184893084657255 0.00160373331911779 0.000712856834233913 0.000332748299026934 0.00102319443126412 0.000771930103638401 0.000518979007527934 0.00372874749569124 -0.000670182734780856 0.00110202207618528 0.000717101779868463 0.00717332630835346 0.00209973657507572 0.0011703543703998 -0.000108598773541716 0.00085625740017627 0.00236861289901731 0.00157139288760404 0.00128254825938828 0.00238798859725365 5.32368708032976e-05 0.000968056910159728 0.000152656523046375 0.00191979822528008 0.00161227393872008 0.00193445258006606 0.000305081527240882
"ZIZYGO" 0.00094453265210315 0.00104310468523027 0.00122162608677768 0.0016274220036305 0.000327871137053132 0.000964601163783244 0.000791962421783565 0.00140849001318775 0.00063305276051868 0.00087312694204833 0.00106028037230241 0.00130339249441443 0.000879241687849379 0.0012033919480455 0.00123761451829659 0.000919953173114383 0.00123889002621353 0.00184192181080593 0.001049242277605 -0.000722038861416324 -2.91482440911085e-05 0.00136694491742386 0.000221484678119507 0.00209973657507572 0.00473996413640911 0.00158629112908592 0.00177480530798999 0.00234279076435521 0.0015286962026491 0.00119133253698646 0.00129945873961522 -8.86276272821159e-05 0.0010753992238963 0.00141499580142508 0.000860699138950074 0.00162064660685017 0.00163756802487148 0.00125234370971614 0.00208940288711333
"ZITSP" 0.000856932614404175 0.00124915069764023 0.00223867065202785 0.00263588564196065 0.00152280687143645 0.00117236303153546 0.00332364838100285 0.00206953957895675 0.00134837090352359 0.00127658932466912 0.000985637400715822 0.00118220933976164 0.000608515027919035 0.0018149122949182 0.00320702924620205 0.000994845311313513 0.00132766671092463 0.00118879432392331 0.00289824953554245 0.00699468845397839 0.000618723664102594 0.00174498955260937 0.00224653037805854 0.0011703543703998 0.00158629112908592 0.00397060706326836 0.00230719842677577 0.0015573542475542 0.00296732377196122 -5.19306498999612e-05 0.00196337326179135 0.00242285552582305 0.00315933793207944 0.00186913298566896 0.00143837192094263 0.00124088957304264 0.00115820588223941 0.0010107838462793 0.00122884487433555
"MTPNS" 0.000940330050993953 0.00173045580048569 0.00224304067221459 0.00319995689164891 0.00183699692323472 0.000719894840538814 0.00299307251694093 0.00260929814539551 0.0013626735781918 0.000600041863772478 0.00135317496878369 0.00184642333262079 0.000547480017341887 0.00124849436151258 0.0023520200050805 0.00116326005030881 0.00120753596501041 0.000775172551889847 0.00189664506153883 -0.00144458715039283 -6.31120056310787e-05 0.00198127705976433 0.00140115521402206 -0.000108598773541716 0.00177480530798999 0.00230719842677577 0.00464082158632026 0.00266199439471942 0.00139370171910646 0.000636724170743534 0.00190158493711942 0.00199642446773429 0.0027458294409418 0.00160255498586853 0.00111555547256475 0.000908064889602245 0.000553219060115706 0.00100025331458562 0.00031067746119322
"PNSAPET" 0.00337258112947854 0.00425527453687249 6.93381369327556e-05 0.00416210303797704 0.0036595649882944 0.00221557639164687 0.00555802909925963 0.00202366920615883 0.0021834571475106 0.000375763144887162 0.00205098933196788 0.00207814467425061 0.000588279870802634 -0.000272812445861957 0.00310847055333838 0.000952346393055903 0.00095473685441145 0.00160269358176129 0.00176774233076732 0.00195534195749665 0.00185319360592971 0.00266500306570531 0.00178087331460132 0.00085625740017627 0.00234279076435521 0.0015573542475542 0.00266199439471942 0.0127855190499321 -0.00170525553619133 0.00247451271814591 0.00120907057287069 0.00366752417518168 0.00238698963859251 0.00113328642550546 0.00186616187276847 0.00201644117288405 0.00220064793873663 0.00121845882575518 0.000955872420261376
"APETBA" 0.00132098777475418 0.000126213240186523 0.00145604361099439 0.00174155595561824 0.000357980282730621 0.00139118808221235 0.00319821080407872 0.00216810474348267 0.00155916547816683 0.00194583381186356 0.000592299624293138 0.00141558724843716 0.00174753990281794 0.00275008373932119 0.00106571364573501 -0.000522624131972351 0.00230594011004715 0.00148386516935109 0.00201072955967096 0.00662069245226431 -0.000632667554449406 0.00139196634014188 0.00330970198868048 0.00236861289901731 0.0015286962026491 0.00296732377196122 0.00139370171910646 -0.00170525553619133 0.0089394274640417 -0.000392534606814544 0.00335094009286139 0.00141776749280695 0.00208874223757451 0.00192328517722943 0.000914951004625277 0.00129523345496289 0.00225034545003972 0.00287655275021609 0.00144260783723473
"APETTS" 0.000223658402678829 0.000729102861275437 -0.000536390382265239 0.00140192046663609 0.000493355689224263 0.000386149019386119 0.000576046111524615 0.00134496691265728 0.000632042127906855 0.000227769316084084 0.000558278481927584 0.000138978577048418 -0.0001217561104118 -0.000352886361516338 -0.000268469996341119 0.000692025590152922 0.00049391650771398 0.00161846074672589 0.0012904431886602 0.00287209540458026 -0.000957755294016865 0.00052905870696288 -0.00010479770208303 0.00157139288760404 0.00119133253698646 -5.19306498999612e-05 0.000636724170743534 0.00247451271814591 -0.000392534606814544 0.00463471246490534 0.000499699935701366 0.00167221220121074 0.00043868265721632 -0.000160608787738848 -0.000324523679918057 0.000991925347114854 0.00113318873568143 0.000621730322536415 -0.000232765181357641
"BAEAM" 0.00148346658358932 0.00130771946846591 0.00164638010986057 0.0021792081095488 0.00099296489254802 0.00131440476023493 0.00200857945914196 0.00248501111734618 0.00131933035965403 0.00136293461937329 0.00129598451688604 0.00157130515561261 0.00139902458776021 0.00172421223321979 0.00210799115072745 0.000384584381988249 0.00133497800006758 0.000296215360959578 0.00129911064521572 0.00192305760832944 -0.000400872765356654 0.00144352741539662 0.00149349608477673 0.00128254825938828 0.00129945873961522 0.00196337326179135 0.00190158493711942 0.00120907057287069 0.00335094009286139 0.000499699935701366 0.00294620302087517 0.00201391928020853 0.00172375178304806 0.0012653266457738 0.00100616832953654 0.00139130479254381 0.00132204052935474 0.0019427952562239 0.000755720041212007
"EAMZYGO" 0.00113223970091036 0.0014676141545403 0.00104190939850437 0.0019878198179962 0.00108765197332901 0.00148018365956239 0.001225383302687 0.00241364864667884 0.00126707150423319 0.0011701888273143 0.00133226814990957 0.00113574028453894 0.00142703004542224 0.00156974645900341 0.00388894129595646 -9.12291011424289e-05 0.000334814144475029 -5.27056930746127e-06 0.00176520788829297 0.00426480796582399 -0.000451102510509588 0.00202284727629962 0.00153432880854493 0.00238798859725365 -8.86276272821159e-05 0.00242285552582305 0.00199642446773429 0.00366752417518168 0.00141776749280695 0.00167221220121074 0.00201391928020853 0.00699056528940982 0.00276013478419636 0.00140652194866337 0.00197139531794019 0.00205864532675177 0.00117113223828966 0.00157392959080116 0.000308250185307803
"ZYGOTSP" 0.00111623025685177 0.00165630146276095 0.00212378077988731 0.00293688639477772 0.00196514515749425 0.000723356271983411 0.00388526439874499 0.00200948027449647 0.00127121649963688 0.000221135220326422 0.000912331963958692 0.0011299672753412 -0.000556318884013112 0.00102441097423389 0.00286399981786763 0.000944279728744832 0.00115598163677075 0.00159955524492721 0.00378644351747714 0.00269997487608612 -5.84938940914298e-05 0.0017261588540176 0.00252829669907486 5.32368708032976e-05 0.0010753992238963 0.00315933793207944 0.0027458294409418 0.00238698963859251 0.00208874223757451 0.00043868265721632 0.00172375178304806 0.00276013478419636 0.00441076627803795 0.00123136084692843 0.00176445920526556 0.00124257131504423 0.00131071717906578 0.000994161820239249 0.000612243805554827
"LDAS" 0.000342828364583338 -0.000111240389063416 0.00089922050423495 0.00033699229413159 0.000121059199835769 0.000725536140066026 0.000140298389355593 0.00152735090024406 0.000802054704914341 0.00109853151501843 0.00104222883337885 0.000559153350473853 0.00173746112276411 0.00143341019805915 0.00176778759612008 0.000179647275063328 0.000800180932892471 -7.7526666026817e-05 0.000180163803164725 -0.000132537826929984 0.00101063912321584 0.000876508006089601 0.000566389652244773 0.000968056910159728 0.00141499580142508 0.00186913298566896 0.00160255498586853 0.00113328642550546 0.00192328517722943 -0.000160608787738848 0.0012653266457738 0.00140652194866337 0.00123136084692843 0.00365416697573805 0.00116472282870361 0.00205922511353386 0.000647053221088962 0.000218547389941124 0.00116031554395911
"BRLD" 0.00078772886926826 0.000781232891970954 0.00131462732445036 0.00163949464334767 0.00121338503085144 0.000706583862390656 0.0010146872289319 0.00246945896183009 0.00132185541656529 4.63257476362144e-05 0.00148892134741402 0.000973636490110225 0.00105175949386897 0.00130191349162225 0.00209563717937356 0.000319958125321519 0.000703844031397672 0.00021392670841974 0.000687799658480789 -0.0011257670401504 -0.000642320021068679 0.0010151451431263 0.00151489059947764 0.000152656523046375 0.000860699138950074 0.00143837192094263 0.00111555547256475 0.00186616187276847 0.000914951004625277 -0.000324523679918057 0.00100616832953654 0.00197139531794019 0.00176445920526556 0.00116472282870361 0.0057579673813144 0.000228519357350037 0.0012206671945381 0.000380611462495346 0.00246927914502295
"OPILD" 0.00119231357362888 -1.69246441606262e-05 0.000879537411034916 0.000885076166284646 0.0003155799705172 0.000959605431134614 0.00150171278858474 0.00135793662174105 0.000487740637988955 0.000648480183907844 0.000664473613902606 0.000510086345517912 0.000884750390988488 0.00116366554095095 0.00134582871569858 0.000388580780885881 0.000787672294751007 0.000806466913645612 0.000875252695931012 0.000487789675034422 -0.000278993879659033 0.000889990691646645 0.000353832987370685 0.00191979822528008 0.00162064660685017 0.00124088957304264 0.000908064889602245 0.00201644117288405 0.00129523345496289 0.000991925347114854 0.00139130479254381 0.00205864532675177 0.00124257131504423 0.00205922511353386 0.000228519357350037 0.0039718361158704 0.00153426467520443 0.000632901975605014 2.80251940005218e-05
"PTAS" 0.00155174520560903 0.000895133281563384 0.000660025455920974 0.00163914030867238 0.000858073648496566 0.00105272442730422 0.00258334842335878 0.0015397013615685 0.00128827749680499 0.0007435202780979 0.000813784352450815 0.00101874110048294 0.000776145834640814 0.00106016800142452 0.000574910810035847 0.000666265149268398 0.00142039943869169 0.00241341002300503 0.00186708731319832 0.00570822166208347 -0.000646536851175189 0.00100387388528396 0.00185205466947065 0.00161227393872008 0.00163756802487148 0.00115820588223941 0.000553219060115706 0.00220064793873663 0.00225034545003972 0.00113318873568143 0.00132204052935474 0.00117113223828966 0.00131071717906578 0.000647053221088962 0.0012206671945381 0.00153426467520443 0.00238036122521212 0.00145061992320564 0.00119211179755474
"JPAS" 0.00147451121980397 0.00136979974444131 0.00098142465316204 0.00191397716973664 0.00101383549980277 0.00143048672401656 0.0013843047498413 0.0023718259373707 0.001328619518542 0.00088150570675879 0.000948491561852717 0.00155605371854593 0.000990277233617965 0.00137625369023272 0.00118751650349255 0.000514098422396068 0.00123861977758283 0.00111394487962269 0.00121836533666953 0.00344258791419759 -0.000913398073248154 0.00129114623553088 0.00092486496943069 0.00193445258006606 0.00125234370971614 0.0010107838462793 0.00100025331458562 0.00121845882575518 0.00287655275021609 0.000621730322536415 0.0019427952562239 0.00157392959080116 0.000994161820239249 0.000218547389941124 0.000380611462495346 0.000632901975605014 0.00145061992320564 0.00325316051703287 0.00113522545957403
"BAOPI" 0.00104052405806735 0.000400116628824382 0.00116729930476068 0.00104393437343719 0.000489482622070636 0.000823673696852274 0.000824421653560495 0.00124630640605842 0.000861975109299838 0.00118085722480225 0.000492762276584551 0.000861919110031303 0.001537963280878 0.00165342697762292 0.00139821324639963 0.000905132988779875 0.00111913685182049 0.000925272922425324 0.00039228364060782 -0.00042320181974114 0.000566648785110668 0.000834898884617715 0.000888762355906844 0.000305081527240882 0.00208940288711333 0.00122884487433555 0.00031067746119322 0.000955872420261376 0.00144260783723473 -0.000232765181357641 0.000755720041212007 0.000308250185307803 0.000612243805554827 0.00116031554395911 0.00246927914502295 2.80251940005218e-05 0.00119211179755474 0.00113522545957403 0.00529443694780327
