"" "ISPM" "ISNSL" "ISPNS" "PMZS" "PMZI" "PMMT" "NSLNA" "NSLZS" "NSLZI" "NABR" "NAFM" "NAPNS" "BRPT" "BRAPET" "PTFM" "PTAPET" "PTBA" "PTEAM" "PTZYGO" "PTTSP" "FMZS" "FMMT" "ZSZI" "ZIMT" "ZIZYGO" "ZITSP" "MTPNS" "PNSAPET" "APETBA" "APETTS" "BAEAM" "EAMZYGO" "ZYGOTSP" "LDAS" "BRLD" "OPILD" "PTAS" "JPAS" "BAOPI"
"ISPM" 0.00441035603707312 0.00238961827701461 0.00170519932456297 0.00260836873441335 0.00184965989765225 0.0018307655935492 0.0052660881836854 0.0020079008735847 0.00122609246942338 0.000512261320705817 0.000471904951837354 0.00204838540458147 0.00097853490330131 0.00132168042343785 0.00102193592156235 0.000965182729928206 0.00150415523584846 0.00143091660296259 0.00118241855012453 0.00291835333246244 0.000115856187978808 0.00160349143255952 0.000256067998350654 0.00116414394976742 0.000921112547719479 0.000879983289165747 0.000930444567392809 0.0034315421317406 0.00139214096564367 0.00022848541703951 0.00152589860006199 0.0012002156586038 0.00115401267997006 0.00031774173972519 0.000802364423887066 0.00121492153251516 0.001607428405757 0.00152109485970772 0.00101327721570602
"ISNSL" 0.00238961827701461 0.00530345597133931 0.00162628254959198 0.00389285237262269 0.00266591501883657 0.00147549306933756 0.00284635198251159 0.0012144445745306 0.00149864257544576 0.000639257297514801 0.00102157606743699 0.00164276246870967 0.000502458650208025 0.000759921987913027 0.00245363738007745 0.000514211170457455 0.000361141040988987 0.000347563650034271 0.00158436018787141 0.00183306272877671 0.00123594675767322 0.00186757753390236 0.00097074614177993 0.000321227509832891 0.00104482548470975 0.00127841425524469 0.00175361538672119 0.00434093609784181 0.000149188974853313 0.000744936177239879 0.00134100291308317 0.00152019225491423 0.00169875221350516 -0.000129172265136618 0.000797029557934445 -1.88715650350827e-05 0.000925057473798343 0.00140650492013667 0.000385040082248821
"ISPNS" 0.00170519932456297 0.00162628254959198 0.00374429782309632 0.00291133099932127 0.0019151836845747 0.00130787721022261 0.00297511121270159 0.00206268318453441 0.000951196446474982 0.000621295712621185 0.000782852445193203 0.00166203600398192 0.000493137862222155 0.00166157749345915 0.00202576031931832 0.000909296993444717 0.00101011162463913 0.00042512582549509 0.00168821944617628 0.00142182608101653 0.000614526147555902 0.00165978162570535 0.000799362718439003 0.000336465138730168 0.00124011200603791 0.00228814936325543 0.00228623339617647 6.82092985183909e-05 0.00149548927009972 -0.000548057492723446 0.0016840408394829 0.00107252217877284 0.00217243197175909 0.000912793561341458 0.00134274912668385 0.000898049624888779 0.000678404443312618 0.001005427941662 0.00118351830926569
"PMZS" 0.00260836873441335 0.00389285237262269 0.00291133099932127 0.00620069343321953 0.00393380441547497 0.0019014379381549 0.00631739283522587 0.00359314927055985 0.00219014105009553 0.000571404559031942 0.00136911503566845 0.00217101789140432 -5.14089784156116e-05 0.00144701982774377 0.0029266235525768 0.00166265560878733 0.00149916561625788 0.00195522626320267 0.00318950344238192 0.00520324030752661 -0.000261082570239599 0.00250877215111324 0.00224766816142854 2.23537717517316e-05 0.00159076202773456 0.00270043458297513 0.00321981514779261 0.0042290543981944 0.00184896766639204 0.00143233942968164 0.00224327149558813 0.00210210276181313 0.00302288508268903 0.000290986811369168 0.00167105643667949 0.000898888817306265 0.00171074873040092 0.00197939816663924 0.000984897771912176
"PMZI" 0.00184965989765225 0.00266591501883657 0.0019151836845747 0.00393380441547497 0.0038972012171142 0.00163752910154731 0.00525715031944905 0.00200889130411674 0.00206836104742735 -8.46834798212523e-05 0.00111063629850537 0.00180530881850053 -0.000448842450332877 0.000587716865042524 0.00151985965869244 0.00155930106573169 0.00104385060615055 0.00139476733842729 0.00231293478417963 0.00443123510514963 0.000856330373160322 0.00165122955972532 0.00225227604162281 -0.000290298214793299 0.000346802678256692 0.00155472389805886 0.00188507622238447 0.00374297611759141 0.000354366048831391 0.000504090245848284 0.00101181646019746 0.00109965148944755 0.0020042357689941 0.000132429541533221 0.00124043139573514 0.000323329832063235 0.000870832748141109 0.00103197355466432 0.000513515557982043
"PMMT" 0.0018307655935492 0.00147549306933756 0.00130787721022261 0.0019014379381549 0.00163752910154731 0.00196243892079394 0.00223059043032715 0.00159447176024491 0.00132136823656826 0.00073009474251809 0.000864816270252042 0.00140014080923855 0.001015356826544 0.00113427957258744 0.00121756489872932 0.000538150874026547 0.000911303117177835 0.000577408026577926 0.000764856156486095 0.00301125255349906 0.000568486915289102 0.00128768711674906 0.000873425042954716 0.00210160245704845 0.00097901401240808 0.0011985087912179 0.000731020639210176 0.00226159954593 0.00142776169181378 0.000394538323547578 0.00134449778512656 0.00151883008934973 0.000741097736308222 0.000736454604939867 0.000721573087213717 0.000979972366626359 0.00107888406884343 0.00146375162896012 0.000834140758726006
"NSLNA" 0.0052660881836854 0.00284635198251159 0.00297511121270159 0.00631739283522587 0.00525715031944905 0.00223059043032715 0.0213702147330786 0.00349278263762479 0.0029487511591777 -0.0010710420589495 -0.000226279446939108 0.00418802995646934 -0.000724061012014819 0.00132275859699688 0.00032787723522887 0.00283806916847237 0.00313325746025159 0.00418735658857731 0.00421679346815163 0.00475313680355608 0.000582781743348227 0.00194528921345086 0.0035947976607718 -0.000221142299909554 0.000688801054114978 0.00340801160173534 0.00297507968262356 0.0056395382168692 0.00338395938751842 0.000588472654553233 0.00208013233416456 0.00137078038600043 0.00400674526935199 5.42306565261847e-05 0.00102992890789602 0.00152528821072776 0.00269962291480113 0.00145418992898476 0.000705770234275333
"NSLZS" 0.0020079008735847 0.0012144445745306 0.00206268318453441 0.00359314927055985 0.00200889130411674 0.00159447176024491 0.00349278263762479 0.00556378906718295 0.00215763098185534 0.000416272519661601 0.00186594216708919 0.00185112904193327 0.000909917700533846 0.00185285713326712 0.00196147662105917 0.00202126766948377 0.00204261376213169 0.0017594163188938 0.00216063454653823 0.00662019501112505 -0.00208179921003563 0.00180617994174677 0.000572025390544088 0.00144411192373618 0.00134683894228578 0.00212381195409461 0.00260235631190447 0.00203752483583677 0.00230432252017475 0.0013741315870511 0.00256040949829844 0.00255714823519793 0.00208153960940073 0.00149224492752143 0.00251791778068202 0.00138050438393123 0.00161925144365771 0.00245388787049682 0.00116871551267813
"NSLZI" 0.00122609246942338 0.00149864257544576 0.000951196446474982 0.00219014105009553 0.00206836104742735 0.00132136823656826 0.0029487511591777 0.00215763098185534 0.00234985037124881 0.000484282013740644 0.00128309042470457 0.00152515639693987 0.000640777321840815 0.00100045989733667 0.00105759670743391 0.000997818906314186 0.00114876187296307 0.00133400685352283 0.00170116852452747 0.00527209978449712 0.000194698051855468 0.00125696257356695 0.00264860309809976 0.00133096172687268 0.00058058884169508 0.00138434562931098 0.00134660165514473 0.00220929302509112 0.00165700006726313 0.000645729250538047 0.00136335409737978 0.00135995143479952 0.00131921742755116 0.000770462567507972 0.00134684117429361 0.000493353554542544 0.00134935566052632 0.00137939390246965 0.000805577704605866
"NABR" 0.000512261320705817 0.000639257297514801 0.000621295712621185 0.000571404559031942 -8.46834798212523e-05 0.00073009474251809 -0.0010710420589495 0.000416272519661601 0.000484282013740644 0.00238008391839045 0.00076105254505843 0.000412081905399094 0.00203697987348661 0.00162715273624165 0.00160371082139118 0.000138832243832998 0.00070500217127845 0.000285488125673521 0.000418529103323621 0.00317730064502488 0.000404871840970033 0.000745294670500488 0.000894901447074641 0.00132778749049842 0.000903474997945488 0.00130319774519357 0.000620929397786533 0.00038764458721082 0.00197715992363397 0.000232729906779619 0.0013899302179245 0.0011844136173353 0.000222446919228418 0.00113082783133341 4.79765194119755e-05 0.000663434088172094 0.00075400725388143 0.000896911437578831 0.00121942439406065
"NAFM" 0.000471904951837354 0.00102157606743699 0.000782852445193203 0.00136911503566845 0.00111063629850537 0.000864816270252042 -0.000226279446939108 0.00186594216708919 0.00128309042470457 0.00076105254505843 0.00175122644786922 0.000822783973002737 0.000780644768233703 0.000772455374697736 0.00141924407319719 0.000670980012150506 0.000662768144841629 0.000545089780859662 0.0010063043588322 0.00278568751588337 -0.000149945027437218 0.00095888216296845 0.00115867462626823 0.000831638291536211 0.00108370020943797 0.00100702705227034 0.00138284729442725 0.00209569699140349 0.00060481822148411 0.000570415266556849 0.00132407231386974 0.00136086521888815 0.000932051404064481 0.00106516009410655 0.00152131017002157 0.000678946591937507 0.000831290413035743 0.000968988550867534 0.000503894579227429
"NAPNS" 0.00204838540458147 0.00164276246870967 0.00166203600398192 0.00217101789140432 0.00180530881850053 0.00140014080923855 0.00418802995646934 0.00185112904193327 0.00152515639693987 0.000412081905399094 0.000822783973002737 0.0027295865991915 0.000975330272044921 0.00130767144048561 0.001138587973923 0.000839265151553284 0.00120743508581891 0.00106714880476649 0.00101846404600468 0.00183131571546259 0.000517678026491753 0.00161544735153697 0.00120012925673846 0.000722929235587549 0.00124367860615871 0.00121676720372141 0.00182581034247896 0.00209456350543895 0.00153136978641619 0.000141929487599217 0.00162586226815701 0.00124729414892139 0.0011816084411003 0.000506125152770288 0.000989816506727835 0.00051454070203773 0.001084857607179 0.00161898589675769 0.000780761899708394
"BRPT" 0.00097853490330131 0.000502458650208025 0.000493137862222155 -5.14089784156116e-05 -0.000448842450332877 0.001015356826544 -0.000724061012014819 0.000909917700533846 0.000640777321840815 0.00203697987348661 0.000780644768233703 0.000975330272044921 0.00335021864988534 0.00201283637604704 0.00107226985137534 -0.000703377678563882 0.000440018224910559 -0.000835696370255559 -0.00161652060315648 -0.00217505055810081 0.000324744805867463 0.000536041728009843 -0.000100551001299567 0.00186462433585156 0.000863709443525596 0.000625229015147049 0.000535476214465407 0.000589752493247369 0.00181898004083154 -0.000124430669449779 0.00143746469164995 0.0014922324842189 -0.000557758382011799 0.00174958289032799 0.00107266189264805 0.000901373495752082 0.000810320303534127 0.00102325749152382 0.00153208976107921
"BRAPET" 0.00132168042343785 0.000759921987913027 0.00166157749345915 0.00144701982774377 0.000587716865042524 0.00113427957258744 0.00132275859699688 0.00185285713326712 0.00100045989733667 0.00162715273624165 0.000772455374697736 0.00130767144048561 0.00201283637604704 0.00266795964407415 0.00189249064153311 0.000622843455027274 0.00116614784136573 0.000650690685147862 0.000982082880523915 0.00350522168429509 -0.00074379781164031 0.00110234219781774 0.00122928399916246 0.00158854167381128 0.00115876966824679 0.00186148766200529 0.00122679596830016 -0.000301862144279372 0.0028782075769598 -0.000360614369486314 0.0017780934855624 0.00167370200613064 0.00106844794436577 0.00141216953191992 0.00132620767411309 0.00118362910310834 0.00111856297257557 0.0014295699541829 0.00160906490387262
"PTFM" 0.00102193592156235 0.00245363738007745 0.00202576031931832 0.0029266235525768 0.00151985965869244 0.00121756489872932 0.00032787723522887 0.00196147662105917 0.00105759670743391 0.00160371082139118 0.00141924407319719 0.001138587973923 0.00107226985137534 0.00189249064153311 0.00592775629625885 0.000498136239082212 0.000295039779286904 -0.000760250041224484 0.00195102589857357 0.00313786072520177 0.00062042933575698 0.00230271476256281 0.00179785924487559 0.000601384014613994 0.00108497229611898 0.00329480965133782 0.00227926524170007 0.00311740275656471 0.00126222991196967 -0.000274449783256627 0.00219541289056346 0.0041506146683435 0.00298147490643187 0.00167329635702327 0.00213102716269571 0.0013615569589513 0.000677071601027749 0.00127268230034728 0.00122490600510835
"PTAPET" 0.000965182729928206 0.000514211170457455 0.000909296993444717 0.00166265560878733 0.00155930106573169 0.000538150874026547 0.00283806916847237 0.00202126766948377 0.000997818906314186 0.000138832243832998 0.000670980012150506 0.000839265151553284 -0.000703377678563882 0.000622843455027274 0.000498136239082212 0.00378871202534363 0.00215734369291139 0.00328335705465699 0.00336914510533156 0.0121776222329647 -0.000737904907078141 0.000805652815330075 0.000594383070209453 0.000204615942137701 0.000748532114674005 0.00103572919816471 0.0010564703159824 0.000910528345911697 -0.000349173677389732 0.000706916653791088 0.000437291425503005 9.56322351979161e-05 0.00102367300213673 4.18413617234246e-05 0.000316074039337837 0.000382604641237863 0.000776341160308211 0.000588549433056026 0.000707636038531071
"PTBA" 0.00150415523584846 0.000361141040988987 0.00101011162463913 0.00149916561625788 0.00104385060615055 0.000911303117177835 0.00313325746025159 0.00204261376213169 0.00114876187296307 0.00070500217127845 0.000662768144841629 0.00120743508581891 0.000440018224910559 0.00116614784136573 0.000295039779286904 0.00215734369291139 0.00236419215461359 0.00280117930590773 0.00242323846060362 0.00859408976361044 -0.000593867530947557 0.00101237951978359 0.00124108302538579 0.00100274818029469 0.00120545537182841 0.00136260194258656 0.00119213406257054 0.000955775039875671 0.00241435230140897 0.000504605581529336 0.00137798456792986 0.000401647550081833 0.00119967573454748 0.000772885489740799 0.000715726535063781 0.000800246933471424 0.00148142398672356 0.00128550095705672 0.00107497706571322
"PTEAM" 0.00143091660296259 0.000347563650034271 0.00042512582549509 0.00195522626320267 0.00139476733842729 0.000577408026577926 0.00418735658857731 0.0017594163188938 0.00133400685352283 0.000285488125673521 0.000545089780859662 0.00106714880476649 -0.000835696370255559 0.000650690685147862 -0.000760250041224484 0.00328335705465699 0.00280117930590773 0.0061625408702121 0.00469672150761281 0.0160240195274306 -0.00168712204144155 0.000890054723300854 0.00223117743501009 0.000795457044124413 0.00189150284565742 0.00121367803165522 0.000798606124712509 0.00164065043935603 0.00150691316512279 0.00165365229917991 0.000300444854212052 -1.47960572394584e-05 0.00163139467479567 -7.21499657081707e-05 0.000219117476220158 0.000824717588425067 0.00246111171224354 0.00113500781846477 0.000956210222151493
"PTZYGO" 0.00118241855012453 0.00158436018787141 0.00168821944617628 0.00318950344238192 0.00231293478417963 0.000764856156486095 0.00421679346815163 0.00216063454653823 0.00170116852452747 0.000418529103323621 0.0010063043588322 0.00101846404600468 -0.00161652060315648 0.000982082880523915 0.00195102589857357 0.00336914510533156 0.00242323846060362 0.00469672150761281 0.00679639793737802 0.0175379069046212 -0.00093225623530547 0.0017603402828339 0.00361938163387133 0.000589897992790281 0.00115638387864769 0.00295277118055826 0.00199606473953243 0.00183371585605883 0.00197302038954248 0.0013185636943089 0.00130781488719535 0.00172038463203855 0.00384282375114032 0.000246512713234884 0.000707527360544896 0.000900634364713464 0.00186556217579735 0.00121697513297525 0.000496489584746884
"PTTSP" 0.00291835333246244 0.00183306272877671 0.00142182608101653 0.00520324030752661 0.00443123510514963 0.00301125255349906 0.00475313680355608 0.00662019501112505 0.00527209978449712 0.00317730064502488 0.00278568751588337 0.00183131571546259 -0.00217505055810081 0.00350522168429509 0.00313786072520177 0.0121776222329647 0.00859408976361044 0.0160240195274306 0.0175379069046212 0.107478168676684 -0.00382428400071289 0.00354276769715021 0.00821799210276509 0.00479675585889248 0.000657901108163969 0.00700634617051476 -0.00051301541130168 0.00245368937422925 0.00541716416490646 0.00293564756662224 0.00164153441171483 0.00298066232031015 0.00232948413033476 0.000897792705135102 -0.00107120840204376 0.000603555355245607 0.00513535578689756 0.00305609139303307 0.00115100398692301
"FMZS" 0.000115856187978808 0.00123594675767322 0.000614526147555902 -0.000261082570239599 0.000856330373160322 0.000568486915289102 0.000582781743348227 -0.00208179921003563 0.000194698051855468 0.000404871840970033 -0.000149945027437218 0.000517678026491753 0.000324744805867463 -0.00074379781164031 0.00062042933575698 -0.000737904907078141 -0.000593867530947557 -0.00168712204144155 -0.00093225623530547 -0.00382428400071289 0.00616460674661536 0.00113711906073835 8.13938917204603e-06 -0.000690542793580004 -3.7970724718446e-05 0.000632997972385505 -7.01342153690246e-05 0.00189080580646151 -0.000638515067875489 -0.000978582605273661 -0.000407690276077361 -0.00045283044027854 -5.72472752008147e-05 0.00102654722341544 -0.000656747214896965 -0.000285675993871801 -0.000656502637964481 -0.000930547692108965 0.000569676686910509
"FMMT" 0.00160349143255952 0.00186757753390236 0.00165978162570535 0.00250877215111324 0.00165122955972532 0.00128768711674906 0.00194528921345086 0.00180617994174677 0.00125696257356695 0.000745294670500488 0.00095888216296845 0.00161544735153697 0.000536041728009843 0.00110234219781774 0.00230271476256281 0.000805652815330075 0.00101237951978359 0.000890054723300854 0.0017603402828339 0.00354276769715021 0.00113711906073835 0.00234848349318988 0.0013710735336238 0.0010454190959142 0.00128274186104566 0.00179438436015256 0.00194574510758487 0.00268572983798544 0.00153221301435335 0.000540468946057688 0.00150130025735246 0.00217920873966435 0.00179871647192688 0.000811226302033904 0.00103076251831068 0.00090075447137869 0.00108258661039867 0.00135687127311194 0.000723802877522394
"ZSZI" 0.000256067998350654 0.00097074614177993 0.000799362718439003 0.00224766816142854 0.00225227604162281 0.000873425042954716 0.0035947976607718 0.000572025390544088 0.00264860309809976 0.000894901447074641 0.00115867462626823 0.00120012925673846 -0.000100551001299567 0.00122928399916246 0.00179785924487559 0.000594383070209453 0.00124108302538579 0.00223117743501009 0.00361938163387133 0.00821799210276509 8.13938917204603e-06 0.0013710735336238 0.00704537946138586 0.000618628926437551 6.5005334457225e-05 0.00231159415958676 0.00132032363604797 0.00176690635471408 0.00353737806975222 -0.000107204809262116 0.00156333062083622 0.00172680787585494 0.00263286084006121 0.000459293798201734 0.00153868926515273 0.000349371448413827 0.00197286438360733 0.000998287432920701 0.000725088471344817
"ZIMT" 0.00116414394976742 0.000321227509832891 0.000336465138730168 2.23537717517316e-05 -0.000290298214793299 0.00210160245704845 -0.000221142299909554 0.00144411192373618 0.00133096172687268 0.00132778749049842 0.000831638291536211 0.000722929235587549 0.00186462433585156 0.00158854167381128 0.000601384014613994 0.000204615942137701 0.00100274818029469 0.000795457044124413 0.000589897992790281 0.00479675585889248 -0.000690542793580004 0.0010454190959142 0.000618628926437551 0.00725277448330853 0.00203721386823563 0.00120667865033354 -0.000185595297758065 0.000839541699366382 0.00252453942853963 0.00160546716052579 0.00133548942271833 0.00254661518403493 8.7658351086999e-05 0.000909022286928244 0.000149849760962021 0.00195338239648869 0.00170134124954435 0.00201226181196064 0.000188991467400281
"ZIZYGO" 0.000921112547719479 0.00104482548470975 0.00124011200603791 0.00159076202773456 0.000346802678256692 0.00097901401240808 0.000688801054114978 0.00134683894228578 0.00058058884169508 0.000903474997945488 0.00108370020943797 0.00124367860615871 0.000863709443525596 0.00115876966824679 0.00108497229611898 0.000748532114674005 0.00120545537182841 0.00189150284565742 0.00115638387864769 0.000657901108163969 -3.7970724718446e-05 0.00128274186104566 6.5005334457225e-05 0.00203721386823563 0.00469004566694267 0.00163616357943185 0.00170784628973029 0.00234376112850419 0.00170960938016565 0.00121710883339551 0.00136314454240545 6.03488357294579e-05 0.00114581605622411 0.0013325170034119 0.000870748134055233 0.00164435239255045 0.00174955359428621 0.00133013073700826 0.00196128407611017
"ZITSP" 0.000879983289165747 0.00127841425524469 0.00228814936325543 0.00270043458297513 0.00155472389805886 0.0011985087912179 0.00340801160173534 0.00212381195409461 0.00138434562931098 0.00130319774519357 0.00100702705227034 0.00121676720372141 0.000625229015147049 0.00186148766200529 0.00329480965133782 0.00103572919816471 0.00136260194258656 0.00121367803165522 0.00295277118055826 0.00700634617051476 0.000632997972385505 0.00179438436015256 0.00231159415958676 0.00120667865033354 0.00163616357943185 0.00405537659265973 0.00236797239087577 0.0015962357268285 0.00301697416874347 -5.30472800554414e-05 0.00200249036485425 0.00246034547366018 0.0032232871196119 0.00192115818844497 0.00147051225656878 0.00126902491247 0.00117569982921512 0.00102767086533664 0.00127301704164434
"MTPNS" 0.000930444567392809 0.00175361538672119 0.00228623339617647 0.00321981514779261 0.00188507622238447 0.000731020639210176 0.00297507968262356 0.00260235631190447 0.00134660165514473 0.000620929397786533 0.00138284729442725 0.00182581034247896 0.000535476214465407 0.00122679596830016 0.00227926524170007 0.0010564703159824 0.00119213406257054 0.000798606124712509 0.00199606473953243 -0.00051301541130168 -7.01342153690246e-05 0.00194574510758487 0.00132032363604797 -0.000185595297758065 0.00170784628973029 0.00236797239087577 0.00466888621978255 0.00268539200592878 0.00152589781890789 0.000650481658179405 0.00196737472385003 0.00214394672958971 0.00283797756116218 0.00155925891363438 0.00113383008091064 0.000919852833996015 0.000617951353032427 0.00105688536123351 0.000197689956695368
"PNSAPET" 0.0034315421317406 0.00434093609784181 6.82092985183909e-05 0.0042290543981944 0.00374297611759141 0.00226159954593 0.0056395382168692 0.00203752483583677 0.00220929302509112 0.00038764458721082 0.00209569699140349 0.00209456350543895 0.000589752493247369 -0.000301862144279372 0.00311740275656471 0.000910528345911697 0.000955775039875671 0.00164065043935603 0.00183371585605883 0.00245368937422925 0.00189080580646151 0.00268572983798544 0.00176690635471408 0.000839541699366382 0.00234376112850419 0.0015962357268285 0.00268539200592878 0.013047147323768 -0.00169409115063355 0.0025282665480833 0.00124692897954237 0.00379654064590275 0.00245424436704692 0.00112093700369071 0.00190390149118755 0.0020565123618653 0.00227343723979619 0.00126146157368103 0.000919970768646116
"APETBA" 0.00139214096564367 0.000149188974853313 0.00149548927009972 0.00184896766639204 0.000354366048831391 0.00142776169181378 0.00338395938751842 0.00230432252017475 0.00165700006726313 0.00197715992363397 0.00060481822148411 0.00153136978641619 0.00181898004083154 0.0028782075769598 0.00126222991196967 -0.000349173677389732 0.00241435230140897 0.00150691316512279 0.00197302038954248 0.00541716416490646 -0.000638515067875489 0.00153221301435335 0.00353737806975222 0.00252453942853963 0.00170960938016565 0.00301697416874347 0.00152589781890789 -0.00169409115063355 0.00899118041533819 -0.00040094995068741 0.00338957326058995 0.00130289484464664 0.0020887349526526 0.00207442605067719 0.000943204075508434 0.0013345184780034 0.0022255167410382 0.0028902698457584 0.00164151853094063
"APETTS" 0.00022848541703951 0.000744936177239879 -0.000548057492723446 0.00143233942968164 0.000504090245848284 0.000394538323547578 0.000588472654553233 0.0013741315870511 0.000645729250538047 0.000232729906779619 0.000570415266556849 0.000141929487599217 -0.000124430669449779 -0.000360614369486314 -0.000274449783256627 0.000706916653791088 0.000504605581529336 0.00165365229917991 0.0013185636943089 0.00293564756662224 -0.000978582605273661 0.000540468946057688 -0.000107204809262116 0.00160546716052579 0.00121710883339551 -5.30472800554414e-05 0.000650481658179405 0.0025282665480833 -0.00040094995068741 0.00473546698602346 0.000510591296577083 0.00170868523273224 0.000448256827020364 -0.000164190777115083 -0.000331585464538599 0.00101347973102855 0.00115788431654122 0.000635286605234084 -0.000237963976805374
"BAEAM" 0.00152589860006199 0.00134100291308317 0.0016840408394829 0.00224327149558813 0.00101181646019746 0.00134449778512656 0.00208013233416456 0.00256040949829844 0.00136335409737978 0.0013899302179245 0.00132407231386974 0.00162586226815701 0.00143746469164995 0.0017780934855624 0.00219541289056346 0.000437291425503005 0.00137798456792986 0.000300444854212052 0.00130781488719535 0.00164153441171483 -0.000407690276077361 0.00150130025735246 0.00156333062083622 0.00133548942271833 0.00136314454240545 0.00200249036485425 0.00196737472385003 0.00124692897954237 0.00338957326058995 0.000510591296577083 0.00300204124932293 0.0020227402177923 0.00175032716095672 0.00131906809706955 0.00103004825674101 0.00142422071309361 0.00133308404210174 0.00197331613769929 0.000812353102512168
"EAMZYGO" 0.0012002156586038 0.00152019225491423 0.00107252217877284 0.00210210276181313 0.00109965148944755 0.00151883008934973 0.00137078038600043 0.00255714823519793 0.00135995143479952 0.0011844136173353 0.00136086521888815 0.00124729414892139 0.0014922324842189 0.00167370200613064 0.0041506146683435 9.56322351979161e-05 0.000401647550081833 -1.47960572394584e-05 0.00172038463203855 0.00298066232031015 -0.00045283044027854 0.00217920873966435 0.00172680787585494 0.00254661518403493 6.03488357294579e-05 0.00246034547366018 0.00214394672958971 0.00379654064590275 0.00130289484464664 0.00170868523273224 0.0020227402177923 0.00699366127739401 0.00277373200710146 0.00154881450608967 0.0020227970526147 0.00211476907616855 0.00112123310998653 0.00155826357656086 0.000486156985326618
"ZYGOTSP" 0.00115401267997006 0.00169875221350516 0.00217243197175909 0.00302288508268903 0.0020042357689941 0.000741097736308222 0.00400674526935199 0.00208153960940073 0.00131921742755116 0.000222446919228418 0.000932051404064481 0.0011816084411003 -0.000557758382011799 0.00106844794436577 0.00298147490643187 0.00102367300213673 0.00119967573454748 0.00163139467479567 0.00384282375114032 0.00232948413033476 -5.72472752008147e-05 0.00179871647192688 0.00263286084006121 8.7658351086999e-05 0.00114581605622411 0.0032232871196119 0.00283797756116218 0.00245424436704692 0.0020887349526526 0.000448256827020364 0.00175032716095672 0.00277373200710146 0.00449218720404025 0.00129295297322935 0.00180548070625001 0.00127312810433273 0.0013157207417385 0.00100022516698074 0.000678920628653766
"LDAS" 0.00031774173972519 -0.000129172265136618 0.000912793561341458 0.000290986811369168 0.000132429541533221 0.000736454604939867 5.42306565261847e-05 0.00149224492752143 0.000770462567507972 0.00113082783133341 0.00106516009410655 0.000506125152770288 0.00174958289032799 0.00141216953191992 0.00167329635702327 4.18413617234246e-05 0.000772885489740799 -7.21499657081707e-05 0.000246512713234884 0.000897792705135102 0.00102654722341544 0.000811226302033904 0.000459293798201734 0.000909022286928244 0.0013325170034119 0.00192115818844497 0.00155925891363438 0.00112093700369071 0.00207442605067719 -0.000164190777115083 0.00131906809706955 0.00154881450608967 0.00129295297322935 0.00364977233570641 0.00118363038115008 0.00209545824647278 0.000717669557381006 0.000260730391319441 0.00105706492954648
"BRLD" 0.000802364423887066 0.000797029557934445 0.00134274912668385 0.00167105643667949 0.00124043139573514 0.000721573087213717 0.00102992890789602 0.00251791778068202 0.00134684117429361 4.79765194119755e-05 0.00152131017002157 0.000989816506727835 0.00107266189264805 0.00132620767411309 0.00213102716269571 0.000316074039337837 0.000715726535063781 0.000219117476220158 0.000707527360544896 -0.00107120840204376 -0.000656747214896965 0.00103076251831068 0.00153868926515273 0.000149849760962021 0.000870748134055233 0.00147051225656878 0.00113383008091064 0.00190390149118755 0.000943204075508434 -0.000331585464538599 0.00103004825674101 0.0020227970526147 0.00180548070625001 0.00118363038115008 0.00588265008334744 0.000232834496469655 0.00125152902466093 0.000391748849268432 0.00251313190183405
"OPILD" 0.00121492153251516 -1.88715650350827e-05 0.000898049624888779 0.000898888817306265 0.000323329832063235 0.000979972366626359 0.00152528821072776 0.00138050438393123 0.000493353554542544 0.000663434088172094 0.000678946591937507 0.00051454070203773 0.000901373495752082 0.00118362910310834 0.0013615569589513 0.000382604641237863 0.000800246933471424 0.000824717588425067 0.000900634364713464 0.000603555355245607 -0.000285675993871801 0.00090075447137869 0.000349371448413827 0.00195338239648869 0.00164435239255045 0.00126902491247 0.000919852833996015 0.0020565123618653 0.0013345184780034 0.00101347973102855 0.00142422071309361 0.00211476907616855 0.00127312810433273 0.00209545824647278 0.000232834496469655 0.00405731191772355 0.00157337397923837 0.000650470585912224 1.55581087595505e-05
"PTAS" 0.001607428405757 0.000925057473798343 0.000678404443312618 0.00171074873040092 0.000870832748141109 0.00107888406884343 0.00269962291480113 0.00161925144365771 0.00134935566052632 0.00075400725388143 0.000831290413035743 0.001084857607179 0.000810320303534127 0.00111856297257557 0.000677071601027749 0.000776341160308211 0.00148142398672356 0.00246111171224354 0.00186556217579735 0.00513535578689756 -0.000656502637964481 0.00108258661039867 0.00197286438360733 0.00170134124954435 0.00174955359428621 0.00117569982921512 0.000617951353032427 0.00227343723979619 0.0022255167410382 0.00115788431654122 0.00133308404210174 0.00112123310998653 0.0013157207417385 0.000717669557381006 0.00125152902466093 0.00157337397923837 0.00239396217770395 0.0014569052347488 0.00130469056856931
"JPAS" 0.00152109485970772 0.00140650492013667 0.001005427941662 0.00197939816663924 0.00103197355466432 0.00146375162896012 0.00145418992898476 0.00245388787049682 0.00137939390246965 0.000896911437578831 0.000968988550867534 0.00161898589675769 0.00102325749152382 0.0014295699541829 0.00127268230034728 0.000588549433056026 0.00128550095705672 0.00113500781846477 0.00121697513297525 0.00305609139303307 -0.000930547692108965 0.00135687127311194 0.000998287432920701 0.00201226181196064 0.00133013073700826 0.00102767086533664 0.00105688536123351 0.00126146157368103 0.0028902698457584 0.000635286605234084 0.00197331613769929 0.00155826357656086 0.00100022516698074 0.000260730391319441 0.000391748849268432 0.000650470585912224 0.0014569052347488 0.00330716779356718 0.00121726908778243
"BAOPI" 0.00101327721570602 0.000385040082248821 0.00118351830926569 0.000984897771912176 0.000513515557982043 0.000834140758726006 0.000705770234275333 0.00116871551267813 0.000805577704605866 0.00121942439406065 0.000503894579227429 0.000780761899708394 0.00153208976107921 0.00160906490387262 0.00122490600510835 0.000707636038531071 0.00107497706571322 0.000956210222151493 0.000496489584746884 0.00115100398692301 0.000569676686910509 0.000723802877522394 0.000725088471344817 0.000188991467400281 0.00196128407611017 0.00127301704164434 0.000197689956695368 0.000919970768646116 0.00164151853094063 -0.000237963976805374 0.000812353102512168 0.000486156985326618 0.000678920628653766 0.00105706492954648 0.00251313190183405 1.55581087595505e-05 0.00130469056856931 0.00121726908778243 0.00521264458034804
