"" "ISPM" "ISNSL" "ISPNS" "PMZS" "PMZI" "PMMT" "NSLNA" "NSLZS" "NSLZI" "NABR" "NAFM" "NAPNS" "BRPT" "BRAPET" "PTFM" "PTAPET" "PTBA" "PTEAM" "PTZYGO" "PTTSP" "FMZS" "FMMT" "ZSZI" "ZIMT" "ZIZYGO" "ZITSP" "MTPNS" "PNSAPET" "APETBA" "APETTS" "BAEAM" "EAMZYGO" "ZYGOTSP" "LDAS" "BRLD" "OPILD" "PTAS" "JPAS" "BAOPI"
"ISPM" 0.00552902288522412 0.00351290876438959 0.00298616439420327 0.00186791362230496 0.00168801022074868 0.00129874493127897 0.00303402065359727 0.00155735554821267 0.00108673949541585 0.0012619128905752 0.00170595030063633 0.00272601448257881 0.000115516014874335 0.00112731693181437 0.0030608893876194 0.00123289049455189 0.00169398525497935 0.0014029729818382 0.00249546204451257 0.00538957559682918 0.00265289328289791 0.00255307115945539 0.000662218759861596 0.000541722654388901 0.00317748363271195 0.00289654216429854 0.00376606003739959 0.00315015093854307 0.00323329453538855 -0.000179056031140603 0.0017961968353878 0.00165275308866822 0.00312803883814819 0.00215347990605116 0.000499757979243602 0.00230740137568916 0.00084307171469741 0.00394603898652562 -0.00137995127093883
"ISNSL" 0.00351290876438959 0.0079627778334131 0.00425665370431339 0.0048867193991615 0.00432914026040686 0.00226906217275405 0.00529069506171084 0.00183940933564723 0.00197329073035524 0.000878617111040893 0.00287106816160399 0.00338916820071342 -0.000256474823266876 0.000999425765820506 0.00490241022822901 0.00180697239627456 0.00218472726858537 0.00216779609840728 0.00410755556948729 -0.00354273334254616 0.00516349024028014 0.00486560173172338 0.00192682937884361 0.00130449729107445 0.00680608052762934 0.0038735623363827 0.0060626550045637 0.00527725401711791 0.00373323708350814 0.00258929461249865 0.00213683091023801 0.00187777902662381 0.00505718146210405 0.00224589336592777 -0.0009209100323686 0.00100784750603196 0.00069225505850205 0.00300806550576354 -0.000368402126213056
"ISPNS" 0.00298616439420327 0.00425665370431339 0.00324514668079289 0.0029580711274603 0.00241306244310315 0.00171850494755787 0.00490587286455132 0.00118049806383373 0.00127140498747084 0.000637249014763905 0.00178643090064959 0.00283093093769303 -0.000119086056364793 0.00097953146119965 0.0023464144927254 0.00129203775674883 0.00156853634781116 0.00197748841469305 0.00310243368205484 0.00101318434979908 0.00255350209580081 0.00271746987951726 0.00128299713674996 0.00123936670061714 0.00400286158542427 0.00274816809336567 0.00361510415228573 0.00261731365915995 0.00251534505711954 0.000498368289232695 0.00150570352360779 0.00140807592878497 0.00356312628531164 0.00094460043945825 -0.000109104125004863 0.00106076695333333 0.000806326914677975 0.00215306495410661 -0.000674469696495838
"PMZS" 0.00186791362230496 0.0048867193991615 0.0029580711274603 0.00471939062777365 0.0033579612163649 0.00173156149756779 0.0036293826720122 0.00285065965545531 0.00115569675782564 0.000552536818758309 0.00221103357688604 0.00210185501128069 -0.00060207141264609 0.00110903024621382 0.00243315506526506 0.00139514535828848 0.00146538597650678 0.0014671839682128 0.00325126579063622 -0.000869344862748088 0.00262714398832741 0.00316532628110068 4.18958465011163e-05 0.000693344889246584 0.00464769384222218 0.0024861429433709 0.00366750687702098 0.00200968157839115 0.00314676408674852 0.000601425779785563 0.00104436952372273 0.000270165275792672 0.00362379889925529 0.00157702006391624 -0.000665058349719124 0.00062597741706001 -7.93931587356107e-05 0.00163739884097279 -0.000656092805913182
"PMZI" 0.00168801022074868 0.00432914026040686 0.00241306244310315 0.0033579612163649 0.00359804903181577 0.00166565764844136 0.00351552665492169 0.00165283349005111 0.00172294021180507 0.000739666242926659 0.00196303172705137 0.0021099588704514 -0.000178766388397275 0.00109202137990232 0.00288425639663147 0.00121835360362901 0.00136888033736103 0.00135273231108245 0.00299717094073421 0.00220881111824873 0.00253997532903622 0.00281739271451298 0.00176522759129218 0.00111587603189573 0.00272305319883257 0.00244853571696889 0.00324127206896233 0.00245716350818241 0.0028238496614201 0.00155484966762306 0.00128527256564854 0.00123455425898335 0.00318736009716476 0.00171841582090643 -0.000917352874991923 0.00131585801871446 0.000356157237377127 0.00294605492138087 0.000104344230215753
"PMMT" 0.00129874493127897 0.00226906217275405 0.00171850494755787 0.00173156149756779 0.00166565764844136 0.00132579274839699 0.00283677305362595 0.000962068886683762 0.000894613481409951 0.000471083810144527 0.00109404818086059 0.0015345272183561 8.35634359891191e-05 0.000687485885500886 0.00164765322173062 0.000638715857685998 0.000783031658387484 0.000910787437473024 0.00175890669162037 0.000425465399910085 0.00101927669341268 0.00164828251877927 0.000873568375627106 0.00122042368109477 0.00190828756906334 0.00139613307199808 0.00193305182925882 0.00191250037128574 0.00128689917244822 0.00052392417381379 0.00086672200839995 0.00106558274794349 0.0019499813257074 0.000526791230853059 -0.000203827694041742 0.00084130283551067 0.000460345463818167 0.00165525245895617 -0.000235430253117793
"NSLNA" 0.00303402065359727 0.00529069506171084 0.00490587286455132 0.0036293826720122 0.00351552665492169 0.00283677305362595 0.0208364372666773 -0.00434068878786812 0.00174618929216199 0.000177149721365103 0.00113422202632749 0.00563181069266679 -8.78207635007616e-05 0.00278850860114871 0.00181477501916178 0.00372144726463008 0.0027206341348561 0.00321664586639964 0.00525073057380561 0.000200221877123877 0.00321237186350961 0.00218331423156406 0.00645722960590319 0.00338639797477809 0.00531569133282123 0.00415571391407331 0.00410330374888055 0.000430588702697132 0.0022199114423353 -0.000372837121024582 0.000858986487887634 0.000185097096071649 0.00498475765853764 0.000457819366888345 -0.00137171777909471 0.000875801747656607 0.00034930897398241 0.00155772036204452 0.000497301507401933
"NSLZS" 0.00155735554821267 0.00183940933564723 0.00118049806383373 0.00285065965545531 0.00165283349005111 0.000962068886683762 -0.00434068878786812 0.00649466439742286 0.000844991072170558 0.000868585758509108 0.00197581916091387 0.000771857489688834 -0.000187725908795227 0.000171191912084702 0.0017053285171194 -0.000763887043489224 4.64154527006276e-05 0.000540715690076813 0.00126891665537825 0.00382915967531845 -0.000262560505450211 0.00237750671212353 -0.00305720720168386 0.000279924107955899 0.00223493396709195 0.000796619131668296 0.000971065040943079 0.00187509137094095 0.00187422841691277 -0.000286749106017588 0.00111837018643515 0.000993282932690392 0.00159152427521182 0.00109223971188243 -7.56102547048819e-05 0.00167485916947965 0.000712602978960992 0.00383048404450243 -0.000858311846056725
"NSLZI" 0.00108673949541585 0.00197329073035524 0.00127140498747084 0.00115569675782564 0.00172294021180507 0.000894613481409951 0.00174618929216199 0.000844991072170558 0.00169982955438447 0.000307091168059435 0.00117094763166796 0.00139207488790853 0.00020718465906042 0.000126592270500949 0.00130507609177873 -0.000347283717856712 0.000256722355233718 0.001305507119657 0.00142824462160517 0.00180961681180619 0.00089909367272354 0.00141887331406985 0.00252884772435563 0.000913684053633103 0.000727705020511983 0.000935443316453333 0.00218329143343049 0.00105108577512847 0.00111243799939122 0.00188472043488125 0.00117469364865552 0.00155378062483487 0.00142570945640336 0.000642916379738592 -0.000534936005477029 0.00109209140209656 0.00114346369751478 0.00189807123381197 0.000562578683408899
"NABR" 0.0012619128905752 0.000878617111040893 0.000637249014763905 0.000552536818758309 0.000739666242926659 0.000471083810144527 0.000177149721365103 0.000868585758509108 0.000307091168059435 0.001093894001326 0.000776679364712286 0.000720462652071792 0.000344965456202527 0.00059341536336064 0.00152945905182639 0.000572587343284619 0.000701065925818893 0.000584798028007994 0.00117864510401664 0.00475456458281144 0.000624314554958174 0.000934066726955462 -1.02981629833683e-05 0.000430944878614192 0.000962319027135619 0.00102410795560729 0.000768342132263259 0.00145819683340373 0.00106475395218247 0.000601145068873118 0.000810249395999645 0.000983651030119798 0.00094423210881332 0.000745017639531675 -0.000207682027031518 0.00115853907611445 0.00065445549638338 0.00253497511060376 0.000266199164747799
"NAFM" 0.00170595030063633 0.00287106816160399 0.00178643090064959 0.00221103357688604 0.00196303172705137 0.00109404818086059 0.00113422202632749 0.00197581916091387 0.00117094763166796 0.000776679364712286 0.00171913163902891 0.00138083131074264 0.0001049067483467 0.000488683866654465 0.00191220624497955 0.000254397980355672 0.000783639454828618 0.00143858974746241 0.00217554923496981 0.00232370153238264 0.00153023197920296 0.00221270232409521 0.000671142073752202 0.000879535141675267 0.00243637058915973 0.0014498366582656 0.00267649968100592 0.00208645951319635 0.00179343802011287 0.0016625890037913 0.00138501074138803 0.00149114538572382 0.00226243782984595 0.00110139519377097 -9.19080854608739e-05 0.0010338894558243 0.00100844483438455 0.00228437678566084 -8.7093079953214e-05
"NAPNS" 0.00272601448257881 0.00338916820071342 0.00283093093769303 0.00210185501128069 0.0021099588704514 0.0015345272183561 0.00563181069266679 0.000771857489688834 0.00139207488790853 0.000720462652071792 0.00138083131074264 0.00362961606609626 0.000208691789846032 0.00106949910070345 0.00202960721698148 0.00123323761592374 0.00139206268912038 0.00199566647037117 0.00258875573613744 0.00260284586224481 0.00173415001445632 0.00245304511607519 0.00170566881102456 0.00172564611585078 0.00354949809435964 0.00249157221281007 0.00258921275147017 0.00176679891068513 0.00209661495630763 0.000191724353698342 0.00160987465600633 0.00136343578884483 0.00291229673117096 0.000461336110092212 -0.00121946297737336 0.00145611139704153 0.0010857993945744 0.00351566111788981 0.000331176703209647
"BRPT" 0.000115516014874335 -0.000256474823266876 -0.000119086056364793 -0.00060207141264609 -0.000178766388397275 8.35634359891191e-05 -8.78207635007616e-05 -0.000187725908795227 0.00020718465906042 0.000344965456202527 0.0001049067483467 0.000208691789846032 0.000631196210988539 -2.05636614327199e-05 0.000102943254240801 -0.000424755688962121 -0.000194657050321327 0.00024052946236333 -0.000295067873346157 0.000354949608777506 -0.000172330731226807 0.000104431942725161 0.000399827690737437 0.000479630858128396 6.29754951814231e-05 -0.000246296472552532 0.000367414695827312 0.00069374892584795 -0.00061291248277708 0.00107393632132878 0.000495319857118895 0.000620291791188386 -0.000325259109460706 -2.85929596726057e-05 -0.000657669964930327 0.000742460123422182 0.000700960465945239 0.000779404594101431 0.000265533676596652
"BRAPET" 0.00112731693181437 0.000999425765820506 0.00097953146119965 0.00110903024621382 0.00109202137990232 0.000687485885500886 0.00278850860114871 0.000171191912084702 0.000126592270500949 0.00059341536336064 0.000488683866654465 0.00106949910070345 -2.05636614327199e-05 0.00128362790747363 0.00106296640602289 0.00146469141044165 0.0010331793157515 0.000452322742682183 0.00147116676681394 0.00437393628793764 0.000666172491862205 0.000945293144305781 2.72886643264674e-05 0.000705383291020585 0.000901657562064129 0.00143000261110069 0.000832993165029352 0.000556892476244309 0.00146074173745373 -0.000421405213014967 0.000386564328984448 0.000256567139578011 0.00133885652775951 0.000631233641892916 5.77648774322099e-05 0.000491891477735255 -0.000257848762439956 0.00158388404079537 -3.51032138718354e-05
"PTFM" 0.0030608893876194 0.00490241022822901 0.0023464144927254 0.00243315506526506 0.00288425639663147 0.00164765322173062 0.00181477501916178 0.0017053285171194 0.00130507609177873 0.00152945905182639 0.00191220624497955 0.00202960721698148 0.000102943254240801 0.00106296640602289 0.00641939757255862 0.00128326896948125 0.00167282067675628 0.000237122809581545 0.00272063045155655 -0.000111694648779725 0.00324871990063307 0.0042179936744575 0.00137921411387966 0.0014013460526906 0.0039019102211058 0.00332810691435413 0.00340349641043285 0.00540385869269762 0.00362888460041946 0.00201362436866814 0.00214130696045313 0.00250704661686584 0.00338340113497945 0.0024122504185038 -0.000665340967967436 0.00265864347027186 0.000424836165539801 0.00501338839698056 0.000159045394802495
"PTAPET" 0.00123289049455189 0.00180697239627456 0.00129203775674883 0.00139514535828848 0.00121835360362901 0.000638715857685998 0.00372144726463008 -0.000763887043489224 -0.000347283717856712 0.000572587343284619 0.000254397980355672 0.00123323761592374 -0.000424755688962121 0.00146469141044165 0.00128326896948125 0.00292688147624243 0.00181108310635053 0.000479688674369921 0.00198004143331021 0.00508060140805274 0.00161100468399808 0.000800336441463965 -0.000208280610333276 0.00020939032703307 0.00177966661350009 0.00203758441196399 0.000370783502878343 0.00102576754220624 0.00151858175201307 -0.00129675843108809 -0.000331018182857143 -0.000526520985678903 0.00156118201804068 0.000473457397441425 0.000711904250725327 -0.000763810593341123 -0.000823193680273281 0.00040973420320957 -6.70654880517151e-05
"PTBA" 0.00169398525497935 0.00218472726858537 0.00156853634781116 0.00146538597650678 0.00136888033736103 0.000783031658387484 0.0027206341348561 4.64154527006276e-05 0.000256722355233718 0.000701065925818893 0.000783639454828618 0.00139206268912038 -0.000194657050321327 0.0010331793157515 0.00167282067675628 0.00181108310635053 0.00161277130054728 0.000966029736871274 0.00222803694378934 0.00477614646033286 0.00170386055240479 0.00151171277538362 0.000296661643584051 0.000593191357574219 0.00178116889976564 0.0019776427098455 0.00159981502566377 0.00152287584945052 0.00229999291683699 -0.000496221052092276 0.000538897227752088 0.000829773489660698 0.00203437741482302 0.000704842579461381 0.000123430557151967 9.80751382330075e-05 -3.90794914571714e-05 0.00130650900164217 -0.000229499949778523
"PTEAM" 0.0014029729818382 0.00216779609840728 0.00197748841469305 0.0014671839682128 0.00135273231108245 0.000910787437473024 0.00321664586639964 0.000540715690076813 0.001305507119657 0.000584798028007994 0.00143858974746241 0.00199566647037117 0.00024052946236333 0.000452322742682183 0.000237122809581545 0.000479688674369921 0.000966029736871274 0.00298261354281485 0.00289747279915907 0.00676174500717292 0.00108014944084631 0.0015856976677763 0.00191758791437148 0.0013451570352434 0.00194337983210366 0.00127359612287416 0.00252801578734878 0.000959042255987654 0.00111390947821586 0.00141874399673425 0.00140654943057444 0.00214211077401108 0.00222520159664215 -0.000287444010999927 0.000180308731135325 -0.000177981187188928 0.0019915527821139 0.00120300767516337 0.000558460556359005
"PTZYGO" 0.00249546204451257 0.00410755556948729 0.00310243368205484 0.00325126579063622 0.00299717094073421 0.00175890669162037 0.00525073057380561 0.00126891665537825 0.00142824462160517 0.00117864510401664 0.00217554923496981 0.00258875573613744 -0.000295067873346157 0.00147116676681394 0.00272063045155655 0.00198004143331021 0.00222803694378934 0.00289747279915907 0.00511239793521249 0.00923799314781239 0.00238838896781808 0.00314480694148576 0.00173552851555731 0.00194983832855598 0.00297033142107614 0.00305425649577782 0.00326564265302774 0.00272636519977981 0.00349471117814905 0.000735470081997608 0.00153187193025535 0.00279664781985266 0.00435562739207564 0.00098169209904314 0.000452122677005707 0.000635344812108237 0.00121247737731316 0.00290790841073521 -6.36193996204658e-05
"PTTSP" 0.00538957559682918 -0.00354273334254616 0.00101318434979908 -0.000869344862748088 0.00220881111824873 0.000425465399910085 0.000200221877123877 0.00382915967531845 0.00180961681180619 0.00475456458281144 0.00232370153238264 0.00260284586224481 0.000354949608777506 0.00437393628793764 -0.000111694648779725 0.00508060140805274 0.00477614646033286 0.00676174500717292 0.00923799314781239 0.0814619356346793 -0.00213669876912454 0.00194145454853504 0.000320420538464128 0.00384459664433243 -0.00815001544861718 0.00314511986372775 -0.00338550834740959 -0.000571597043780297 0.00588936485669393 -0.00327268291628473 0.00290061988761664 0.00743224421719759 0.00182801586731004 -0.000240421108760151 0.0061684584671462 -0.000981647965266956 0.00449930227284483 0.00993829230067893 0.0027494353398716
"FMZS" 0.00265289328289791 0.00516349024028014 0.00255350209580081 0.00262714398832741 0.00253997532903622 0.00101927669341268 0.00321237186350961 -0.000262560505450211 0.00089909367272354 0.000624314554958174 0.00153023197920296 0.00173415001445632 -0.000172330731226807 0.000666172491862205 0.00324871990063307 0.00161100468399808 0.00170386055240479 0.00108014944084631 0.00238838896781808 -0.00213669876912454 0.00434436460266119 0.00286689958132488 0.00145237815513276 0.000127898716240937 0.00411134913931716 0.00270466581634802 0.00424975477945576 0.00356726472156771 0.00259015856182721 0.00193726870464362 0.00121100025942696 0.000905625927873431 0.00304354514020135 0.00184238852456666 -0.000609973751096233 0.000565798912684081 3.5403844209759e-05 0.00114607973157764 -0.000561934822898412
"FMMT" 0.00255307115945539 0.00486560173172338 0.00271746987951726 0.00316532628110068 0.00281739271451298 0.00164828251877927 0.00218331423156406 0.00237750671212353 0.00141887331406985 0.000934066726955462 0.00221270232409521 0.00245304511607519 0.000104431942725161 0.000945293144305781 0.0042179936744575 0.000800336441463965 0.00151171277538362 0.0015856976677763 0.00314480694148576 0.00194145454853504 0.00286689958132488 0.00505795544263847 0.000621139640105087 0.00235934085013479 0.004427664394113 0.00232709943021065 0.00438480264864638 0.00436803392808382 0.00345313274906414 0.00220557704211251 0.00253782664143335 0.00287314387280167 0.00338336730584857 0.00121060113465813 -0.00104886807889766 0.00102361607341131 0.0009703579559387 0.00316941966548672 -0.000175783876385321
"ZSZI" 0.000662218759861596 0.00192682937884361 0.00128299713674996 4.18958465011163e-05 0.00176522759129218 0.000873568375627106 0.00645722960590319 -0.00305720720168386 0.00252884772435563 -1.02981629833683e-05 0.000671142073752202 0.00170566881102456 0.000399827690737437 2.72886643264674e-05 0.00137921411387966 -0.000208280610333276 0.000296661643584051 0.00191758791437148 0.00173552851555731 0.000320420538464128 0.00145237815513276 0.000621139640105087 0.00741819904753739 0.00116274881490729 -0.000117794092001225 0.00117395359950381 0.00301876707771725 -3.60596051119202e-05 0.000661095185665345 0.00374265304230193 0.00106068707367806 0.00186563712220937 0.00130971974719757 0.000248935309561281 -0.000588066127520781 0.00079052619360673 0.00172145426603044 0.000683996269141032 0.00196480773079304
"ZIMT" 0.000541722654388901 0.00130449729107445 0.00123936670061714 0.000693344889246584 0.00111587603189573 0.00122042368109477 0.00338639797477809 0.000279924107955899 0.000913684053633103 0.000430944878614192 0.000879535141675267 0.00172564611585078 0.000479630858128396 0.000705383291020585 0.0014013460526906 0.00020939032703307 0.000593191357574219 0.0013451570352434 0.00194983832855598 0.00384459664433243 0.000127898716240937 0.00235934085013479 0.00116274881490729 0.00300637546608287 0.000886066997377148 0.000548907181068295 0.00136859363234213 0.00198857355375803 0.00082899688055084 0.00126307898043103 0.00158284435898461 0.00255565057282542 0.00152661472634449 -0.000397171089995559 -0.000322075883628063 0.000353668687217875 0.00111812945618781 0.00198719939383118 0.000536403369154703
"ZIZYGO" 0.00317748363271195 0.00680608052762934 0.00400286158542427 0.00464769384222218 0.00272305319883257 0.00190828756906334 0.00531569133282123 0.00223493396709195 0.000727705020511983 0.000962319027135619 0.00243637058915973 0.00354949809435964 6.29754951814231e-05 0.000901657562064129 0.0039019102211058 0.00177966661350009 0.00178116889976564 0.00194337983210366 0.00297033142107614 -0.00815001544861718 0.00411134913931716 0.004427664394113 -0.000117794092001225 0.000886066997377148 0.00995050643219762 0.00333983843621574 0.0049217586459427 0.00440055986715139 0.00204171538155003 0.00193040085255352 0.00155212144659921 -1.64344768466078e-05 0.00410391102937629 0.00104946563610707 -0.00142091018002831 0.000951056244040566 0.00102604367859123 0.00226959646598698 -0.000675997117758106
"ZITSP" 0.00289654216429854 0.0038735623363827 0.00274816809336567 0.0024861429433709 0.00244853571696889 0.00139613307199808 0.00415571391407331 0.000796619131668296 0.000935443316453333 0.00102410795560729 0.0014498366582656 0.00249157221281007 -0.000246296472552532 0.00143000261110069 0.00332810691435413 0.00203758441196399 0.0019776427098455 0.00127359612287416 0.00305425649577782 0.00314511986372775 0.00270466581634802 0.00232709943021065 0.00117395359950381 0.000548907181068295 0.00333983843621574 0.00365379663581365 0.0028094249190652 0.00231417611042947 0.00338278679573612 -5.12813682616862e-05 0.00117026571482443 0.00119289505768209 0.00360091398035135 0.00142718413155589 -3.32888760786496e-05 0.00156740230035068 0.00020977336424052 0.00350987623239819 -0.000214745939468609
"MTPNS" 0.00376606003739959 0.0060626550045637 0.00361510415228573 0.00366750687702098 0.00324127206896233 0.00193305182925882 0.00410330374888055 0.000971065040943079 0.00218329143343049 0.000768342132263259 0.00267649968100592 0.00258921275147017 0.000367414695827312 0.000832993165029352 0.00340349641043285 0.000370783502878343 0.00159981502566377 0.00252801578734878 0.00326564265302774 -0.00338550834740959 0.00424975477945576 0.00438480264864638 0.00301876707771725 0.00136859363234213 0.0049217586459427 0.0028094249190652 0.00815801103060809 0.00385303886626353 0.00421572225056043 0.00363903992079513 0.00272402652065778 0.00299554065090722 0.00429218347049445 0.00205747357943597 -0.00149198966865981 0.00126462290425535 0.00130295260945512 0.00184068776404625 -0.000707267084168301
"PNSAPET" 0.00315015093854307 0.00527725401711791 0.00261731365915995 0.00200968157839115 0.00245716350818241 0.00191250037128574 0.000430588702697132 0.00187509137094095 0.00105108577512847 0.00145819683340373 0.00208645951319635 0.00176679891068513 0.00069374892584795 0.000556892476244309 0.00540385869269762 0.00102576754220624 0.00152287584945052 0.000959042255987654 0.00272636519977981 -0.000571597043780297 0.00356726472156771 0.00436803392808382 -3.60596051119202e-05 0.00198857355375803 0.00440055986715139 0.00231417611042947 0.00385303886626353 0.00865087350494264 0.00132539364850522 0.00247744180249303 0.00207577747624075 0.003470047668349 0.00308549437646602 0.00180342358509655 -0.000674250327706138 0.00218518610516502 0.00122778631079083 0.00298763802488739 -0.00143907475735926
"APETBA" 0.00323329453538855 0.00373323708350814 0.00251534505711954 0.00314676408674852 0.0028238496614201 0.00128689917244822 0.0022199114423353 0.00187422841691277 0.00111243799939122 0.00106475395218247 0.00179343802011287 0.00209661495630763 -0.00061291248277708 0.00146074173745373 0.00362888460041946 0.00151858175201307 0.00229999291683699 0.00111390947821586 0.00349471117814905 0.00588936485669393 0.00259015856182721 0.00345313274906414 0.000661095185665345 0.00082899688055084 0.00204171538155003 0.00338278679573612 0.00421572225056043 0.00132539364850522 0.00662010146432286 -0.000943640397269469 0.00189085410259662 0.00230113186201204 0.00401634596240729 0.00214944069021721 -0.000853843491165174 0.00137727294144323 -0.000297625428084502 0.00390373708384737 -0.000417902809521865
"APETTS" -0.000179056031140603 0.00258929461249865 0.000498368289232695 0.000601425779785563 0.00155484966762306 0.00052392417381379 -0.000372837121024582 -0.000286749106017588 0.00188472043488125 0.000601145068873118 0.0016625890037913 0.000191724353698342 0.00107393632132878 -0.000421405213014967 0.00201362436866814 -0.00129675843108809 -0.000496221052092276 0.00141874399673425 0.000735470081997608 -0.00327268291628473 0.00193726870464362 0.00220557704211251 0.00374265304230193 0.00126307898043103 0.00193040085255352 -5.12813682616862e-05 0.00363903992079513 0.00247744180249303 -0.000943640397269469 0.00803937064379024 0.00178776124069924 0.00204135892236268 0.000638809618839033 0.000826173677688694 -6.05053987393433e-05 0.000731117620852876 0.00207768849347638 0.00101953545377602 0.00176157650898007
"BAEAM" 0.0017961968353878 0.00213683091023801 0.00150570352360779 0.00104436952372273 0.00128527256564854 0.00086672200839995 0.000858986487887634 0.00111837018643515 0.00117469364865552 0.000810249395999645 0.00138501074138803 0.00160987465600633 0.000495319857118895 0.000386564328984448 0.00214130696045313 -0.000331018182857143 0.000538897227752088 0.00140654943057444 0.00153187193025535 0.00290061988761664 0.00121100025942696 0.00253782664143335 0.00106068707367806 0.00158284435898461 0.00155212144659921 0.00117026571482443 0.00272402652065778 0.00207577747624075 0.00189085410259662 0.00178776124069924 0.00257873467634188 0.00252929198082484 0.0018255901870486 0.000679535686003214 -0.000529301761126169 0.00127663580441417 0.00151185038268863 0.00289508087756652 0.000546735349565474
"EAMZYGO" 0.00165275308866822 0.00187777902662381 0.00140807592878497 0.000270165275792672 0.00123455425898335 0.00106558274794349 0.000185097096071649 0.000993282932690392 0.00155378062483487 0.000983651030119798 0.00149114538572382 0.00136343578884483 0.000620291791188386 0.000256567139578011 0.00250704661686584 -0.000526520985678903 0.000829773489660698 0.00214211077401108 0.00279664781985266 0.00743224421719759 0.000905625927873431 0.00287314387280167 0.00186563712220937 0.00255565057282542 -1.64344768466078e-05 0.00119289505768209 0.00299554065090722 0.003470047668349 0.00230113186201204 0.00204135892236268 0.00252929198082484 0.00498033535745661 0.00242331837855523 0.000217394811584895 -0.000147611396132147 0.00112302161639254 0.00216957063556892 0.00333285741273215 0.000409501163768647
"ZYGOTSP" 0.00312803883814819 0.00505718146210405 0.00356312628531164 0.00362379889925529 0.00318736009716476 0.0019499813257074 0.00498475765853764 0.00159152427521182 0.00142570945640336 0.00094423210881332 0.00226243782984595 0.00291229673117096 -0.000325259109460706 0.00133885652775951 0.00338340113497945 0.00156118201804068 0.00203437741482302 0.00222520159664215 0.00435562739207564 0.00182801586731004 0.00304354514020135 0.00338336730584857 0.00130971974719757 0.00152661472634449 0.00410391102937629 0.00360091398035135 0.00429218347049445 0.00308549437646602 0.00401634596240729 0.000638809618839033 0.0018255901870486 0.00242331837855523 0.00498766463799415 0.00155542041292982 -6.01940532345665e-05 0.0015196003055343 0.000763364639640532 0.00365621008470766 -0.000629177566815385
"LDAS" 0.00215347990605116 0.00224589336592777 0.00094460043945825 0.00157702006391624 0.00171841582090643 0.000526791230853059 0.000457819366888345 0.00109223971188243 0.000642916379738592 0.000745017639531675 0.00110139519377097 0.000461336110092212 -2.85929596726057e-05 0.000631233641892916 0.0024122504185038 0.000473457397441425 0.000704842579461381 -0.000287444010999927 0.00098169209904314 -0.000240421108760151 0.00184238852456666 0.00121060113465813 0.000248935309561281 -0.000397171089995559 0.00104946563610707 0.00142718413155589 0.00205747357943597 0.00180342358509655 0.00214944069021721 0.000826173677688694 0.000679535686003214 0.000217394811584895 0.00155542041292982 0.00278242285866735 -0.000507931680535412 0.00231070357804862 -0.000461574869660862 0.00227418540317244 -0.000787141834234096
"BRLD" 0.000499757979243602 -0.0009209100323686 -0.000109104125004863 -0.000665058349719124 -0.000917352874991923 -0.000203827694041742 -0.00137171777909471 -7.56102547048819e-05 -0.000534936005477029 -0.000207682027031518 -9.19080854608739e-05 -0.00121946297737336 -0.000657669964930327 5.77648774322099e-05 -0.000665340967967436 0.000711904250725327 0.000123430557151967 0.000180308731135325 0.000452122677005707 0.0061684584671462 -0.000609973751096233 -0.00104886807889766 -0.000588066127520781 -0.000322075883628063 -0.00142091018002831 -3.32888760786496e-05 -0.00149198966865981 -0.000674250327706138 -0.000853843491165174 -6.05053987393433e-05 -0.000529301761126169 -0.000147611396132147 -6.01940532345665e-05 -0.000507931680535412 0.00584057542534958 -0.00260448031814412 3.66875388135195e-05 -0.00149051143561264 -1.12217821922675e-05
"OPILD" 0.00230740137568916 0.00100784750603196 0.00106076695333333 0.00062597741706001 0.00131585801871446 0.00084130283551067 0.000875801747656607 0.00167485916947965 0.00109209140209656 0.00115853907611445 0.0010338894558243 0.00145611139704153 0.000742460123422182 0.000491891477735255 0.00265864347027186 -0.000763810593341123 9.80751382330075e-05 -0.000177981187188928 0.000635344812108237 -0.000981647965266956 0.000565798912684081 0.00102361607341131 0.00079052619360673 0.000353668687217875 0.000951056244040566 0.00156740230035068 0.00126462290425535 0.00218518610516502 0.00137727294144323 0.000731117620852876 0.00127663580441417 0.00112302161639254 0.0015196003055343 0.00231070357804862 -0.00260448031814412 0.0055437989682086 0.000666567640942839 0.00485078912270321 -0.00102714187352473
"PTAS" 0.00084307171469741 0.00069225505850205 0.000806326914677975 -7.93931587356107e-05 0.000356157237377127 0.000460345463818167 0.00034930897398241 0.000712602978960992 0.00114346369751478 0.00065445549638338 0.00100844483438455 0.0010857993945744 0.000700960465945239 -0.000257848762439956 0.000424836165539801 -0.000823193680273281 -3.90794914571714e-05 0.0019915527821139 0.00121247737731316 0.00449930227284483 3.5403844209759e-05 0.0009703579559387 0.00172145426603044 0.00111812945618781 0.00102604367859123 0.00020977336424052 0.00130295260945512 0.00122778631079083 -0.000297625428084502 0.00207768849347638 0.00151185038268863 0.00216957063556892 0.000763364639640532 -0.000461574869660862 3.66875388135195e-05 0.000666567640942839 0.00245630478296427 0.00182272128574217 0.00081691837412645
"JPAS" 0.00394603898652562 0.00300806550576354 0.00215306495410661 0.00163739884097279 0.00294605492138087 0.00165525245895617 0.00155772036204452 0.00383048404450243 0.00189807123381197 0.00253497511060376 0.00228437678566084 0.00351566111788981 0.000779404594101431 0.00158388404079537 0.00501338839698056 0.00040973420320957 0.00130650900164217 0.00120300767516337 0.00290790841073521 0.00993829230067893 0.00114607973157764 0.00316941966548672 0.000683996269141032 0.00198719939383118 0.00226959646598698 0.00350987623239819 0.00184068776404625 0.00298763802488739 0.00390373708384737 0.00101953545377602 0.00289508087756652 0.00333285741273215 0.00365621008470766 0.00227418540317244 -0.00149051143561264 0.00485078912270321 0.00182272128574217 0.0113485729798893 0.00137561872591028
"BAOPI" -0.00137995127093883 -0.000368402126213056 -0.000674469696495838 -0.000656092805913182 0.000104344230215753 -0.000235430253117793 0.000497301507401933 -0.000858311846056725 0.000562578683408899 0.000266199164747799 -8.7093079953214e-05 0.000331176703209647 0.000265533676596652 -3.51032138718354e-05 0.000159045394802495 -6.70654880517151e-05 -0.000229499949778523 0.000558460556359005 -6.36193996204658e-05 0.0027494353398716 -0.000561934822898412 -0.000175783876385321 0.00196480773079304 0.000536403369154703 -0.000675997117758106 -0.000214745939468609 -0.000707267084168301 -0.00143907475735926 -0.000417902809521865 0.00176157650898007 0.000546735349565474 0.000409501163768647 -0.000629177566815385 -0.000787141834234096 -1.12217821922675e-05 -0.00102714187352473 0.00081691837412645 0.00137561872591028 0.00296433252869514
