"" "ISPM" "ISNSL" "ISPNS" "PMZS" "PMZI" "PMMT" "NSLNA" "NSLZS" "NSLZI" "NABR" "NAFM" "NAPNS" "BRPT" "BRAPET" "PTFM" "PTAPET" "PTBA" "PTEAM" "PTZYGO" "PTTSP" "FMZS" "FMMT" "ZSZI" "ZIMT" "ZIZYGO" "ZITSP" "MTPNS" "PNSAPET" "APETBA" "APETTS" "BAEAM" "EAMZYGO" "ZYGOTSP" "LDAS" "BRLD" "OPILD" "PTAS" "JPAS" "BAOPI"
"ISPM" 0.00552902288522412 0.00351290876438958 0.00298616439420326 0.00186791362230494 0.00168801022074867 0.00129874493127898 0.00303402065359725 0.00155735554821268 0.00108673949541586 0.00126191289057522 0.00170595030063633 0.00272601448257882 0.000115516014874342 0.00112731693181437 0.00306088938761941 0.00123289049455188 0.00169398525497935 0.00140297298183821 0.00249546204451256 0.00538957559682922 0.00265289328289791 0.00255307115945539 0.0006622187598616 0.000541722654388914 0.00317748363271194 0.00289654216429854 0.00376606003739959 0.00315015093854307 0.00323329453538854 -0.000179056031140587 0.00179619683538781 0.00165275308866824 0.00312803883814819 0.00215347990605116 0.000499757979243606 0.00230740137568916 0.000843071714697424 0.00394603898652564 -0.00137995127093882
"ISNSL" 0.00351290876438958 0.00796277783341312 0.0042566537043134 0.00488671939916151 0.00432914026040688 0.00226906217275404 0.00529069506171088 0.00183940933564721 0.00197329073035523 0.000878617111040876 0.002871068161604 0.00338916820071341 -0.000256474823266881 0.000999425765820496 0.00490241022822899 0.00180697239627458 0.00218472726858537 0.00216779609840727 0.00410755556948728 -0.00354273334254622 0.00516349024028014 0.00486560173172338 0.00192682937884362 0.00130449729107444 0.00680608052762936 0.00387356233638269 0.0060626550045637 0.00527725401711792 0.00373323708350813 0.00258929461249864 0.00213683091023802 0.00187777902662379 0.00505718146210404 0.00224589336592776 -0.000920910032368618 0.00100784750603195 0.000692255058502047 0.00300806550576351 -0.000368402126213058
"ISPNS" 0.00298616439420326 0.0042566537043134 0.00324514668079288 0.00295807112746026 0.00241306244310315 0.00171850494755783 0.00490587286455136 0.00118049806383368 0.00127140498747084 0.00063724901476386 0.00178643090064958 0.00283093093769304 -0.000119086056364779 0.000979531461199614 0.00234641449272537 0.00129203775674883 0.00156853634781114 0.00197748841469304 0.00310243368205479 0.00101318434979903 0.00255350209580082 0.00271746987951727 0.00128299713674999 0.00123936670061714 0.00400286158542427 0.00274816809336564 0.00361510415228572 0.00261731365915998 0.00251534505711946 0.000498368289232725 0.0015057035236078 0.00140807592878497 0.00356312628531158 0.00094460043945822 -0.000109104125004928 0.00106076695333332 0.000806326914677983 0.00215306495410658 -0.000674469696495826
"PMZS" 0.00186791362230494 0.00488671939916151 0.00295807112746026 0.00471939062777358 0.00335796121636486 0.00173156149756771 0.00362938267201219 0.00285065965545526 0.00115569675782561 0.000552536818758209 0.00221103357688602 0.00210185501128067 -0.000602071412646087 0.00110903024621374 0.00243315506526502 0.00139514535828847 0.00146538597650674 0.00146718396821279 0.00325126579063619 -0.000869344862748082 0.00262714398832741 0.00316532628110068 4.18958465011288e-05 0.000693344889246561 0.00464769384222216 0.00248614294337086 0.00366750687702095 0.00200968157839115 0.00314676408674844 0.000601425779785576 0.00104436952372274 0.000270165275792687 0.00362379889925521 0.00157702006391618 -0.000665058349719199 0.000625977417059981 -7.93931587356267e-05 0.00163739884097277 -0.000656092805913191
"PMZI" 0.00168801022074867 0.00432914026040688 0.00241306244310315 0.00335796121636486 0.00359804903181577 0.00166565764844133 0.00351552665492175 0.00165283349005104 0.00172294021180507 0.000739666242926612 0.00196303172705136 0.00210995887045142 -0.00017876638839726 0.00109202137990229 0.00288425639663144 0.00121835360362902 0.00136888033736101 0.00135273231108244 0.00299717094073416 0.00220881111824864 0.00253997532903624 0.00281739271451299 0.00176522759129222 0.00111587603189573 0.00272305319883259 0.00244853571696886 0.00324127206896232 0.00245716350818243 0.00282384966142001 0.00155484966762309 0.00128527256564855 0.00123455425898333 0.0031873600971647 0.0017184158209064 -0.000917352874991997 0.00131585801871444 0.000356157237377127 0.00294605492138083 0.000104344230215763
"PMMT" 0.00129874493127898 0.00226906217275404 0.00171850494755783 0.00173156149756771 0.00166565764844133 0.00132579274839694 0.00283677305362589 0.000962068886683735 0.000894613481409951 0.000471083810144492 0.00109404818086058 0.00153452721835609 8.35634359891364e-05 0.000687485885500839 0.0016476532217306 0.000638715857685972 0.000783031658387452 0.000910787437473025 0.00175890669162034 0.00042546539991019 0.00101927669341267 0.00164828251877929 0.000873568375627125 0.00122042368109478 0.00190828756906331 0.00139613307199803 0.0019330518292588 0.00191250037128577 0.00128689917244816 0.000523924173813832 0.000866722008399972 0.00106558274794353 0.00194998132570734 0.000526791230853032 -0.000203827694041781 0.000841302835510659 0.000460345463818199 0.0016552524589562 -0.000235430253117773
"NSLNA" 0.00303402065359725 0.00529069506171088 0.00490587286455136 0.00362938267201219 0.00351552665492175 0.00283677305362589 0.0208364372666773 -0.00434068878786816 0.00174618929216198 0.000177149721365079 0.00113422202632752 0.00563181069266676 -8.78207635007676e-05 0.00278850860114866 0.00181477501916173 0.00372144726463014 0.0027206341348561 0.00321664586639959 0.00525073057380558 0.000200221877123917 0.00321237186350961 0.00218331423156409 0.0064572296059032 0.00338639797477806 0.00531569133282125 0.00415571391407327 0.00410330374888052 0.000430588702697192 0.00221991144233528 -0.000372837121024582 0.000858986487887677 0.00018509709607166 0.00498475765853761 0.000457819366888343 -0.00137171777909473 0.000875801747656573 0.000349308973982465 0.00155772036204453 0.000497301507401954
"NSLZS" 0.00155735554821268 0.00183940933564721 0.00118049806383368 0.00285065965545526 0.00165283349005104 0.000962068886683735 -0.00434068878786816 0.00649466439742286 0.00084499107217054 0.000868585758509056 0.00197581916091385 0.000771857489688825 -0.000187725908795224 0.000171191912084671 0.0017053285171194 -0.000763887043489268 4.64154527005993e-05 0.000540715690076834 0.00126891665537825 0.0038291596753185 -0.000262560505450221 0.00237750671212352 -0.00305720720168386 0.000279924107955898 0.0022349339670919 0.000796619131668281 0.000971065040943065 0.00187509137094092 0.00187422841691274 -0.00028674910601758 0.00111837018643513 0.000993282932690413 0.00159152427521179 0.0010922397118824 -7.56102547049069e-05 0.00167485916947964 0.000712602978960956 0.00383048404450244 -0.000858311846056743
"NSLZI" 0.00108673949541586 0.00197329073035523 0.00127140498747084 0.00115569675782561 0.00172294021180507 0.000894613481409951 0.00174618929216198 0.00084499107217054 0.00169982955438449 0.000307091168059454 0.00117094763166795 0.00139207488790855 0.000207184659060439 0.000126592270500952 0.00130507609177873 -0.000347283717856724 0.000256722355233714 0.001305507119657 0.00142824462160514 0.00180961681180623 0.000899093672723542 0.00141887331406986 0.00252884772435565 0.000913684053633128 0.00072770502051198 0.000935443316453314 0.00218329143343048 0.0010510857751285 0.00111243799939119 0.00188472043488129 0.00117469364865553 0.00155378062483489 0.00142570945640334 0.000642916379738593 -0.000534936005477042 0.00109209140209657 0.00114346369751481 0.00189807123381198 0.000562578683408925
"NABR" 0.00126191289057522 0.000878617111040876 0.00063724901476386 0.000552536818758209 0.000739666242926612 0.000471083810144492 0.000177149721365079 0.000868585758509056 0.000307091168059454 0.00109389400132597 0.000776679364712256 0.000720462652071828 0.000344965456202567 0.000593415363360608 0.00152945905182638 0.000572587343284575 0.000701065925818855 0.000584798028008014 0.00117864510401658 0.0047545645828115 0.000624314554958176 0.000934066726955482 -1.02981629833179e-05 0.000430944878614229 0.000962319027135596 0.00102410795560723 0.000768342132263244 0.00145819683340377 0.00106475395218236 0.0006011450688732 0.000810249395999667 0.000983651030119834 0.000944232108813238 0.000745017639531641 -0.000207682027031589 0.00115853907611445 0.000654455496383418 0.00253497511060377 0.000266199164747836
"NAFM" 0.00170595030063633 0.002871068161604 0.00178643090064958 0.00221103357688602 0.00196303172705136 0.00109404818086058 0.00113422202632752 0.00197581916091385 0.00117094763166795 0.000776679364712256 0.00171913163902889 0.00138083131074265 0.000104906748346707 0.000488683866654452 0.00191220624497954 0.000254397980355667 0.000783639454828603 0.00143858974746242 0.00217554923496979 0.00232370153238258 0.00153023197920297 0.00221270232409521 0.000671142073752219 0.000879535141675268 0.00243637058915974 0.00144983665826558 0.00267649968100592 0.00208645951319635 0.00179343802011282 0.00166258900379131 0.00138501074138803 0.00149114538572381 0.00226243782984592 0.00110139519377095 -9.19080854609145e-05 0.00103388945582429 0.00100844483438453 0.00228437678566081 -8.70930799532157e-05
"NAPNS" 0.00272601448257882 0.00338916820071341 0.00283093093769304 0.00210185501128067 0.00210995887045142 0.00153452721835609 0.00563181069266676 0.000771857489688825 0.00139207488790855 0.000720462652071828 0.00138083131074265 0.00362961606609627 0.000208691789846048 0.00106949910070345 0.00202960721698148 0.00123323761592374 0.00139206268912038 0.00199566647037117 0.00258875573613742 0.0026028458622449 0.00173415001445632 0.00245304511607522 0.00170566881102457 0.0017256461158508 0.00354949809435964 0.00249157221281005 0.00258921275147016 0.00176679891068517 0.00209661495630762 0.000191724353698375 0.00160987465600635 0.00136343578884486 0.00291229673117095 0.000461336110092227 -0.00121946297737335 0.00145611139704153 0.00108579939457446 0.00351566111788985 0.000331176703209682
"BRPT" 0.000115516014874342 -0.000256474823266881 -0.000119086056364779 -0.000602071412646087 -0.00017876638839726 8.35634359891364e-05 -8.78207635007676e-05 -0.000187725908795224 0.000207184659060439 0.000344965456202567 0.000104906748346707 0.000208691789846048 0.000631196210988547 -2.05636614326993e-05 0.00010294325424081 -0.00042475568896212 -0.000194657050321316 0.000240529462363333 -0.00029506787334616 0.000354949608777536 -0.000172330731226806 0.000104431942725172 0.000399827690737443 0.000479630858128413 6.29754951814278e-05 -0.000246296472552531 0.000367414695827318 0.00069374892584797 -0.000612912482777071 0.0010739363213288 0.000495319857118905 0.000620291791188394 -0.000325259109460696 -2.85929596725874e-05 -0.000657669964930311 0.00074246012342219 0.000700960465945268 0.000779404594101447 0.000265533676596671
"BRAPET" 0.00112731693181437 0.000999425765820496 0.000979531461199614 0.00110903024621374 0.00109202137990229 0.000687485885500839 0.00278850860114866 0.000171191912084671 0.000126592270500952 0.000593415363360608 0.000488683866654452 0.00106949910070345 -2.05636614326993e-05 0.00128362790747359 0.00106296640602287 0.00146469141044163 0.00103317931575147 0.000452322742682187 0.0014711667668139 0.00437393628793774 0.000666172491862201 0.000945293144305799 2.72886643264925e-05 0.000705383291020598 0.000901657562064103 0.00143000261110064 0.000832993165029329 0.000556892476244341 0.00146074173745366 -0.000421405213014918 0.00038656432898447 0.000256567139578054 0.00133885652775945 0.000631233641892889 5.77648774321666e-05 0.000491891477735246 -0.000257848762439924 0.0015838840407954 -3.51032138718125e-05
"PTFM" 0.00306088938761941 0.00490241022822899 0.00234641449272537 0.00243315506526502 0.00288425639663144 0.0016476532217306 0.00181477501916173 0.0017053285171194 0.00130507609177873 0.00152945905182638 0.00191220624497954 0.00202960721698148 0.00010294325424081 0.00106296640602287 0.00641939757255862 0.00128326896948122 0.00167282067675626 0.000237122809581557 0.00272063045155654 -0.000111694648779653 0.00324871990063306 0.0042179936744575 0.00137921411387966 0.00140134605269061 0.00390191022110578 0.00332810691435411 0.00340349641043284 0.00540385869269762 0.00362888460041944 0.00201362436866817 0.00214130696045314 0.00250704661686587 0.00338340113497943 0.00241225041850379 -0.000665340967967446 0.00265864347027186 0.000424836165539809 0.00501338839698058 0.000159045394802501
"PTAPET" 0.00123289049455188 0.00180697239627458 0.00129203775674883 0.00139514535828847 0.00121835360362902 0.000638715857685972 0.00372144726463014 -0.000763887043489268 -0.000347283717856724 0.000572587343284575 0.000254397980355667 0.00123323761592374 -0.00042475568896212 0.00146469141044163 0.00128326896948122 0.00292688147624245 0.00181108310635051 0.000479688674369905 0.00198004143331019 0.00508060140805265 0.00161100468399809 0.000800336441463968 -0.000208280610333258 0.000209390327033055 0.00177966661350011 0.00203758441196398 0.000370783502878337 0.00102576754220625 0.00151858175201302 -0.00129675843108809 -0.000331018182857136 -0.000526520985678928 0.00156118201804065 0.000473457397441402 0.000711904250725277 -0.000763810593341139 -0.000823193680273289 0.000409734203209529 -6.70654880517172e-05
"PTBA" 0.00169398525497935 0.00218472726858537 0.00156853634781114 0.00146538597650674 0.00136888033736101 0.000783031658387452 0.0027206341348561 4.64154527005993e-05 0.000256722355233714 0.000701065925818855 0.000783639454828603 0.00139206268912038 -0.000194657050321316 0.00103317931575147 0.00167282067675626 0.00181108310635051 0.00161277130054725 0.000966029736871277 0.00222803694378931 0.00477614646033287 0.00170386055240479 0.00151171277538362 0.00029666164358407 0.000593191357574222 0.00178116889976563 0.00197764270984547 0.00159981502566376 0.00152287584945053 0.00229999291683694 -0.000496221052092248 0.000538897227752096 0.000829773489660711 0.00203437741482298 0.000704842579461354 0.000123430557151924 9.80751382329994e-05 -3.90794914571679e-05 0.00130650900164217 -0.000229499949778517
"PTEAM" 0.00140297298183821 0.00216779609840727 0.00197748841469304 0.00146718396821279 0.00135273231108244 0.000910787437473025 0.00321664586639959 0.000540715690076834 0.001305507119657 0.000584798028008014 0.00143858974746242 0.00199566647037117 0.000240529462363333 0.000452322742682187 0.000237122809581557 0.000479688674369905 0.000966029736871277 0.00298261354281486 0.00289747279915908 0.00676174500717301 0.0010801494408463 0.00158569766777631 0.00191758791437147 0.0013451570352434 0.00194337983210364 0.00127359612287415 0.00252801578734877 0.000959042255987657 0.00111390947821588 0.00141874399673426 0.00140654943057445 0.00214211077401111 0.00222520159664216 -0.000287444010999918 0.000180308731135348 -0.000177981187188922 0.00199155278211391 0.00120300767516341 0.000558460556359012
"PTZYGO" 0.00249546204451256 0.00410755556948728 0.00310243368205479 0.00325126579063619 0.00299717094073416 0.00175890669162034 0.00525073057380558 0.00126891665537825 0.00142824462160514 0.00117864510401658 0.00217554923496979 0.00258875573613742 -0.00029506787334616 0.0014711667668139 0.00272063045155654 0.00198004143331019 0.00222803694378931 0.00289747279915908 0.00511239793521249 0.00923799314781241 0.00238838896781808 0.00314480694148574 0.00173552851555731 0.00194983832855596 0.00297033142107612 0.0030542564957778 0.00326564265302773 0.00272636519977978 0.00349471117814903 0.00073547008199761 0.00153187193025534 0.00279664781985268 0.00435562739207561 0.000981692099043105 0.000452122677005676 0.000635344812108229 0.00121247737731313 0.00290790841073521 -6.36193996204857e-05
"PTTSP" 0.00538957559682922 -0.00354273334254622 0.00101318434979903 -0.000869344862748082 0.00220881111824864 0.00042546539991019 0.000200221877123917 0.0038291596753185 0.00180961681180623 0.0047545645828115 0.00232370153238258 0.0026028458622449 0.000354949608777536 0.00437393628793774 -0.000111694648779653 0.00508060140805265 0.00477614646033287 0.00676174500717301 0.00923799314781241 0.0814619356346792 -0.00213669876912453 0.001941454548535 0.000320420538464154 0.0038445966443325 -0.0081500154486172 0.00314511986372779 -0.00338550834740953 -0.000571597043780358 0.00588936485669392 -0.00327268291628468 0.00290061988761658 0.00743224421719756 0.00182801586731008 -0.000240421108760146 0.00616845846714621 -0.000981647965266891 0.00449930227284477 0.00993829230067892 0.00274943533987159
"FMZS" 0.00265289328289791 0.00516349024028014 0.00255350209580082 0.00262714398832741 0.00253997532903624 0.00101927669341267 0.00321237186350961 -0.000262560505450221 0.000899093672723542 0.000624314554958176 0.00153023197920297 0.00173415001445632 -0.000172330731226806 0.000666172491862201 0.00324871990063306 0.00161100468399809 0.00170386055240479 0.0010801494408463 0.00238838896781808 -0.00213669876912453 0.00434436460266119 0.00286689958132488 0.00145237815513276 0.000127898716240935 0.00411134913931716 0.00270466581634801 0.00424975477945575 0.00356726472156773 0.00259015856182721 0.00193726870464363 0.00121100025942697 0.000905625927873433 0.00304354514020134 0.00184238852456667 -0.000609973751096235 0.000565798912684076 3.54038442097746e-05 0.00114607973157764 -0.000561934822898403
"FMMT" 0.00255307115945539 0.00486560173172338 0.00271746987951727 0.00316532628110068 0.00281739271451299 0.00164828251877929 0.00218331423156409 0.00237750671212352 0.00141887331406986 0.000934066726955482 0.00221270232409521 0.00245304511607522 0.000104431942725172 0.000945293144305799 0.0042179936744575 0.000800336441463968 0.00151171277538362 0.00158569766777631 0.00314480694148574 0.001941454548535 0.00286689958132488 0.00505795544263848 0.000621139640105102 0.00235934085013481 0.00442766439411301 0.00232709943021065 0.00438480264864639 0.00436803392808383 0.00345313274906412 0.00220557704211252 0.00253782664143335 0.00287314387280166 0.00338336730584856 0.00121060113465814 -0.00104886807889767 0.00102361607341131 0.000970357955938712 0.00316941966548671 -0.000175783876385308
"ZSZI" 0.0006622187598616 0.00192682937884362 0.00128299713674999 4.18958465011288e-05 0.00176522759129222 0.000873568375627125 0.0064572296059032 -0.00305720720168386 0.00252884772435565 -1.02981629833179e-05 0.000671142073752219 0.00170566881102457 0.000399827690737443 2.72886643264925e-05 0.00137921411387966 -0.000208280610333258 0.00029666164358407 0.00191758791437147 0.00173552851555731 0.000320420538464154 0.00145237815513276 0.000621139640105102 0.0074181990475374 0.0011627488149073 -0.000117794092001208 0.00117395359950381 0.00301876707771726 -3.60596051118885e-05 0.000661095185665361 0.00374265304230194 0.00106068707367807 0.00186563712220937 0.00130971974719759 0.000248935309561308 -0.000588066127520758 0.000790526193606734 0.00172145426603048 0.000683996269141046 0.00196480773079307
"ZIMT" 0.000541722654388914 0.00130449729107444 0.00123936670061714 0.000693344889246561 0.00111587603189573 0.00122042368109478 0.00338639797477806 0.000279924107955898 0.000913684053633128 0.000430944878614229 0.000879535141675268 0.0017256461158508 0.000479630858128413 0.000705383291020598 0.00140134605269061 0.000209390327033055 0.000593191357574222 0.0013451570352434 0.00194983832855596 0.0038445966443325 0.000127898716240935 0.00235934085013481 0.0011627488149073 0.0030063754660829 0.000886066997377142 0.000548907181068283 0.00136859363234213 0.00198857355375806 0.000828996880550829 0.00126307898043107 0.00158284435898462 0.00255565057282544 0.00152661472634448 -0.000397171089995547 -0.000322075883628057 0.000353668687217885 0.00111812945618786 0.00198719939383121 0.00053640336915473
"ZIZYGO" 0.00317748363271194 0.00680608052762936 0.00400286158542427 0.00464769384222216 0.00272305319883259 0.00190828756906331 0.00531569133282125 0.0022349339670919 0.00072770502051198 0.000962319027135596 0.00243637058915974 0.00354949809435964 6.29754951814278e-05 0.000901657562064103 0.00390191022110578 0.00177966661350011 0.00178116889976563 0.00194337983210364 0.00297033142107612 -0.0081500154486172 0.00411134913931716 0.00442766439411301 -0.000117794092001208 0.000886066997377142 0.00995050643219763 0.00333983843621572 0.00492175864594269 0.00440055986715141 0.00204171538154999 0.00193040085255353 0.00155212144659922 -1.64344768466103e-05 0.00410391102937626 0.00104946563610706 -0.00142091018002835 0.000951056244040548 0.00102604367859125 0.00226959646598696 -0.000675997117758093
"ZITSP" 0.00289654216429854 0.00387356233638269 0.00274816809336564 0.00248614294337086 0.00244853571696886 0.00139613307199803 0.00415571391407327 0.000796619131668281 0.000935443316453314 0.00102410795560723 0.00144983665826558 0.00249157221281005 -0.000246296472552531 0.00143000261110064 0.00332810691435411 0.00203758441196398 0.00197764270984547 0.00127359612287415 0.0030542564957778 0.00314511986372779 0.00270466581634801 0.00232709943021065 0.00117395359950381 0.000548907181068283 0.00333983843621572 0.00365379663581363 0.00280942491906518 0.00231417611042947 0.00338278679573608 -5.12813682616752e-05 0.00117026571482443 0.00119289505768211 0.0036009139803513 0.00142718413155586 -3.32888760786834e-05 0.00156740230035067 0.00020977336424051 0.0035098762323982 -0.000214745939468615
"MTPNS" 0.00376606003739959 0.0060626550045637 0.00361510415228572 0.00366750687702095 0.00324127206896232 0.0019330518292588 0.00410330374888052 0.000971065040943065 0.00218329143343048 0.000768342132263244 0.00267649968100592 0.00258921275147016 0.000367414695827318 0.000832993165029329 0.00340349641043284 0.000370783502878337 0.00159981502566376 0.00252801578734877 0.00326564265302773 -0.00338550834740953 0.00424975477945575 0.00438480264864639 0.00301876707771726 0.00136859363234213 0.00492175864594269 0.00280942491906518 0.00815801103060808 0.00385303886626354 0.00421572225056041 0.00363903992079515 0.00272402652065779 0.00299554065090724 0.00429218347049443 0.00205747357943596 -0.00149198966865982 0.00126462290425534 0.00130295260945514 0.00184068776404626 -0.000707267084168291
"PNSAPET" 0.00315015093854307 0.00527725401711792 0.00261731365915998 0.00200968157839115 0.00245716350818243 0.00191250037128577 0.000430588702697192 0.00187509137094092 0.0010510857751285 0.00145819683340377 0.00208645951319635 0.00176679891068517 0.00069374892584797 0.000556892476244341 0.00540385869269762 0.00102576754220625 0.00152287584945053 0.000959042255987657 0.00272636519977978 -0.000571597043780358 0.00356726472156773 0.00436803392808383 -3.60596051118885e-05 0.00198857355375806 0.00440055986715141 0.00231417611042947 0.00385303886626354 0.00865087350494268 0.00132539364850519 0.00247744180249306 0.00207577747624076 0.00347004766834898 0.00308549437646601 0.00180342358509657 -0.000674250327706155 0.00218518610516503 0.00122778631079086 0.00298763802488737 -0.00143907475735923
"APETBA" 0.00323329453538854 0.00373323708350813 0.00251534505711946 0.00314676408674844 0.00282384966142001 0.00128689917244816 0.00221991144233528 0.00187422841691274 0.00111243799939119 0.00106475395218236 0.00179343802011282 0.00209661495630762 -0.000612912482777071 0.00146074173745366 0.00362888460041944 0.00151858175201302 0.00229999291683694 0.00111390947821588 0.00349471117814903 0.00588936485669392 0.00259015856182721 0.00345313274906412 0.000661095185665361 0.000828996880550829 0.00204171538154999 0.00338278679573608 0.00421572225056041 0.00132539364850519 0.00662010146432277 -0.000943640397269442 0.00189085410259661 0.00230113186201206 0.00401634596240722 0.00214944069021714 -0.000853843491165255 0.00137727294144322 -0.000297625428084552 0.00390373708384736 -0.000417902809521887
"APETTS" -0.000179056031140587 0.00258929461249864 0.000498368289232725 0.000601425779785576 0.00155484966762309 0.000523924173813832 -0.000372837121024582 -0.00028674910601758 0.00188472043488129 0.0006011450688732 0.00166258900379131 0.000191724353698375 0.0010739363213288 -0.000421405213014918 0.00201362436866817 -0.00129675843108809 -0.000496221052092248 0.00141874399673426 0.00073547008199761 -0.00327268291628468 0.00193726870464363 0.00220557704211252 0.00374265304230194 0.00126307898043107 0.00193040085255353 -5.12813682616752e-05 0.00363903992079515 0.00247744180249306 -0.000943640397269442 0.00803937064379026 0.00178776124069925 0.00204135892236269 0.000638809618839061 0.000826173677688732 -6.05053987393056e-05 0.000731117620852893 0.00207768849347643 0.00101953545377604 0.00176157650898011
"BAEAM" 0.00179619683538781 0.00213683091023802 0.0015057035236078 0.00104436952372274 0.00128527256564855 0.000866722008399972 0.000858986487887677 0.00111837018643513 0.00117469364865553 0.000810249395999667 0.00138501074138803 0.00160987465600635 0.000495319857118905 0.00038656432898447 0.00214130696045314 -0.000331018182857136 0.000538897227752096 0.00140654943057445 0.00153187193025534 0.00290061988761658 0.00121100025942697 0.00253782664143335 0.00106068707367807 0.00158284435898462 0.00155212144659922 0.00117026571482443 0.00272402652065779 0.00207577747624076 0.00189085410259661 0.00178776124069925 0.00257873467634188 0.00252929198082482 0.0018255901870486 0.000679535686003221 -0.000529301761126177 0.00127663580441418 0.00151185038268864 0.0028950808775665 0.000546735349565486
"EAMZYGO" 0.00165275308866824 0.00187777902662379 0.00140807592878497 0.000270165275792687 0.00123455425898333 0.00106558274794353 0.00018509709607166 0.000993282932690413 0.00155378062483489 0.000983651030119834 0.00149114538572381 0.00136343578884486 0.000620291791188394 0.000256567139578054 0.00250704661686587 -0.000526520985678928 0.000829773489660711 0.00214211077401111 0.00279664781985268 0.00743224421719756 0.000905625927873433 0.00287314387280166 0.00186563712220937 0.00255565057282544 -1.64344768466103e-05 0.00119289505768211 0.00299554065090724 0.00347004766834898 0.00230113186201206 0.00204135892236269 0.00252929198082482 0.0049803353574566 0.00242331837855526 0.000217394811584908 -0.00014761139613213 0.00112302161639256 0.00216957063556891 0.00333285741273214 0.000409501163768647
"ZYGOTSP" 0.00312803883814819 0.00505718146210404 0.00356312628531158 0.00362379889925521 0.0031873600971647 0.00194998132570734 0.00498475765853761 0.00159152427521179 0.00142570945640334 0.000944232108813238 0.00226243782984592 0.00291229673117095 -0.000325259109460696 0.00133885652775945 0.00338340113497943 0.00156118201804065 0.00203437741482298 0.00222520159664216 0.00435562739207561 0.00182801586731008 0.00304354514020134 0.00338336730584856 0.00130971974719759 0.00152661472634448 0.00410391102937626 0.0036009139803513 0.00429218347049443 0.00308549437646601 0.00401634596240722 0.000638809618839061 0.0018255901870486 0.00242331837855526 0.00498766463799409 0.00155542041292976 -6.01940532346294e-05 0.00151960030553429 0.000763364639640512 0.00365621008470766 -0.000629177566815392
"LDAS" 0.00215347990605116 0.00224589336592776 0.00094460043945822 0.00157702006391618 0.0017184158209064 0.000526791230853032 0.000457819366888343 0.0010922397118824 0.000642916379738593 0.000745017639531641 0.00110139519377095 0.000461336110092227 -2.85929596725874e-05 0.000631233641892889 0.00241225041850379 0.000473457397441402 0.000704842579461354 -0.000287444010999918 0.000981692099043105 -0.000240421108760146 0.00184238852456667 0.00121060113465814 0.000248935309561308 -0.000397171089995547 0.00104946563610706 0.00142718413155586 0.00205747357943596 0.00180342358509657 0.00214944069021714 0.000826173677688732 0.000679535686003221 0.000217394811584908 0.00155542041292976 0.00278242285866732 -0.000507931680535462 0.00231070357804861 -0.000461574869660857 0.00227418540317244 -0.000787141834234084
"BRLD" 0.000499757979243606 -0.000920910032368618 -0.000109104125004928 -0.000665058349719199 -0.000917352874991997 -0.000203827694041781 -0.00137171777909473 -7.56102547049069e-05 -0.000534936005477042 -0.000207682027031589 -9.19080854609145e-05 -0.00121946297737335 -0.000657669964930311 5.77648774321666e-05 -0.000665340967967446 0.000711904250725277 0.000123430557151924 0.000180308731135348 0.000452122677005676 0.00616845846714621 -0.000609973751096235 -0.00104886807889767 -0.000588066127520758 -0.000322075883628057 -0.00142091018002835 -3.32888760786834e-05 -0.00149198966865982 -0.000674250327706155 -0.000853843491165255 -6.05053987393056e-05 -0.000529301761126177 -0.00014761139613213 -6.01940532346294e-05 -0.000507931680535462 0.00584057542534951 -0.00260448031814412 3.66875388134899e-05 -0.00149051143561264 -1.12217821922745e-05
"OPILD" 0.00230740137568916 0.00100784750603195 0.00106076695333332 0.000625977417059981 0.00131585801871444 0.000841302835510659 0.000875801747656573 0.00167485916947964 0.00109209140209657 0.00115853907611445 0.00103388945582429 0.00145611139704153 0.00074246012342219 0.000491891477735246 0.00265864347027186 -0.000763810593341139 9.80751382329994e-05 -0.000177981187188922 0.000635344812108229 -0.000981647965266891 0.000565798912684076 0.00102361607341131 0.000790526193606734 0.000353668687217885 0.000951056244040548 0.00156740230035067 0.00126462290425534 0.00218518610516503 0.00137727294144322 0.000731117620852893 0.00127663580441418 0.00112302161639256 0.00151960030553429 0.00231070357804861 -0.00260448031814412 0.0055437989682086 0.000666567640942853 0.00485078912270323 -0.00102714187352472
"PTAS" 0.000843071714697424 0.000692255058502047 0.000806326914677983 -7.93931587356267e-05 0.000356157237377127 0.000460345463818199 0.000349308973982465 0.000712602978960956 0.00114346369751481 0.000654455496383418 0.00100844483438453 0.00108579939457446 0.000700960465945268 -0.000257848762439924 0.000424836165539809 -0.000823193680273289 -3.90794914571679e-05 0.00199155278211391 0.00121247737731313 0.00449930227284477 3.54038442097746e-05 0.000970357955938712 0.00172145426603048 0.00111812945618786 0.00102604367859125 0.00020977336424051 0.00130295260945514 0.00122778631079086 -0.000297625428084552 0.00207768849347643 0.00151185038268864 0.00216957063556891 0.000763364639640512 -0.000461574869660857 3.66875388134899e-05 0.000666567640942853 0.0024563047829643 0.00182272128574215 0.000816918374126483
"JPAS" 0.00394603898652564 0.00300806550576351 0.00215306495410658 0.00163739884097277 0.00294605492138083 0.0016552524589562 0.00155772036204453 0.00383048404450244 0.00189807123381198 0.00253497511060377 0.00228437678566081 0.00351566111788985 0.000779404594101447 0.0015838840407954 0.00501338839698058 0.000409734203209529 0.00130650900164217 0.00120300767516341 0.00290790841073521 0.00993829230067892 0.00114607973157764 0.00316941966548671 0.000683996269141046 0.00198719939383121 0.00226959646598696 0.0035098762323982 0.00184068776404626 0.00298763802488737 0.00390373708384736 0.00101953545377604 0.0028950808775665 0.00333285741273214 0.00365621008470766 0.00227418540317244 -0.00149051143561264 0.00485078912270323 0.00182272128574215 0.0113485729798893 0.00137561872591028
"BAOPI" -0.00137995127093882 -0.000368402126213058 -0.000674469696495826 -0.000656092805913191 0.000104344230215763 -0.000235430253117773 0.000497301507401954 -0.000858311846056743 0.000562578683408925 0.000266199164747836 -8.70930799532157e-05 0.000331176703209682 0.000265533676596671 -3.51032138718125e-05 0.000159045394802501 -6.70654880517172e-05 -0.000229499949778517 0.000558460556359012 -6.36193996204857e-05 0.00274943533987159 -0.000561934822898403 -0.000175783876385308 0.00196480773079307 0.00053640336915473 -0.000675997117758093 -0.000214745939468615 -0.000707267084168291 -0.00143907475735923 -0.000417902809521887 0.00176157650898011 0.000546735349565486 0.000409501163768647 -0.000629177566815392 -0.000787141834234084 -1.12217821922745e-05 -0.00102714187352472 0.000816918374126483 0.00137561872591028 0.00296433252869516
