"" "ISPM" "ISNSL" "ISPNS" "PMZS" "PMZI" "PMMT" "NSLNA" "NSLZS" "NSLZI" "NABR" "NAFM" "NAPNS" "BRPT" "BRAPET" "PTFM" "PTAPET" "PTBA" "PTEAM" "PTZYGO" "PTTSP" "FMZS" "FMMT" "ZSZI" "ZIMT" "ZIZYGO" "ZITSP" "MTPNS" "PNSAPET" "APETBA" "APETTS" "BAEAM" "EAMZYGO" "ZYGOTSP" "LDAS" "BRLD" "OPILD" "PTAS" "JPAS" "BAOPI"
"ISPM" 0.00394228880894992 0.00209373423592962 0.00168588550632186 0.00145066134638477 0.000853462675021029 0.000965761632152309 0.00150717556792783 0.00139768467953076 0.000936136775844444 0.00107980418195636 0.000598977792946498 0.00110321033158094 0.000664619236328922 0.000952975268528 0.00158822287497768 0.00114163446623738 0.000659838308663694 0.00102511269939893 0.0013365844180818 0.00399522183711217 0.000886894270522591 0.00166231404949016 0.000500750861303774 0.000797119529073252 0.00066759936674645 0.00169153474884175 0.00101711144065825 0.00210821621504559 0.000217825426501847 0.00047926256480192 0.000915207756842626 0.00115761839863342 0.00148343615848875 0.0010573762855647 -0.000690818286885813 0.00141737145110779 0.000554106721074 0.000597650573026227 0.000108742669031718
"ISNSL" 0.00209373423592962 0.00585894538234684 0.0029868782129829 0.0038218444496928 0.00221778237090895 0.00103060974482494 -0.000401805741527192 0.00200016797631692 0.00150312780844473 0.000739187311187492 0.000816986974552293 0.00201655090046271 9.37802696479458e-05 0.000445327643210593 0.00304819299039489 0.000547007626125198 0.000552126428903005 0.00108776042134613 0.00207711531348092 0.00180980368291258 0.00122537674714221 0.00214919126387811 0.000174737350589061 0.000401006992068872 0.00180517300474837 0.0019925801490901 0.00205989320012926 0.00101201691665047 0.00131217568959082 0.00146009715024617 0.00176626465139674 0.00211074150451856 0.00184335764533568 0.000823570262002391 -0.00044678100453922 0.000273004236196933 0.000698080096468675 0.000707356708085099 0.000920745138081914
"ISPNS" 0.00168588550632186 0.0029868782129829 0.0032918511996671 0.00246064150193731 0.00139861314970135 0.00104343134505394 0.000454796980521737 0.000988388695431569 0.000676471541067523 0.000753127046482384 0.00059335033671083 0.00185825177009425 0.000735244600621338 0.000735404123251535 0.00207351498944109 0.000321917925838764 0.000375828155527197 0.000533099354491218 0.00116701377256435 0.00122277725881979 0.000771351976042098 0.00163808480040472 7.69630774857842e-05 0.00101633280904584 0.00209050593735098 0.00228933458247011 0.00126576540887222 -0.000653263730223997 0.000693154519652556 0.000106121958871874 0.00116911341047527 0.00153756623904237 0.00178121759552626 0.00121410564505532 -0.000363352079405011 0.000928872658439315 0.000525275851117726 0.000408064304626916 0.000877962816032909
"PMZS" 0.00145066134638477 0.0038218444496928 0.00246064150193731 0.00472378429160555 0.00270437430180608 0.00143339346205251 -0.000314275667541835 0.00204449040386945 0.00131648997092128 0.00129596891706256 0.00111487201654577 0.0014507674542627 0.000185672170819673 0.00069441670114065 0.0026395710254303 0.000431374595435994 0.000626892583781768 0.00133516617892868 0.00217423780531913 -0.00025218043071088 0.000698690216000583 0.00197015955643813 0.000210296848826136 0.000739923695860814 0.00131946665223822 0.00273343737708253 0.00180770129559276 0.00159855169052818 0.00196247651769934 0.00241340649325472 0.00164378604646782 0.00275741192600177 0.00259170528659126 0.000761474593954366 -0.000559437525744529 0.000688376456065047 0.00101423879346837 0.00107649569287354 0.000858275232799472
"PMZI" 0.000853462675021029 0.00221778237090895 0.00139861314970135 0.00270437430180608 0.00301230425989713 0.00102649742492919 0.000497469650541602 0.00187032520274564 0.00184636168767993 0.000682097653163321 0.00105421477219335 0.00098384117365318 9.48291429802429e-05 0.000369980396646438 0.00068217379829963 5.77346281801547e-05 0.000382223657150659 0.00111325090206299 0.00101336396024876 -0.000370126299328867 0.000611817487428879 0.000805644141012115 0.00151585011673135 6.20520420799934e-05 0.000265333637410041 0.000923466514114304 0.00113843937252603 0.000946039720930799 0.00130785865998214 0.00122342572106416 0.00105780936773554 0.000728641872396845 0.00105279305051024 0.000255636456741048 0.000119502556031517 0.000234986571767152 0.000666777007567029 0.000718180722346269 0.000533152714048054
"PMMT" 0.000965761632152309 0.00103060974482494 0.00104343134505394 0.00143339346205251 0.00102649742492919 0.00126002187787412 0.000343109960551741 0.000883564950029716 0.000643552027489092 0.000493544508001083 0.000554131126099375 0.000611711721924338 0.000281717597411727 0.000365319487726673 0.000824120171225447 0.000372728764800959 0.000370032981923641 0.000358529970050549 0.000558022098207795 0.00198867323135264 0.000244100805035601 0.000639541525456354 0.000394209037813132 0.000704104764678813 0.000293962645390143 0.000821925459017733 0.000697570389767213 0.000955029298200383 0.000626528171738638 0.000661788046017024 0.000785276344105215 0.000978053763736938 0.000928055720924068 0.000424384386801632 -0.000251931374084336 0.000440677089644502 0.000291211548160674 0.000427788912773898 0.000554507960797003
"NSLNA" 0.00150717556792783 -0.000401805741527192 0.000454796980521737 -0.000314275667541835 0.000497469650541602 0.000343109960551741 0.0216089913382301 -0.000841327288650667 0.000352209019156489 -0.00272242903158394 -0.00160353924866225 0.00154123988831474 -0.000646590625275462 -0.000688556516300346 -0.000262797976790303 -0.000759214265511411 -0.000173687622828559 0.000193213387493435 8.96191676209922e-05 -0.00159062955800963 9.43146650044759e-06 -0.000955609555566791 0.00184000641417884 -0.00097475352534612 -0.00136799036920454 0.0012721316681891 -0.000700645836414136 0.000505914230018335 0.000118920024486137 -0.00154499016215182 -0.00108336259715481 0.000359206566623662 0.000745580883555362 0.00201866209746719 -0.00039026009264332 0.00105340018637703 -0.000456352286502858 -0.00131839466187404 -0.000843532187726783
"NSLZS" 0.00139768467953076 0.00200016797631692 0.000988388695431569 0.00204449040386945 0.00187032520274564 0.000883564950029716 -0.000841327288650667 0.00437698729619846 0.00163026186459859 0.000889589673564788 0.00135672006207476 0.00126888964884477 0.000716556102030945 0.000734709708289956 0.000803170133517099 0.000439190027187186 0.00039425568419516 0.000772523009868528 0.000300464553473156 -0.00104933540848394 -0.000261851011383683 0.00104808342117883 -0.00184840183602631 0.000183178619644475 -0.000695387649535731 0.000883187334510947 0.000806913038930347 0.00135041780471585 0.000652463350582884 0.00140400317378966 0.000876540234938364 0.00124173481101019 0.000381817501740507 0.00100521484114544 0.000479944336425507 0.000493870752383196 0.000511033015109518 0.000645743954498641 0.000860138304136047
"NSLZI" 0.000936136775844444 0.00150312780844473 0.000676471541067523 0.00131648997092128 0.00184636168767993 0.000643552027489092 0.000352209019156489 0.00163026186459859 0.00193882205751951 0.000472112560972065 0.000812443071359733 0.000994263689301687 0.000413044466628855 0.000262314753731109 0.000116474915925227 -0.000100304099500788 0.000363360293188371 0.000885107224938874 0.000247442538928702 6.28099472847216e-05 0.000361385029605373 0.000553649343982809 0.00204791948045397 0.000110398654692933 -3.60408817586312e-05 0.000416770076681583 0.000944937834427883 0.00106506584426001 0.000854953998665759 0.000682461306198768 0.000928126839130354 0.000178870270531277 0.000288070149588775 0.000435090678639095 0.000185483869958629 0.000371336604986 0.000582361400234991 0.000468604019319482 0.000399212978434038
"NABR" 0.00107980418195636 0.000739187311187492 0.000753127046482384 0.00129596891706256 0.000682097653163321 0.000493544508001083 -0.00272242903158394 0.000889589673564788 0.000472112560972065 0.00258868665928927 0.000940909278327924 0.000391743820349454 0.00174312923357851 0.00133392171555086 0.000948099121983375 0.000745532828872799 0.000695466518292237 0.00119260517218455 0.00105753297646928 0.00231835282530011 0.000566741312074527 0.00126454568651213 9.84826931552253e-05 0.000537629173088931 0.00051855572348051 0.00170659445808206 0.000961259942400047 0.00113417360132364 0.000815355258640288 0.000906365283589658 0.000771877209237996 0.00121591391291421 0.00152657790585274 0.000918214401033929 -0.0011800353225512 0.000688740270713116 0.001018107555583 0.000783865100901617 0.000982216118115657
"NAFM" 0.000598977792946498 0.000816986974552293 0.00059335033671083 0.00111487201654577 0.00105421477219335 0.000554131126099375 -0.00160353924866225 0.00135672006207476 0.000812443071359733 0.000940909278327924 0.00133823553997906 0.000531444779031178 0.000593289713451142 0.000542881396789633 5.18442179663634e-05 0.000433923952936848 0.00036661894696304 0.000616336846391629 0.000387439893015035 0.000887479075387226 0.000691314038105763 0.000629287612151298 0.000235807411387 0.000225574919200542 0.00060812413387844 0.00114072525261149 0.000886318611099478 0.000919401447805819 0.000416224193835032 0.000808967328207051 0.00075309427426978 0.000376369681885743 0.000475815097314829 0.000570651569642545 0.00035619915753392 0.000575393597657016 0.00060223705377895 0.00039747512357568 0.000601329020933401
"NAPNS" 0.00110321033158094 0.00201655090046271 0.00185825177009425 0.0014507674542627 0.00098384117365318 0.000611711721924338 0.00154123988831474 0.00126888964884477 0.000994263689301687 0.000391743820349454 0.000531444779031178 0.0023736453480373 0.000513569991192325 0.000477600164486901 0.00136025426965012 0.000281292508660631 0.000429242002498564 0.000826365045335132 0.000711566542213137 0.00303769507396311 0.000477947165163631 0.00129187258772506 0.000465066906287514 0.000642488673393255 0.00129276298922476 0.00125542158648286 0.000852073990987859 -0.000380087809586453 0.000579079101547952 -0.000116723025717433 0.000959815777170609 0.00083548077384646 0.000877303773643933 0.00110182430403541 -0.000263883448928305 0.000594455627025054 0.000501599439892938 0.000124089318415275 0.000831935536138085
"BRPT" 0.000664619236328922 9.37802696479458e-05 0.000735244600621338 0.000185672170819673 9.48291429802429e-05 0.000281717597411727 -0.000646590625275462 0.000716556102030945 0.000413044466628855 0.00174312923357851 0.000593289713451142 0.000513569991192325 0.00405332422324236 0.00161518618740315 -0.00173229505397363 -0.00103044685837946 4.88655481018064e-05 -0.000278778443542603 -0.00252241981181186 -0.00485931030560801 -8.79861799615374e-05 0.000687228972936571 0.000397477501340152 0.000578326685093004 -0.000242163049678151 0.000912153801387227 0.000317859863842287 -6.80049909068912e-05 -6.31974618551691e-05 0.000655980932969417 0.000310658015152402 0.000469949748521172 -0.000394159925928239 0.00175887569335814 -0.000538055855710641 0.000776965588704281 0.00108751730825018 2.1191363080299e-05 0.00104243727552106
"BRAPET" 0.000952975268528 0.000445327643210593 0.000735404123251535 0.00069441670114065 0.000369980396646438 0.000365319487726673 -0.000688556516300346 0.000734709708289956 0.000262314753731109 0.00133392171555086 0.000542881396789633 0.000477600164486901 0.00161518618740315 0.00163179364675834 0.000626234008467409 0.000776378925404 0.00067500368854538 0.000583615522631058 0.000529139751384615 0.00155074318736946 0.000146807937673304 0.000937214287347178 -2.18472251044443e-05 0.000443170218342258 0.000207864118234452 0.00163819542664645 0.0006102624189024 0.000814215498947949 0.00041522213065459 0.000890956981093419 0.000600343294601428 0.000811990604195153 0.00101028340240406 0.000917730904759221 -7.59222534634205e-05 0.00105137300361438 0.00064039844774371 0.000249820618848939 0.000473637233860812
"PTFM" 0.00158822287497768 0.00304819299039489 0.00207351498944109 0.0026395710254303 0.00068217379829963 0.000824120171225447 -0.000262797976790303 0.000803170133517099 0.000116474915925227 0.000948099121983375 5.18442179663634e-05 0.00136025426965012 -0.00173229505397363 0.000626234008467409 0.00921508876347279 0.00185591583547936 0.000292856995194886 -0.000406201381789529 0.00426236131636684 0.0066424924721458 0.000188116081565007 0.00235234944741746 -0.0011079609472699 0.00141729721806382 0.00183646002436506 0.0035135588753289 0.00206143448806963 0.00134862671150566 0.00146341591232658 0.000518621793221019 0.00125173309856882 0.00330696820386647 0.00387249597332722 0.000782917069941799 5.00258732426399e-05 0.00114918155636155 -0.000899707938444254 0.000276936390209337 -9.92238133810928e-05
"PTAPET" 0.00114163446623738 0.000547007626125198 0.000321917925838764 0.000431374595435994 5.77346281801547e-05 0.000372728764800959 -0.000759214265511411 0.000439190027187186 -0.000100304099500788 0.000745532828872799 0.000433923952936848 0.000281292508660631 -0.00103044685837946 0.000776378925404 0.00185591583547936 0.00328232297833749 0.00167102343939303 0.00226705567413216 0.00377045043025669 0.0111977751664062 0.000641683111725075 0.00102224324072259 -0.000458271991340508 0.000353827910158262 0.000629197784410182 0.00130624798721202 0.000518959423320016 0.0020317893350585 -0.000171027080657122 0.000380057626906562 0.000714580754769172 0.000576098461828175 0.00221827583597135 -0.00010470022586286 -0.0004948164792202 0.00135855907423857 0.000447583863994378 0.000480681490931676 2.12891194979995e-05
"PTBA" 0.000659838308663694 0.000552126428903005 0.000375828155527197 0.000626892583781768 0.000382223657150659 0.000370032981923641 -0.000173687622828559 0.00039425568419516 0.000363360293188371 0.000695466518292237 0.00036661894696304 0.000429242002498564 4.88655481018064e-05 0.00067500368854538 0.000292856995194886 0.00167102343939303 0.00153181465844289 0.00198306869337503 0.00198709306041182 0.00564504243976539 0.000520858857925952 0.000846976589944238 0.000526630305100783 0.00028450980668326 0.000700535647108349 0.000910901169981026 0.000576889153579994 0.00158809805428736 0.0007186732327269 0.000557215607580343 0.00102726462019175 0.000403192441636517 0.0015037756755685 -1.29673070775971e-05 -0.000418324577336355 0.000954168961890588 0.000923996560835205 0.00057926366001256 0.000336487882845796
"PTEAM" 0.00102511269939893 0.00108776042134613 0.000533099354491218 0.00133516617892868 0.00111325090206299 0.000358529970050549 0.000193213387493435 0.000772523009868528 0.000885107224938874 0.00119260517218455 0.000616336846391629 0.000826365045335132 -0.000278778443542603 0.000583615522631058 -0.000406201381789529 0.00226705567413216 0.00198306869337503 0.00454279425856831 0.00376460116208904 0.00916623259737432 0.00056283739391016 0.0011828921057406 0.00127275825758056 9.61514875220936e-05 0.00030798727546622 0.00142538315918529 0.000839517164506582 0.00217892986099208 0.000519066547864665 0.000740070608359703 0.00100339356480054 0.000866083202340987 0.00257862357896889 -0.000200157605151259 -0.000877662515808228 0.00112589344840206 0.00206663124875488 0.00124014912062531 0.00036624463544724
"PTZYGO" 0.0013365844180818 0.00207711531348092 0.00116701377256435 0.00217423780531913 0.00101336396024876 0.000558022098207795 8.96191676209922e-05 0.000300464553473156 0.000247442538928702 0.00105753297646928 0.000387439893015035 0.000711566542213137 -0.00252241981181186 0.000529139751384615 0.00426236131636684 0.00377045043025669 0.00198709306041182 0.00376460116208904 0.00816198659341834 0.0150444112136799 0.00105432746831894 0.00181329197421041 0.000294840287222907 0.000497818357575563 0.00177282068366469 0.00297514430750799 0.00118917015902487 0.0019230574440039 0.00129386652846868 0.000918676056639269 0.000840258600609224 0.00147631786419932 0.00543450042039113 -0.000781702263045802 -0.000842713247633235 0.000643151626507629 0.000771447444194869 0.000698880887551012 -7.01836506932885e-05
"PTTSP" 0.00399522183711217 0.00180980368291258 0.00122277725881979 -0.00025218043071088 -0.000370126299328867 0.00198867323135264 -0.00159062955800963 -0.00104933540848394 6.28099472847216e-05 0.00231835282530011 0.000887479075387226 0.00303769507396311 -0.00485931030560801 0.00155074318736946 0.0066424924721458 0.0111977751664062 0.00564504243976539 0.00916623259737432 0.0150444112136799 0.134712784307187 0.00542913188454132 0.00216729077619337 0.00250431001683217 0.000387672113509891 0.00480469453066219 -0.00503253912647248 0.00330488029673003 0.0049154605803254 -0.000372984266528508 0.00103476270409686 0.00315978596473657 -0.000268183728591352 0.000453527071722548 -0.000855552575963895 -0.00119115407583628 0.00234108733180194 0.00207813021830212 0.00266598475766787 0.000575704908415087
"FMZS" 0.000886894270522591 0.00122537674714221 0.000771351976042098 0.000698690216000583 0.000611817487428879 0.000244100805035601 9.43146650044759e-06 -0.000261851011383683 0.000361385029605373 0.000566741312074527 0.000691314038105763 0.000477947165163631 -8.79861799615374e-05 0.000146807937673304 0.000188116081565007 0.000641683111725075 0.000520858857925952 0.00056283739391016 0.00105432746831894 0.00542913188454132 0.00299478100361613 0.0013798029251992 0.000755654504120859 0.000472922596728704 0.00168916857871094 0.000781061804193268 0.00106523960901022 0.000569371508638437 0.000878490119849117 0.000710970957621658 0.000816472433059563 0.000362518327253671 0.00053931603931861 0.000546912008998773 -0.000245055211242351 0.000310707477567135 0.000360817165889459 0.000342400385137358 0.000921738842443489
"FMMT" 0.00166231404949016 0.00214919126387811 0.00163808480040472 0.00197015955643813 0.000805644141012115 0.000639541525456354 -0.000955609555566791 0.00104808342117883 0.000553649343982809 0.00126454568651213 0.000629287612151298 0.00129187258772506 0.000687228972936571 0.000937214287347178 0.00235234944741746 0.00102224324072259 0.000846976589944238 0.0011828921057406 0.00181329197421041 0.00216729077619337 0.0013798029251992 0.00299670803869361 -1.50974814979725e-06 0.00171217010494969 0.0010370623622555 0.00251840760049157 0.00150818174331764 0.00127406598913176 0.000788569971227597 0.001589287776683 0.00124591661670166 0.00200849212657536 0.00207079798680275 0.00084828044694314 -0.000809735938650144 0.00135278198510487 0.000867178937361033 0.00080785592007398 0.000648396090237528
"ZSZI" 0.000500750861303774 0.000174737350589061 7.69630774857842e-05 0.000210296848826136 0.00151585011673135 0.000394209037813132 0.00184000641417884 -0.00184840183602631 0.00204791948045397 9.84826931552253e-05 0.000235807411387 0.000465066906287514 0.000397477501340152 -2.18472251044443e-05 -0.0011079609472699 -0.000458271991340508 0.000526630305100783 0.00127275825758056 0.000294840287222907 0.00250431001683217 0.000755654504120859 -1.50974814979725e-06 0.00704516525420345 -0.000230700972049763 0.000785034815404489 9.38769188824295e-05 0.000915248491503856 0.00111645933327658 0.000818308494599332 -0.000153799544235327 0.000979199472156847 -0.00138311679562178 0.000316395550448773 -0.000133857672622001 -0.000479275454207943 0.000694370043897024 0.000901939656893955 0.000142250391706485 -0.000415384193170267
"ZIMT" 0.000797119529073252 0.000401006992068872 0.00101633280904584 0.000739923695860814 6.20520420799934e-05 0.000704104764678813 -0.00097475352534612 0.000183178619644475 0.000110398654692933 0.000537629173088931 0.000225574919200542 0.000642488673393255 0.000578326685093004 0.000443170218342258 0.00141729721806382 0.000353827910158262 0.00028450980668326 9.61514875220936e-05 0.000497818357575563 0.000387672113509891 0.000472922596728704 0.00171217010494969 -0.000230700972049763 0.00428669592231451 -0.000420290457367261 0.0016271164979971 5.99878420557287e-05 0.000409545539535865 -0.000441926556793063 0.000475478004395451 0.000603886704319318 0.00203585353055019 0.00166887838367309 4.13467645832863e-05 0.000874593183903438 0.000876426374031669 0.000448933366852011 0.000576878470889877 0.000461380782656525
"ZIZYGO" 0.00066759936674645 0.00180517300474837 0.00209050593735098 0.00131946665223822 0.000265333637410041 0.000293962645390143 -0.00136799036920454 -0.000695387649535731 -3.60408817586312e-05 0.00051855572348051 0.00060812413387844 0.00129276298922476 -0.000242163049678151 0.000207864118234452 0.00183646002436506 0.000629197784410182 0.000700535647108349 0.00030798727546622 0.00177282068366469 0.00480469453066219 0.00168916857871094 0.0010370623622555 0.000785034815404489 -0.000420290457367261 0.00768131138959184 0.00105332007330359 0.00149888910000658 -0.000265690768136041 0.00136141195681953 -0.00111668260765256 0.00131592674321817 -0.00208171074600765 0.00146209502191274 0.000939652018480935 -0.000589411071622695 0.00102220195889913 0.000323291071455393 -0.000199898814706178 0.000367401688986975
"ZITSP" 0.00169153474884175 0.0019925801490901 0.00228933458247011 0.00273343737708253 0.000923466514114304 0.000821925459017733 0.0012721316681891 0.000883187334510947 0.000416770076681583 0.00170659445808206 0.00114072525261149 0.00125542158648286 0.000912153801387227 0.00163819542664645 0.0035135588753289 0.00130624798721202 0.000910901169981026 0.00142538315918529 0.00297514430750799 -0.00503253912647248 0.000781061804193268 0.00251840760049157 9.38769188824295e-05 0.0016271164979971 0.00105332007330359 0.00890794046741158 0.00231795622771706 0.00203757881366806 0.00100721869637406 0.00232554147189783 0.00187963894106709 0.00358362560177193 0.00496490113228871 0.00110695883181022 -0.000234914648720942 0.00139580078221311 0.00106759005515347 0.000557904726414978 0.0017382296059127
"MTPNS" 0.00101711144065825 0.00205989320012926 0.00126576540887222 0.00180770129559276 0.00113843937252603 0.000697570389767213 -0.000700645836414136 0.000806913038930347 0.000944937834427883 0.000961259942400047 0.000886318611099478 0.000852073990987859 0.000317859863842287 0.0006102624189024 0.00206143448806963 0.000518959423320016 0.000576889153579994 0.000839517164506582 0.00118917015902487 0.00330488029673003 0.00106523960901022 0.00150818174331764 0.000915248491503856 5.99878420557287e-05 0.00149888910000658 0.00231795622771706 0.00310085646400416 0.0017303977332796 0.00129335917744547 0.00136461734665457 0.00164358717938966 0.00153853602220173 0.0013500478421444 0.000732273207055709 -7.92368952170342e-05 0.000631365848864056 0.000750228877316949 0.000947057200760377 0.000867364651598745
"PNSAPET" 0.00210821621504559 0.00101201691665047 -0.000653263730223997 0.00159855169052818 0.000946039720930799 0.000955029298200383 0.000505914230018335 0.00135041780471585 0.00106506584426001 0.00113417360132364 0.000919401447805819 -0.000380087809586453 -6.80049909068912e-05 0.000814215498947949 0.00134862671150566 0.0020317893350585 0.00158809805428736 0.00217892986099208 0.0019230574440039 0.0049154605803254 0.000569371508638437 0.00127406598913176 0.00111645933327658 0.000409545539535865 -0.000265690768136041 0.00203757881366806 0.0017303977332796 0.00740778704683136 0.000360546731290629 0.00112641692301797 0.00176583087573704 0.00201669615024206 0.00184575155297585 0.000912371777893049 -0.000367891522724885 0.00188070251695691 0.00098028597383235 0.00126847233004811 0.000910854328858486
"APETBA" 0.000217825426501847 0.00131217568959082 0.000693154519652556 0.00196247651769934 0.00130785865998214 0.000626528171738638 0.000118920024486137 0.000652463350582884 0.000854953998665759 0.000815355258640288 0.000416224193835032 0.000579079101547952 -6.31974618551691e-05 0.00041522213065459 0.00146341591232658 -0.000171027080657122 0.0007186732327269 0.000519066547864665 0.00129386652846868 -0.000372984266528508 0.000878490119849117 0.000788569971227597 0.000818308494599332 -0.000441926556793063 0.00136141195681953 0.00100721869637406 0.00129335917744547 0.000360546731290629 0.00352036401223271 0.00145356392704902 0.00119230155874097 0.00094882762083922 0.00144438497653703 -0.000174027976171331 -0.000260616401305734 -0.000505636208034681 0.000579718996052541 0.000501012550875422 0.000193018889156172
"APETTS" 0.00047926256480192 0.00146009715024617 0.000106121958871874 0.00241340649325472 0.00122342572106416 0.000661788046017024 -0.00154499016215182 0.00140400317378966 0.000682461306198768 0.000906365283589658 0.000808967328207051 -0.000116723025717433 0.000655980932969417 0.000890956981093419 0.000518621793221019 0.000380057626906562 0.000557215607580343 0.000740070608359703 0.000918676056639269 0.00103476270409686 0.000710970957621658 0.001589287776683 -0.000153799544235327 0.000475478004395451 -0.00111668260765256 0.00232554147189783 0.00136461734665457 0.00112641692301797 0.00145356392704902 0.00696863482222142 0.00120306828612761 0.00182610212591398 0.000673873077012581 -0.000606553700191795 -3.02565853480016e-05 -0.000100516474350622 0.000936045935529922 0.000824622394726236 4.58825759782719e-05
"BAEAM" 0.000915207756842626 0.00176626465139674 0.00116911341047527 0.00164378604646782 0.00105780936773554 0.000785276344105215 -0.00108336259715481 0.000876540234938364 0.000928126839130354 0.000771877209237996 0.00075309427426978 0.000959815777170609 0.000310658015152402 0.000600343294601428 0.00125173309856882 0.000714580754769172 0.00102726462019175 0.00100339356480054 0.000840258600609224 0.00315978596473657 0.000816472433059563 0.00124591661670166 0.000979199472156847 0.000603886704319318 0.00131592674321817 0.00187963894106709 0.00164358717938966 0.00176583087573704 0.00119230155874097 0.00120306828612761 0.00258037993111946 0.000924764647280246 0.00122090915297006 0.000598082395405403 -0.000441132200768498 0.000682271540775515 0.000884265762848648 0.000783562093541198 0.00155999120717594
"EAMZYGO" 0.00115761839863342 0.00211074150451856 0.00153756623904237 0.00275741192600177 0.000728641872396845 0.000978053763736938 0.000359206566623662 0.00124173481101019 0.000178870270531277 0.00121591391291421 0.000376369681885743 0.00083548077384646 0.000469949748521172 0.000811990604195153 0.00330696820386647 0.000576098461828175 0.000403192441636517 0.000866083202340987 0.00147631786419932 -0.000268183728591352 0.000362518327253671 0.00200849212657536 -0.00138311679562178 0.00203585353055019 -0.00208171074600765 0.00358362560177193 0.00153853602220173 0.00201669615024206 0.00094882762083922 0.00182610212591398 0.000924764647280246 0.00588751817175736 0.00285712797688515 0.00102298489217591 -0.000260591367152101 0.000653778249083839 0.000642978659271925 0.00141447722091143 0.00120874090241988
"ZYGOTSP" 0.00148343615848875 0.00184335764533568 0.00178121759552626 0.00259170528659126 0.00105279305051024 0.000928055720924068 0.000745580883555362 0.000381817501740507 0.000288070149588775 0.00152657790585274 0.000475815097314829 0.000877303773643933 -0.000394159925928239 0.00101028340240406 0.00387249597332722 0.00221827583597135 0.0015037756755685 0.00257862357896889 0.00543450042039113 0.000453527071722548 0.00053931603931861 0.00207079798680275 0.000316395550448773 0.00166887838367309 0.00146209502191274 0.00496490113228871 0.0013500478421444 0.00184575155297585 0.00144438497653703 0.000673873077012581 0.00122090915297006 0.00285712797688515 0.00688291869781219 -0.00020451513332545 -0.000854588406345577 0.000477994465222563 0.00107527866022428 0.000671176455433084 0.000992864448461088
"LDAS" 0.0010573762855647 0.000823570262002391 0.00121410564505532 0.000761474593954366 0.000255636456741048 0.000424384386801632 0.00201866209746719 0.00100521484114544 0.000435090678639095 0.000918214401033929 0.000570651569642545 0.00110182430403541 0.00175887569335814 0.000917730904759221 0.000782917069941799 -0.00010470022586286 -1.29673070775971e-05 -0.000200157605151259 -0.000781702263045802 -0.000855552575963895 0.000546912008998773 0.00084828044694314 -0.000133857672622001 4.13467645832863e-05 0.000939652018480935 0.00110695883181022 0.000732273207055709 0.000912371777893049 -0.000174027976171331 -0.000606553700191795 0.000598082395405403 0.00102298489217591 -0.00020451513332545 0.00462976809488352 -0.00148737209678952 0.00290982454300366 6.73973114779481e-05 -0.000400757795785715 0.00131074979607785
"BRLD" -0.000690818286885813 -0.00044678100453922 -0.000363352079405011 -0.000559437525744529 0.000119502556031517 -0.000251931374084336 -0.00039026009264332 0.000479944336425507 0.000185483869958629 -0.0011800353225512 0.00035619915753392 -0.000263883448928305 -0.000538055855710641 -7.59222534634205e-05 5.00258732426399e-05 -0.0004948164792202 -0.000418324577336355 -0.000877662515808228 -0.000842713247633235 -0.00119115407583628 -0.000245055211242351 -0.000809735938650144 -0.000479275454207943 0.000874593183903438 -0.000589411071622695 -0.000234914648720942 -7.92368952170342e-05 -0.000367891522724885 -0.000260616401305734 -3.02565853480016e-05 -0.000441132200768498 -0.000260591367152101 -0.000854588406345577 -0.00148737209678952 0.00602104244525201 -0.00108017108396859 6.43353153630371e-05 -0.000145497305666597 -0.000850975137577883
"OPILD" 0.00141737145110779 0.000273004236196933 0.000928872658439315 0.000688376456065047 0.000234986571767152 0.000440677089644502 0.00105340018637703 0.000493870752383196 0.000371336604986 0.000688740270713116 0.000575393597657016 0.000594455627025054 0.000776965588704281 0.00105137300361438 0.00114918155636155 0.00135855907423857 0.000954168961890588 0.00112589344840206 0.000643151626507629 0.00234108733180194 0.000310707477567135 0.00135278198510487 0.000694370043897024 0.000876426374031669 0.00102220195889913 0.00139580078221311 0.000631365848864056 0.00188070251695691 -0.000505636208034681 -0.000100516474350622 0.000682271540775515 0.000653778249083839 0.000477994465222563 0.00290982454300366 -0.00108017108396859 0.00559247857362084 0.000746321401679485 0.00070404085529286 -0.000881784773345853
"PTAS" 0.000554106721074 0.000698080096468675 0.000525275851117726 0.00101423879346837 0.000666777007567029 0.000291211548160674 -0.000456352286502858 0.000511033015109518 0.000582361400234991 0.001018107555583 0.00060223705377895 0.000501599439892938 0.00108751730825018 0.00064039844774371 -0.000899707938444254 0.000447583863994378 0.000923996560835205 0.00206663124875488 0.000771447444194869 0.00207813021830212 0.000360817165889459 0.000867178937361033 0.000901939656893955 0.000448933366852011 0.000323291071455393 0.00106759005515347 0.000750228877316949 0.00098028597383235 0.000579718996052541 0.000936045935529922 0.000884265762848648 0.000642978659271925 0.00107527866022428 6.73973114779481e-05 6.43353153630371e-05 0.000746321401679485 0.00191549868153555 0.00104843949781409 0.000509580810313533
"JPAS" 0.000597650573026227 0.000707356708085099 0.000408064304626916 0.00107649569287354 0.000718180722346269 0.000427788912773898 -0.00131839466187404 0.000645743954498641 0.000468604019319482 0.000783865100901617 0.00039747512357568 0.000124089318415275 2.1191363080299e-05 0.000249820618848939 0.000276936390209337 0.000480681490931676 0.00057926366001256 0.00124014912062531 0.000698880887551012 0.00266598475766787 0.000342400385137358 0.00080785592007398 0.000142250391706485 0.000576878470889877 -0.000199898814706178 0.000557904726414978 0.000947057200760377 0.00126847233004811 0.000501012550875422 0.000824622394726236 0.000783562093541198 0.00141447722091143 0.000671176455433084 -0.000400757795785715 -0.000145497305666597 0.00070404085529286 0.00104843949781409 0.00241345159745912 0.000873996387711234
"BAOPI" 0.000108742669031718 0.000920745138081914 0.000877962816032909 0.000858275232799472 0.000533152714048054 0.000554507960797003 -0.000843532187726783 0.000860138304136047 0.000399212978434038 0.000982216118115657 0.000601329020933401 0.000831935536138085 0.00104243727552106 0.000473637233860812 -9.92238133810928e-05 2.12891194979995e-05 0.000336487882845796 0.00036624463544724 -7.01836506932885e-05 0.000575704908415087 0.000921738842443489 0.000648396090237528 -0.000415384193170267 0.000461380782656525 0.000367401688986975 0.0017382296059127 0.000867364651598745 0.000910854328858486 0.000193018889156172 4.58825759782719e-05 0.00155999120717594 0.00120874090241988 0.000992864448461088 0.00131074979607785 -0.000850975137577883 -0.000881784773345853 0.000509580810313533 0.000873996387711234 0.00475538243904594
